0.999992 -0.002233 -0.003184 -0.004346 0.002224 0.999993 -0.002871 -0.000091 0.003190 0.002864 0.999991 0.630942
0.999969 -0.003479 -0.007091 -0.018350 0.003469 0.999993 -0.001319 0.002126 0.007095 0.001295 0.999974 1.280106
0.999926 -0.004565 -0.011254 -0.033304 0.004552 0.999989 -0.001178 0.003130 0.011259 0.001127 0.999936 1.937195
0.999852 -0.004719 -0.016515 -0.056049 0.004729 0.999989 0.000534 0.004955 0.016512 -0.000612 0.999863 2.624813
0.999761 -0.004785 -0.021334 -0.078669 0.004774 0.999988 -0.000564 0.007675 0.021337 0.000462 0.999772 3.336714
0.999644 -0.005323 -0.026126 -0.108916 0.005363 0.999984 0.001472 0.009647 0.026118 -0.001611 0.999658 4.040071
0.999492 -0.004995 -0.031487 -0.144876 0.005122 0.999979 0.003969 0.014897 0.031466 -0.004128 0.999496 4.764483
0.999352 -0.002824 -0.035884 -0.179562 0.002971 0.999987 0.004042 0.023004 0.035872 -0.004146 0.999348 5.498951
0.999185 -0.000134 -0.040370 -0.218174 0.000287 0.999993 0.003779 0.031920 0.040370 -0.003787 0.999178 6.257194
0.999030 0.002472 -0.043957 -0.260735 -0.002306 0.999990 0.003845 0.038842 0.043966 -0.003740 0.999026 7.046821
0.998909 0.002244 -0.046655 -0.307874 -0.001975 0.999981 0.005818 0.048513 0.046667 -0.005720 0.998894 7.859435
0.998794 0.002350 -0.049039 -0.354729 -0.002072 0.999981 0.005721 0.058844 0.049052 -0.005613 0.998781 8.693941
0.998698 0.001805 -0.050991 -0.400147 -0.001618 0.999992 0.003705 0.068563 0.050997 -0.003618 0.998692 9.528306
0.998575 0.003120 -0.053278 -0.450915 -0.002910 0.999988 0.004022 0.072919 0.053290 -0.003862 0.998572 10.358204
0.998494 0.003121 -0.054777 -0.502239 -0.002977 0.999992 0.002709 0.075993 0.054786 -0.002542 0.998495 11.218798
0.998398 0.001360 -0.056558 -0.558624 -0.001070 0.999986 0.005147 0.081369 0.056564 -0.005079 0.998386 12.037848
0.998300 -0.000846 -0.058284 -0.613896 0.001140 0.999987 0.005017 0.090599 0.058279 -0.005075 0.998287 12.874336
0.998208 -0.001725 -0.059812 -0.675151 0.002241 0.999961 0.008572 0.103896 0.059794 -0.008691 0.998173 13.709789
0.998161 -0.001074 -0.060618 -0.730591 0.001595 0.999962 0.008554 0.116238 0.060606 -0.008635 0.998124 14.538822
0.998083 0.000366 -0.061882 -0.785729 0.000061 0.999976 0.006894 0.126741 0.061883 -0.006885 0.998060 15.381425
0.998008 0.001957 -0.063063 -0.843527 -0.001532 0.999976 0.006792 0.137080 0.063075 -0.006682 0.997987 16.222233
0.997948 0.002038 -0.063993 -0.900541 -0.001686 0.999983 0.005548 0.147770 0.064003 -0.005429 0.997935 17.067944
0.997843 0.001499 -0.065637 -0.960712 -0.001158 0.999986 0.005228 0.160332 0.065644 -0.005140 0.997830 17.913006
0.997767 0.000853 -0.066784 -1.022325 -0.000605 0.999993 0.003734 0.175808 0.066786 -0.003685 0.997761 18.800272
0.997721 0.002774 -0.067421 -1.084465 -0.002567 0.999992 0.003155 0.188829 0.067429 -0.002974 0.997720 19.674247
0.997678 0.006529 -0.067802 -1.149406 -0.006359 0.999976 0.002726 0.197311 0.067818 -0.002288 0.997695 20.572999
0.997675 0.010551 -0.067333 -1.211777 -0.010395 0.999942 0.002670 0.199943 0.067357 -0.001964 0.997727 21.451406
0.997722 0.013396 -0.066120 -1.274115 -0.013319 0.999910 0.001605 0.202063 0.066135 -0.000720 0.997810 22.369589
0.997797 0.014366 -0.064760 -1.339007 -0.014286 0.999896 0.001699 0.201180 0.064778 -0.000770 0.997899 23.328592
0.997913 0.011718 -0.063500 -1.399634 -0.011605 0.999930 0.002150 0.201270 0.063521 -0.001409 0.997980 24.229666
0.998020 0.007181 -0.062481 -1.461612 -0.006977 0.999970 0.003485 0.208882 0.062504 -0.003042 0.998040 25.154563
0.998108 0.004451 -0.061316 -1.519504 -0.004314 0.999988 0.002367 0.214938 0.061326 -0.002098 0.998116 26.085606
0.998145 0.005176 -0.060662 -1.576058 -0.005184 0.999986 0.000024 0.226107 0.060661 0.000290 0.998158 27.035618
0.998065 0.010560 -0.061271 -1.636891 -0.010697 0.999941 -0.001905 0.228219 0.061248 0.002556 0.998119 27.996391
0.997965 0.013778 -0.062256 -1.697965 -0.014117 0.999888 -0.005003 0.228419 0.062180 0.005871 0.998048 28.984059
0.997875 0.012380 -0.063966 -1.758004 -0.013144 0.999847 -0.011538 0.219287 0.063813 0.012354 0.997885 30.007811
0.997800 0.008542 -0.065744 -1.827459 -0.009440 0.999866 -0.013364 0.205383 0.065622 0.013955 0.997747 31.035593
0.997699 0.005146 -0.067611 -1.899062 -0.006070 0.999891 -0.013472 0.196427 0.067534 0.013851 0.997621 32.010607
0.997554 0.004899 -0.069724 -1.975424 -0.005715 0.999917 -0.011507 0.187892 0.069662 0.011877 0.997500 32.973692
0.997457 0.006429 -0.070988 -2.049225 -0.007283 0.999904 -0.011782 0.180575 0.070905 0.012269 0.997408 33.943196
0.997312 0.009590 -0.072644 -2.128864 -0.010224 0.999913 -0.008365 0.174284 0.072557 0.009085 0.997323 34.883345
0.997193 0.010788 -0.074090 -2.203374 -0.011435 0.999900 -0.008312 0.170032 0.073993 0.009136 0.997217 35.814372
0.997043 0.013626 -0.075635 -2.283412 -0.014272 0.999866 -0.008005 0.164267 0.075515 0.009061 0.997104 36.793595
0.996967 0.016773 -0.075992 -2.363172 -0.017459 0.999813 -0.008370 0.152863 0.075837 0.009672 0.997073 37.778829
0.996828 0.019520 -0.077155 -2.451327 -0.019888 0.999794 -0.004001 0.143917 0.077061 0.005522 0.997011 38.760183
0.996770 0.019316 -0.077952 -2.530417 -0.019681 0.999799 -0.003924 0.133278 0.077861 0.005446 0.996950 39.712198
0.996791 0.018000 -0.078001 -2.608783 -0.018301 0.999828 -0.003152 0.121915 0.077931 0.004570 0.996948 40.647264
0.996805 0.016212 -0.078210 -2.692830 -0.016346 0.999866 -0.001069 0.110603 0.078182 0.002344 0.996937 41.614579
0.996724 0.016252 -0.079227 -2.775314 -0.016346 0.999866 -0.000536 0.105187 0.079208 0.001829 0.996857 42.575069
0.996631 0.017311 -0.080168 -2.856566 -0.017496 0.999846 -0.001608 0.098627 0.080127 0.003005 0.996780 43.537363
0.996522 0.018676 -0.081208 -2.941124 -0.018769 0.999824 -0.000389 0.090602 0.081186 0.001912 0.996697 44.492005
0.996539 0.015649 -0.081640 -3.030354 -0.015540 0.999877 0.001970 0.082488 0.081661 -0.000694 0.996660 45.478429
0.996524 0.011748 -0.082471 -3.115863 -0.011581 0.999930 0.002494 0.083842 0.082494 -0.001530 0.996591 46.440889
0.996510 0.010815 -0.082775 -3.206606 -0.010570 0.999938 0.003402 0.087793 0.082807 -0.002515 0.996563 47.461956
0.996416 0.014248 -0.083385 -3.290041 -0.014083 0.999898 0.002565 0.091079 0.083413 -0.001381 0.996514 48.416969
0.996341 0.016958 -0.083771 -3.369634 -0.016936 0.999856 0.000974 0.092375 0.083776 0.000449 0.996485 49.338715
0.996302 0.017416 -0.084140 -3.454753 -0.017476 0.999847 0.000028 0.091804 0.084128 0.001443 0.996454 50.312018
0.996296 0.015811 -0.084524 -3.534876 -0.016118 0.999866 -0.002951 0.087979 0.084466 0.004302 0.996417 51.257261
0.996284 0.013981 -0.084988 -3.614013 -0.014496 0.999880 -0.005444 0.081688 0.084902 0.006655 0.996367 52.175099
0.996192 0.014813 -0.085920 -3.695736 -0.015398 0.999863 -0.006155 0.075667 0.085817 0.007455 0.996283 53.080226
0.996021 0.018649 -0.087150 -3.779925 -0.019373 0.999785 -0.007470 0.066417 0.086992 0.009129 0.996167 54.010799
0.995828 0.024009 -0.088034 -3.869248 -0.024636 0.999678 -0.006045 0.055262 0.087860 0.008189 0.996099 54.934012
0.995685 0.026950 -0.088798 -3.959619 -0.027418 0.999616 -0.004054 0.039482 0.088655 0.006471 0.996042 55.850743
0.995637 0.023509 -0.090299 -4.056810 -0.023851 0.999712 -0.002709 0.020574 0.090209 0.004851 0.995911 56.832537
0.995672 0.016230 -0.091515 -4.156354 -0.016447 0.999864 -0.001610 0.005033 0.091476 0.003108 0.995803 57.833930
0.995696 0.011672 -0.091945 -4.243529 -0.011830 0.999929 -0.001169 0.000891 0.091925 0.002252 0.995764 58.723206
0.995567 0.013171 -0.093128 -4.335151 -0.012852 0.999909 0.004032 0.003182 0.093172 -0.002817 0.995646 59.563452
0.995443 0.015735 -0.094050 -4.422413 -0.015145 0.999861 0.006976 0.006948 0.094147 -0.005520 0.995543 60.384906
0.995315 0.017571 -0.095077 -4.508087 -0.016783 0.999818 0.009077 0.008420 0.095219 -0.007439 0.995429 61.190995
0.995226 0.017291 -0.096054 -4.591325 -0.016467 0.999821 0.009363 0.011852 0.096198 -0.007736 0.995332 61.997448
0.995068 0.018212 -0.097505 -4.677915 -0.017196 0.999789 0.011256 0.018921 0.097689 -0.009524 0.995171 62.799904
0.994962 0.018789 -0.098476 -4.761971 -0.017672 0.999770 0.012194 0.024656 0.098683 -0.010393 0.995065 63.583434
0.994849 0.018984 -0.099573 -4.844211 -0.017913 0.999772 0.011640 0.030817 0.099772 -0.009796 0.994962 64.361422
0.994749 0.019683 -0.100431 -4.924824 -0.018643 0.999763 0.011283 0.037235 0.100629 -0.009351 0.994880 65.114235
0.994572 0.022594 -0.101564 -5.011762 -0.021246 0.999671 0.014340 0.044153 0.101854 -0.012104 0.994726 65.873137
0.994404 0.026604 -0.102239 -5.095999 -0.025122 0.999560 0.015747 0.051277 0.102612 -0.013091 0.994635 66.629751
0.994230 0.028580 -0.103392 -5.180869 -0.026885 0.999481 0.017756 0.054197 0.103845 -0.014874 0.994482 67.365390
0.994235 0.024861 -0.104298 -5.276499 -0.022666 0.999497 0.022175 0.060250 0.104797 -0.019683 0.994299 68.161284
0.994299 0.017625 -0.105160 -5.362721 -0.015245 0.999610 0.023392 0.064451 0.105531 -0.021655 0.994180 68.910704
0.994281 0.011348 -0.106188 -5.444111 -0.008862 0.999676 0.023855 0.076795 0.106425 -0.022777 0.994060 69.624364
0.994284 0.010181 -0.106279 -5.520063 -0.007617 0.999671 0.024500 0.096350 0.106494 -0.023550 0.994035 70.291590
0.994196 0.013992 -0.106674 -5.595603 -0.011206 0.999581 0.026676 0.109903 0.107003 -0.025326 0.993936 70.929228
0.994019 0.016019 -0.108025 -5.666019 -0.013247 0.999566 0.026325 0.120691 0.108399 -0.024737 0.993800 71.540369
0.993977 0.012634 -0.108860 -5.734752 -0.010062 0.999658 0.024148 0.132211 0.109128 -0.022907 0.993764 72.167025
0.994096 0.007121 -0.108274 -5.790357 -0.005360 0.999849 0.016545 0.137705 0.108376 -0.015867 0.993984 72.764498
0.994304 0.002314 -0.106552 -5.842866 -0.000862 0.999906 0.013671 0.147644 0.106574 -0.013501 0.994213 73.291117
0.994691 0.002429 -0.102879 -5.896860 -0.000709 0.999859 0.016751 0.159385 0.102905 -0.016589 0.994553 73.776522
0.995141 0.005937 -0.098285 -5.950888 -0.003720 0.999735 0.022727 0.174414 0.098394 -0.022251 0.994899 74.256767
0.995592 0.008762 -0.093376 -5.988338 -0.006837 0.999758 0.020913 0.191266 0.093537 -0.020182 0.995411 74.717782
0.996089 0.012604 -0.087453 -6.018450 -0.011156 0.999793 0.017036 0.204266 0.087650 -0.015993 0.996023 75.177974
0.996694 0.015747 -0.079707 -6.044106 -0.014826 0.999816 0.012136 0.209603 0.079883 -0.010914 0.996745 75.666031
0.997487 0.015668 -0.069090 -6.070987 -0.014622 0.999771 0.015618 0.209431 0.069319 -0.014568 0.997488 76.102427
0.998418 0.015026 -0.054192 -6.087985 -0.013930 0.999692 0.020537 0.212293 0.054484 -0.019750 0.998319 76.513472
0.999251 0.015465 -0.035484 -6.096078 -0.014516 0.999534 0.026861 0.216772 0.035883 -0.026325 0.999009 76.912089
0.999794 0.015951 -0.012537 -6.077800 -0.015627 0.999551 0.025548 0.225933 0.012939 -0.025347 0.999595 77.325545
0.999773 0.017053 0.012769 -6.043875 -0.017333 0.999605 0.022131 0.233858 -0.012386 -0.022347 0.999674 77.731396
0.998953 0.018974 0.041630 -6.000935 -0.019887 0.999568 0.021640 0.238454 -0.041201 -0.022445 0.998899 78.112010
0.997044 0.020528 0.074047 -5.939831 -0.022078 0.999552 0.020184 0.243034 -0.073600 -0.021759 0.997051 78.490065
0.993668 0.021431 0.110294 -5.858709 -0.023653 0.999542 0.018881 0.245857 -0.109839 -0.021370 0.993720 78.883472
0.988191 0.021811 0.151669 -5.749695 -0.024729 0.999543 0.017380 0.249570 -0.151221 -0.020925 0.988279 79.309399
0.980091 0.022792 0.197239 -5.623467 -0.026114 0.999557 0.014256 0.248047 -0.196826 -0.019123 0.980252 79.687234
0.968940 0.021961 0.246318 -5.465918 -0.026218 0.999558 0.014014 0.242765 -0.245901 -0.020036 0.969088 80.107787
0.954283 0.020638 0.298193 -5.279448 -0.026223 0.999547 0.014740 0.237862 -0.297753 -0.021886 0.954392 80.532974
0.937014 0.020000 0.348719 -5.073117 -0.026529 0.999551 0.013958 0.231925 -0.348283 -0.022330 0.937124 80.936236
0.916242 0.017720 0.400233 -4.845775 -0.026071 0.999541 0.015430 0.232708 -0.399776 -0.024572 0.916283 81.326609
0.892186 0.015499 0.451402 -4.622647 -0.024928 0.999577 0.014948 0.234334 -0.450980 -0.024589 0.892196 81.642563
0.865253 0.013596 0.501150 -4.352879 -0.023758 0.999621 0.013898 0.232456 -0.500771 -0.023932 0.865249 81.995702
0.835639 0.011133 0.549166 -4.071732 -0.023210 0.999617 0.015053 0.232407 -0.548789 -0.025325 0.835577 82.328378
0.803970 0.010090 0.594584 -3.746934 -0.023103 0.999631 0.014275 0.234232 -0.594221 -0.025214 0.803907 82.675400
0.769978 0.008532 0.638013 -3.444951 -0.022931 0.999635 0.014305 0.235392 -0.637658 -0.025645 0.769892 82.956111
0.732871 0.006715 0.680334 -3.148509 -0.021870 0.999667 0.013692 0.234844 -0.680016 -0.024913 0.732774 83.191914
0.694917 0.007296 0.719053 -2.791081 -0.020507 0.999743 0.009675 0.235273 -0.718797 -0.021468 0.694888 83.456236
0.654702 0.007482 0.755850 -2.409409 -0.019662 0.999781 0.007134 0.233103 -0.755632 -0.019532 0.654705 83.710754
0.613377 0.005730 0.789770 -2.071487 -0.018273 0.999809 0.006938 0.231108 -0.789579 -0.018687 0.613364 83.904781
0.570697 0.002870 0.821156 -1.675768 -0.016912 0.999823 0.008259 0.230147 -0.820987 -0.018601 0.570645 84.117428
0.527899 0.000719 0.849307 -1.260826 -0.015796 0.999835 0.008972 0.235827 -0.849160 -0.018152 0.527823 84.317387
0.486182 0.003540 0.873850 -0.809962 -0.016185 0.999857 0.004954 0.239646 -0.873708 -0.016552 0.486170 84.507236
0.448998 0.008785 0.893489 -0.393027 -0.017452 0.999847 -0.001060 0.234171 -0.893362 -0.015117 0.449083 84.662111
0.414458 0.012192 0.909987 0.031888 -0.019885 0.999793 -0.004338 0.218479 -0.909851 -0.016298 0.414614 84.807516
0.383296 0.009311 0.923579 0.476430 -0.015728 0.999870 -0.003553 0.213523 -0.923492 -0.013164 0.383393 84.956863
0.354155 0.000157 0.935187 0.965722 -0.009171 0.999953 0.003305 0.208161 -0.935142 -0.009747 0.354140 85.119665
0.327488 -0.004119 0.944846 1.462236 -0.005034 0.999969 0.006104 0.204636 -0.944842 -0.006755 0.327457 85.266315
0.302806 -0.004978 0.953039 1.979812 -0.003204 0.999975 0.006241 0.201009 -0.953047 -0.004943 0.302783 85.404023
0.279218 -0.000621 0.960228 2.512624 -0.001671 0.999998 0.001133 0.196674 -0.960226 -0.001921 0.279216 85.525047
0.258614 0.001127 0.965980 3.045614 0.003481 0.999992 -0.002098 0.188167 -0.965974 0.003905 0.258608 85.640278
0.238793 0.000171 0.971070 3.607305 0.008897 0.999958 -0.002364 0.185160 -0.971030 0.009204 0.238781 85.759013
0.221778 -0.000360 0.975097 4.165411 0.008861 0.999959 -0.001646 0.186437 -0.975057 0.009005 0.221772 85.871126
0.206345 -0.000030 0.978479 4.717329 0.004729 0.999988 -0.000967 0.183777 -0.978468 0.004827 0.206342 85.973765
0.191445 0.002580 0.981500 5.267003 0.001454 0.999995 -0.002913 0.184143 -0.981502 0.001985 0.191440 86.064054
0.177842 0.004879 0.984047 5.800344 -0.001055 0.999988 -0.004767 0.183098 -0.984058 -0.000190 0.177845 86.144855
0.166197 0.008320 0.986057 6.331821 -0.002112 0.999965 -0.008081 0.178502 -0.986090 -0.000739 0.166208 86.218210
0.155948 0.009825 0.987716 6.858259 -0.001868 0.999952 -0.009652 0.172803 -0.987764 -0.000340 0.155958 86.289560
0.148074 0.010849 0.988917 7.413656 -0.001694 0.999941 -0.010716 0.165938 -0.988975 -0.000089 0.148084 86.364828
0.142652 0.012433 0.989695 7.985461 -0.001994 0.999923 -0.012274 0.156615 -0.989771 -0.000223 0.142666 86.441867
0.137190 0.013442 0.990453 8.584592 -0.001306 0.999910 -0.013390 0.147338 -0.990544 0.000544 0.137195 86.520323
0.131552 0.014392 0.991205 9.212406 -0.000815 0.999896 -0.014410 0.138099 -0.991309 0.001087 0.131550 86.599542
0.127387 0.016447 0.991717 9.816888 -0.001079 0.999864 -0.016444 0.128188 -0.991853 0.001024 0.127387 86.673102
0.124177 0.017771 0.992101 10.453339 -0.001393 0.999842 -0.017735 0.114969 -0.992259 0.000821 0.124182 86.750961
0.120996 0.018795 0.992475 11.106729 -0.001988 0.999823 -0.018691 0.099114 -0.992651 0.000288 0.121011 86.829458
0.118354 0.020836 0.992752 11.765084 -0.002605 0.999783 -0.020673 0.083319 -0.992968 -0.000139 0.118383 86.906007
0.117158 0.025023 0.992798 12.427036 -0.002881 0.999687 -0.024857 0.065812 -0.993109 0.000052 0.117194 86.980840
0.117382 0.028234 0.992685 13.084798 -0.003165 0.999601 -0.028057 0.046181 -0.993082 0.000151 0.117424 87.058859
0.118892 0.029696 0.992463 13.725005 -0.003301 0.999559 -0.029513 0.024157 -0.992902 0.000233 0.118938 87.139592
0.121802 0.031743 0.992046 14.371540 -0.003430 0.999496 -0.031560 -0.001451 -0.992548 0.000442 0.121850 87.223882
0.124970 0.032004 0.991644 15.037335 -0.004292 0.999488 -0.031717 -0.029369 -0.992151 -0.000293 0.125043 87.315602
0.128078 0.034043 0.991179 15.744621 -0.006246 0.999418 -0.033518 -0.057105 -0.991744 -0.001898 0.128216 87.412634
0.131432 0.034694 0.990717 16.460782 -0.008096 0.999392 -0.033924 -0.083977 -0.991292 -0.003563 0.131633 87.515732
0.134846 0.032349 0.990338 17.202319 -0.010723 0.999456 -0.031186 -0.112631 -0.990808 -0.006414 0.135120 87.629295
0.137935 0.031653 0.989935 17.943242 -0.012179 0.999468 -0.030261 -0.142962 -0.990366 -0.007883 0.138247 87.741821
0.140945 0.028188 0.989616 18.703045 -0.011853 0.999571 -0.026784 -0.174698 -0.989946 -0.007955 0.141219 87.863361
0.143646 0.025240 0.989307 19.517752 -0.008471 0.999669 -0.024274 -0.207879 -0.989593 -0.004893 0.143812 87.992443
0.145132 0.018846 0.989233 20.281094 -0.004540 0.999821 -0.018381 -0.234128 -0.989402 -0.001823 0.145191 88.118697
0.145284 0.015929 0.989261 21.031616 -0.001832 0.999873 -0.015831 -0.251032 -0.989388 0.000487 0.145295 88.237263
0.145653 0.014125 0.989235 21.791379 -0.002453 0.999900 -0.013916 -0.266028 -0.989333 -0.000400 0.145673 88.357023
0.146016 0.011849 0.989211 22.540509 -0.004371 0.999926 -0.011332 -0.283941 -0.989273 -0.002669 0.146057 88.476852
0.146089 0.013264 0.989182 23.274922 -0.005653 0.999905 -0.012573 -0.304588 -0.989255 -0.003756 0.146150 88.588998
0.146483 0.010434 0.989158 24.045926 -0.006622 0.999932 -0.009568 -0.323565 -0.989191 -0.005149 0.146542 88.713780
0.146871 0.007526 0.989127 24.821001 -0.006429 0.999957 -0.006654 -0.339326 -0.989135 -0.005382 0.146913 88.839219
0.147105 0.003583 0.989114 25.605394 -0.006004 0.999978 -0.002729 -0.353278 -0.989103 -0.005537 0.147124 88.967414
0.146283 -0.000485 0.989242 26.395281 -0.004699 0.999988 0.001185 -0.360613 -0.989232 -0.004822 0.146278 89.094058
0.143592 -0.004313 0.989627 27.176941 -0.005190 0.999973 0.005111 -0.364259 -0.989623 -0.005870 0.143566 89.215509
0.139972 -0.007533 0.990126 27.980938 -0.006559 0.999942 0.008535 -0.365420 -0.990134 -0.007689 0.139914 89.334980
0.135203 -0.009763 0.990770 28.783958 -0.008933 0.999899 0.011072 -0.365981 -0.990778 -0.010348 0.135102 89.447604
0.129236 -0.011218 0.991550 29.573012 -0.010788 0.999861 0.012718 -0.366994 -0.991555 -0.012341 0.129097 89.550367
0.122113 -0.012403 0.992438 30.358580 -0.010588 0.999848 0.013799 -0.365819 -0.992460 -0.012193 0.121963 89.644266
0.113697 -0.013819 0.993419 31.135325 -0.009884 0.999838 0.015039 -0.365416 -0.993466 -0.011529 0.113542 89.730317
0.104130 -0.015266 0.994446 31.935575 -0.009889 0.999817 0.016384 -0.362064 -0.994514 -0.011540 0.103960 89.810792
0.094343 -0.014733 0.995430 32.748165 -0.011506 0.999807 0.015888 -0.358691 -0.995473 -0.012952 0.094155 89.881132
0.084471 -0.016804 0.996284 33.573087 -0.012651 0.999759 0.017935 -0.353169 -0.996346 -0.014119 0.084238 89.947818
0.074908 -0.016646 0.997051 34.398377 -0.013752 0.999748 0.017725 -0.347390 -0.997095 -0.015039 0.074660 90.003765
0.065463 -0.017202 0.997706 35.229451 -0.013366 0.999746 0.018114 -0.342896 -0.997765 -0.014522 0.065216 90.053282
0.056553 -0.016964 0.998255 36.078586 -0.012995 0.999758 0.017726 -0.337172 -0.998315 -0.013975 0.056319 90.095884
0.047187 -0.017549 0.998732 36.929542 -0.012027 0.999763 0.018136 -0.329048 -0.998814 -0.012867 0.046964 90.130831
0.037234 -0.016638 0.999168 37.757897 -0.011330 0.999790 0.017071 -0.321455 -0.999242 -0.011956 0.037038 90.153072
0.027957 -0.016381 0.999474 38.575816 -0.010576 0.999805 0.016682 -0.310907 -0.999553 -0.011037 0.027778 90.167944
0.018418 -0.016562 0.999693 39.384451 -0.010192 0.999807 0.016752 -0.300491 -0.999778 -0.010498 0.018246 90.174984
0.009544 -0.015717 0.999831 40.210791 -0.009973 0.999825 0.015812 -0.288008 -0.999905 -0.010122 0.009385 90.174466
0.001473 -0.015472 0.999879 41.040326 -0.010487 0.999825 0.015487 -0.275902 -0.999944 -0.010508 0.001310 90.169351
-0.005357 -0.014333 0.999883 41.857914 -0.011803 0.999828 0.014269 -0.266701 -0.999916 -0.011725 -0.005525 90.158950
-0.010436 -0.011975 0.999873 42.667963 -0.013970 0.999832 0.011828 -0.258840 -0.999848 -0.013844 -0.010602 90.144465
-0.014056 -0.009314 0.999857 43.465348 -0.016245 0.999827 0.009085 -0.254438 -0.999769 -0.016115 -0.014205 90.128357
-0.016567 -0.007688 0.999833 44.243359 -0.017706 0.999816 0.007394 -0.248834 -0.999706 -0.017581 -0.016700 90.113485
-0.018225 -0.006974 0.999809 44.999981 -0.018695 0.999803 0.006633 -0.246820 -0.999659 -0.018571 -0.018352 90.100416
-0.019184 -0.006442 0.999795 45.739072 -0.018345 0.999813 0.006090 -0.245286 -0.999648 -0.018225 -0.019299 90.088363
-0.018970 -0.006223 0.999800 46.474844 -0.017313 0.999833 0.005895 -0.245029 -0.999670 -0.017198 -0.019075 90.078737
-0.016598 -0.005789 0.999845 47.196594 -0.015560 0.999864 0.005531 -0.246997 -0.999741 -0.015466 -0.016686 90.072717
-0.012408 -0.006291 0.999903 47.861981 -0.014892 0.999871 0.006106 -0.250339 -0.999812 -0.014815 -0.012500 90.073828
-0.005756 -0.006453 0.999962 48.517478 -0.014320 0.999877 0.006370 -0.256156 -0.999881 -0.014283 -0.005848 90.082349
0.004313 -0.007484 0.999962 49.141949 -0.014602 0.999865 0.007546 -0.263640 -0.999884 -0.014634 0.004203 90.101916
0.017195 -0.008920 0.999812 49.737276 -0.014410 0.999854 0.009168 -0.269154 -0.999748 -0.014565 0.017064 90.132301
0.033992 -0.010589 0.999366 50.285213 -0.012969 0.999855 0.011035 -0.276040 -0.999338 -0.013336 0.033849 90.175524
0.054876 -0.011572 0.998426 50.826242 -0.010861 0.999867 0.012186 -0.281024 -0.998434 -0.011512 0.054743 90.233531
0.078720 -0.012780 0.996815 51.329798 -0.007985 0.999878 0.013450 -0.281293 -0.996865 -0.009018 0.078608 90.305234
0.108425 -0.013418 0.994014 51.830796 -0.006086 0.999881 0.014161 -0.281638 -0.994086 -0.007584 0.108330 90.397240
0.145865 -0.012946 0.989220 52.286264 -0.005571 0.999888 0.013907 -0.277819 -0.989289 -0.007540 0.145777 90.508085
0.188807 -0.012536 0.981934 52.718810 -0.006575 0.999880 0.014029 -0.274424 -0.981992 -0.009105 0.188702 90.641987
0.235115 -0.012317 0.971889 53.125752 -0.009124 0.999848 0.014879 -0.273150 -0.971925 -0.012366 0.234967 90.795779
0.282461 -0.011226 0.959213 53.496511 -0.011922 0.999813 0.015211 -0.267847 -0.959205 -0.015732 0.282274 90.961739
0.333201 -0.011941 0.942780 53.877180 -0.015047 0.999725 0.017980 -0.261942 -0.942736 -0.020177 0.332929 91.162038
0.384593 -0.010762 0.923023 54.229290 -0.016500 0.999692 0.018530 -0.255149 -0.922939 -0.022356 0.384297 91.374191
0.435105 -0.009894 0.900325 54.594392 -0.016147 0.999693 0.018789 -0.250236 -0.900235 -0.022713 0.434812 91.618646
0.486621 -0.008480 0.873572 54.984225 -0.014898 0.999727 0.018003 -0.245026 -0.873486 -0.021775 0.486362 91.907711
0.536939 -0.006625 0.843595 55.383436 -0.012958 0.999786 0.016099 -0.238705 -0.843522 -0.019576 0.536738 92.235608
0.585979 -0.004870 0.810312 55.771563 -0.011778 0.999825 0.014526 -0.232956 -0.810241 -0.018056 0.585819 92.594247
0.631774 -0.004565 0.775139 56.121569 -0.011766 0.999811 0.015479 -0.231951 -0.775064 -0.018899 0.631601 92.960326
0.674762 -0.003822 0.738025 56.431779 -0.011962 0.999799 0.016114 -0.225576 -0.737939 -0.019702 0.674580 93.328845
0.715538 -0.002211 0.698571 56.736113 -0.011884 0.999812 0.015336 -0.220832 -0.698473 -0.019275 0.715377 93.727307
0.753749 0.000128 0.657163 56.998709 -0.012226 0.999830 0.013828 -0.212332 -0.657049 -0.018458 0.753622 94.117621
0.789675 0.003283 0.613517 57.237818 -0.013716 0.999830 0.012303 -0.205553 -0.613372 -0.018131 0.789586 94.521695
0.822422 0.004350 0.568861 57.461691 -0.015244 0.999780 0.014393 -0.193876 -0.568673 -0.020509 0.822308 94.954393
0.852005 0.006137 0.523498 57.657663 -0.016689 0.999742 0.015441 -0.185367 -0.523268 -0.021892 0.851887 95.385726
0.878330 0.007897 0.477990 57.812532 -0.018721 0.999665 0.017885 -0.177561 -0.477688 -0.024657 0.878184 95.794048
0.902017 0.009761 0.431589 57.961992 -0.020457 0.999588 0.020147 -0.171208 -0.431215 -0.027002 0.901845 96.243396
0.920990 0.011958 0.389402 58.089534 -0.021883 0.999539 0.021063 -0.163633 -0.388971 -0.027920 0.920827 96.675107
0.935259 0.013172 0.353718 58.199690 -0.023161 0.999443 0.024022 -0.154473 -0.353205 -0.030659 0.935044 97.094237
0.945935 0.012352 0.324121 58.306490 -0.022054 0.999412 0.026277 -0.145191 -0.323606 -0.032004 0.945651 97.526598
0.954991 0.012163 0.296386 58.425066 -0.020978 0.999427 0.026579 -0.133414 -0.295893 -0.031600 0.954699 98.020758
0.960571 0.010997 0.277816 58.561023 -0.018722 0.999508 0.025171 -0.117196 -0.277403 -0.029380 0.960305 98.568147
0.964161 0.010708 0.265103 58.684647 -0.017691 0.999556 0.023967 -0.100806 -0.264729 -0.027798 0.963923 99.075863
0.967172 0.009681 0.253937 58.793876 -0.017350 0.999458 0.027981 -0.087423 -0.253529 -0.031468 0.966816 99.577076
0.969459 0.008827 0.245096 58.890890 -0.017915 0.999231 0.034877 -0.074549 -0.244600 -0.038203 0.968872 100.059262
0.970591 0.005767 0.240664 58.990437 -0.016741 0.998910 0.043579 -0.059648 -0.240151 -0.046326 0.969630 100.553624
0.970994 0.000891 0.239102 59.108338 -0.013143 0.998680 0.049651 -0.034409 -0.238743 -0.051353 0.969724 101.092233
0.970921 -0.001322 0.239396 59.228885 -0.011253 0.998628 0.051154 -0.013029 -0.239135 -0.052361 0.969574 101.599806
0.970167 -0.003645 0.242409 59.360561 -0.008802 0.998698 0.050246 0.009205 -0.242276 -0.050880 0.968872 102.119713
0.968929 -0.008882 0.247178 59.497542 -0.003240 0.998814 0.048590 0.035551 -0.247316 -0.047881 0.967751 102.639433
0.967562 -0.013254 0.252285 59.632866 0.000757 0.998771 0.049566 0.063763 -0.252632 -0.047768 0.966383 103.159277
0.966142 -0.014823 0.257584 59.763152 0.000330 0.998419 0.056220 0.096265 -0.258010 -0.054231 0.964619 103.680374
0.964343 -0.011946 0.264385 59.910572 -0.004259 0.998151 0.060639 0.133550 -0.264620 -0.059603 0.962509 104.228093
0.962745 -0.006405 0.270334 60.071317 -0.009710 0.998256 0.058231 0.171778 -0.270236 -0.058687 0.961004 104.778494
0.961408 0.000856 0.275124 60.246305 -0.016381 0.998399 0.054135 0.202146 -0.274637 -0.056552 0.959884 105.366610
0.960174 0.006488 0.279326 60.423055 -0.021870 0.998408 0.051990 0.231216 -0.278544 -0.056028 0.958788 105.961015
0.959003 0.008639 0.283264 60.605652 -0.023133 0.998586 0.047862 0.254460 -0.282451 -0.052453 0.957847 106.556352
0.958453 0.006440 0.285177 60.796213 -0.020387 0.998735 0.045965 0.276121 -0.284520 -0.049869 0.957372 107.198471
0.958025 -0.000067 0.286686 60.993527 -0.013984 0.998799 0.046963 0.300394 -0.286345 -0.049001 0.956873 107.880484
0.957803 -0.007370 0.287331 61.186554 -0.007539 0.998683 0.050747 0.334355 -0.287326 -0.050772 0.956486 108.560979
0.958409 -0.012288 0.285132 61.375321 -0.003065 0.998572 0.053337 0.374554 -0.285380 -0.051993 0.957003 109.231403
0.959126 -0.007152 0.282888 61.571485 -0.007711 0.998649 0.051393 0.413474 -0.282874 -0.051473 0.957775 109.906607
0.959667 0.002103 0.281132 61.768989 -0.016192 0.998726 0.047804 0.444503 -0.280673 -0.050428 0.958478 110.586146
0.960233 0.007859 0.279089 61.974570 -0.022006 0.998624 0.047594 0.472500 -0.278332 -0.051843 0.959085 111.316604
0.960682 0.006385 0.277578 62.173860 -0.021253 0.998493 0.050588 0.501968 -0.276837 -0.054498 0.959370 112.047104
0.961177 0.000466 0.275931 62.371926 -0.016455 0.998316 0.055632 0.531173 -0.275440 -0.058013 0.959566 112.791918
0.962028 -0.005138 0.272902 62.563030 -0.011053 0.998269 0.057757 0.566230 -0.272727 -0.058581 0.960306 113.508558
0.962950 -0.008181 0.269553 62.749722 -0.007840 0.998268 0.058303 0.606127 -0.269564 -0.058256 0.961219 114.211504
0.963892 -0.006570 0.266211 62.944982 -0.009204 0.998276 0.057963 0.646865 -0.266133 -0.058321 0.962170 114.949271
0.964631 -0.004531 0.263564 63.144210 -0.010775 0.998339 0.056601 0.691534 -0.263383 -0.057439 0.962980 115.700399
0.965064 -0.002151 0.262004 63.342314 -0.013390 0.998255 0.057514 0.734273 -0.261671 -0.059013 0.963351 116.458730
0.965387 0.000344 0.260819 63.549227 -0.015520 0.998303 0.056127 0.779169 -0.260357 -0.058232 0.963755 117.235979
0.965436 0.002436 0.260628 63.764610 -0.016665 0.998487 0.052401 0.824146 -0.260106 -0.054933 0.964016 118.031055
0.965775 0.003554 0.259354 63.957520 -0.018079 0.998397 0.053640 0.861856 -0.258748 -0.056493 0.964291 118.777450
0.965719 -0.000159 0.259589 64.151463 -0.015687 0.998137 0.058968 0.903042 -0.259115 -0.061019 0.963917 119.544968
0.965479 -0.004986 0.260431 64.347344 -0.012163 0.997863 0.064197 0.949805 -0.260195 -0.065148 0.963356 120.315047
0.965121 -0.008520 0.261663 64.534165 -0.010652 0.997365 0.071766 1.001535 -0.261585 -0.072051 0.962487 121.054892
0.964338 -0.009227 0.264510 64.723220 -0.011536 0.996977 0.076835 1.055591 -0.264420 -0.077147 0.961317 121.774923
0.963476 -0.008127 0.267671 64.918541 -0.013713 0.996731 0.079621 1.109526 -0.267443 -0.080383 0.960215 122.493015
0.962564 -0.009410 0.270889 65.127083 -0.012863 0.996685 0.080329 1.165706 -0.270747 -0.080806 0.959253 123.236066
0.961764 -0.011846 0.273621 65.354484 -0.010385 0.996768 0.079656 1.224270 -0.273680 -0.079452 0.958534 124.033596
0.961411 -0.009080 0.274964 65.581995 -0.011826 0.997167 0.074280 1.278665 -0.274860 -0.074665 0.958581 124.805443
0.961085 -0.009156 0.276101 65.811994 -0.010363 0.997552 0.069155 1.328886 -0.276059 -0.069325 0.958637 125.584564
0.960565 -0.009548 0.277890 66.037275 -0.010292 0.997505 0.069847 1.382692 -0.277864 -0.069953 0.958070 126.369307
0.959976 -0.007894 0.279970 66.260578 -0.013262 0.997200 0.073592 1.440331 -0.279767 -0.074359 0.957184 127.158031
0.959732 -0.003865 0.280890 66.482498 -0.018972 0.996731 0.078538 1.497199 -0.280276 -0.080704 0.956521 127.951497
0.959640 -0.000647 0.281231 66.718627 -0.023623 0.996278 0.082898 1.556634 -0.280238 -0.086196 0.956053 128.793137
0.959415 -0.007171 0.281906 66.973942 -0.016898 0.996418 0.082855 1.614918 -0.281491 -0.084256 0.955858 129.672651
0.959306 -0.019483 0.281696 67.218204 -0.004351 0.996479 0.083735 1.676922 -0.282336 -0.081553 0.955843 130.526208
0.958976 -0.028441 0.282056 67.444888 0.004146 0.996255 0.086361 1.746322 -0.283456 -0.081648 0.955503 131.326120
0.959742 -0.017978 0.280305 67.663980 -0.006092 0.996383 0.084763 1.800107 -0.280815 -0.083058 0.956161 132.091147
0.960702 -0.003848 0.277556 67.861769 -0.019787 0.996411 0.082300 1.838175 -0.276876 -0.084558 0.957178 132.786177
0.961856 0.001847 0.273550 68.093646 -0.023316 0.996892 0.075252 1.889128 -0.272561 -0.078760 0.958910 133.597928
0.962585 -0.005306 0.270926 68.336791 -0.017281 0.996571 0.080915 1.942438 -0.270426 -0.082569 0.959194 134.526373
0.963179 -0.020545 0.268073 68.534806 -0.002544 0.996335 0.085498 2.006700 -0.268847 -0.083032 0.959597 135.284551
0.963041 -0.029453 0.267739 68.746736 0.006078 0.996127 0.087716 2.076920 -0.269286 -0.082847 0.959490 136.071636
0.963351 -0.029403 0.266625 68.949457 0.007228 0.996459 0.083772 2.133720 -0.268145 -0.078775 0.960153 136.799408
0.963928 -0.028261 0.264656 69.145679 0.006199 0.996461 0.083830 2.190087 -0.266089 -0.079166 0.960692 137.534913
0.964837 -0.029172 0.261224 69.334595 0.007641 0.996515 0.083064 2.245304 -0.262737 -0.078147 0.961698 138.257354
0.965856 -0.031350 0.257174 69.527603 0.009639 0.996313 0.085249 2.306018 -0.258898 -0.079860 0.962598 139.024286
0.966533 -0.032505 0.254472 69.718493 0.009988 0.995956 0.089279 2.370827 -0.256345 -0.083750 0.962950 139.799202
0.967086 -0.033943 0.252173 69.903415 0.010479 0.995534 0.093816 2.440325 -0.254231 -0.088086 0.963124 140.557667
0.967625 -0.032338 0.250310 70.106130 0.008631 0.995417 0.095234 2.514890 -0.252243 -0.089990 0.963471 141.369365
0.968002 -0.027864 0.249390 70.305887 0.004353 0.995531 0.094332 2.585134 -0.250904 -0.090228 0.963798 142.152154
0.968282 -0.026815 0.248414 70.505877 0.003902 0.995726 0.092275 2.653211 -0.249826 -0.088379 0.964249 142.936719
0.968765 -0.028930 0.246284 70.716626 0.006986 0.995961 0.089514 2.726365 -0.247879 -0.084997 0.965055 143.775369
0.969746 -0.032200 0.241981 70.909337 0.011837 0.996299 0.085139 2.788584 -0.243827 -0.079699 0.966538 144.562008
0.971355 -0.033063 0.235321 71.089130 0.013926 0.996491 0.082528 2.854675 -0.237224 -0.076887 0.968408 145.344103
0.973361 -0.027135 0.227663 71.269298 0.008605 0.996596 0.081994 2.922454 -0.229114 -0.077850 0.970282 146.172892
0.974973 -0.018255 0.221569 71.440346 -0.000024 0.996614 0.082216 2.986325 -0.222319 -0.080164 0.971673 146.975881
0.976126 -0.009828 0.216980 71.606449 -0.008116 0.996628 0.081653 3.048506 -0.217051 -0.081464 0.972755 147.761077
0.977144 -0.008584 0.212404 71.759903 -0.010285 0.996105 0.087572 3.109319 -0.212328 -0.087755 0.973250 148.554477
0.977984 -0.014220 0.208191 71.933448 -0.005077 0.995759 0.091861 3.173471 -0.208615 -0.090895 0.973765 149.447420
0.979149 -0.025643 0.201518 72.093560 0.006394 0.995399 0.095597 3.244472 -0.203042 -0.092316 0.974809 150.312665
0.980211 -0.031500 0.195429 72.234098 0.012866 0.995308 0.095893 3.316681 -0.197533 -0.091481 0.976018 151.078181
0.981529 -0.030493 0.188864 72.363664 0.012423 0.995291 0.096131 3.384328 -0.190906 -0.092009 0.977287 151.810657
0.983048 -0.028423 0.181131 72.475992 0.010122 0.994817 0.101172 3.448161 -0.183068 -0.097623 0.978241 152.530413
0.984438 -0.030464 0.173069 72.588659 0.012235 0.994351 0.105433 3.517554 -0.175303 -0.101675 0.979250 153.287094
0.985847 -0.036738 0.163570 72.697607 0.019078 0.993940 0.108252 3.595751 -0.166555 -0.103600 0.980575 154.059725
0.987074 -0.039790 0.155241 72.799825 0.023089 0.993889 0.107942 3.673219 -0.158588 -0.102963 0.981962 154.792395
0.988338 -0.037982 0.147462 72.896959 0.022014 0.993859 0.108444 3.753986 -0.150675 -0.103933 0.983105 155.534403
0.989560 -0.031440 0.140648 72.989620 0.015811 0.993707 0.110887 3.834746 -0.143249 -0.107505 0.983830 156.298495
0.990625 -0.026268 0.134060 73.083561 0.010845 0.993364 0.114499 3.922515 -0.136178 -0.111972 0.984336 157.115062
0.991509 -0.023777 0.127843 73.177514 0.009005 0.993336 0.114903 4.010157 -0.129723 -0.112776 0.985116 157.932638
0.992279 -0.022263 0.122009 73.269586 0.007951 0.993152 0.116557 4.102638 -0.123769 -0.114687 0.985661 158.780521
0.992748 -0.023939 0.117804 73.365306 0.010175 0.993187 0.116085 4.194531 -0.119780 -0.114044 0.986228 159.649929
0.993119 -0.029678 0.113284 73.440752 0.015820 0.992487 0.121325 4.283015 -0.116034 -0.118698 0.986127 160.461743
0.993259 -0.036366 0.110057 73.512747 0.022303 0.991727 0.126410 4.377599 -0.113744 -0.123103 0.985854 161.247324
0.993382 -0.039167 0.107967 73.590343 0.025265 0.991549 0.127246 4.476828 -0.112038 -0.123676 0.985977 162.035551
0.993818 -0.033606 0.105809 73.667999 0.020009 0.991696 0.127034 4.577405 -0.109199 -0.124132 0.986239 162.816581
0.994258 -0.023444 0.104408 73.738463 0.009832 0.991592 0.129029 4.675071 -0.106555 -0.127262 0.986129 163.565770
0.994663 -0.016578 0.101836 73.812083 0.003158 0.991437 0.130547 4.772007 -0.103128 -0.129528 0.986198 164.356593
0.995037 -0.020624 0.097338 73.887757 0.007718 0.991334 0.131139 4.877543 -0.099199 -0.129737 0.986574 165.219298
0.995072 -0.030221 0.094437 73.965680 0.017773 0.991357 0.129980 4.991814 -0.097549 -0.127661 0.987009 166.115496
0.995451 -0.035043 0.088591 74.030766 0.023313 0.991223 0.130131 5.096444 -0.092373 -0.127474 0.987531 166.971588
0.996001 -0.033551 0.082803 74.085234 0.022427 0.991023 0.131798 5.199681 -0.086482 -0.129414 0.987812 167.775955
0.996712 -0.027078 0.076362 74.135949 0.016994 0.991403 0.129732 5.296724 -0.079219 -0.128007 0.988604 168.530090
0.997220 -0.023899 0.070569 74.188818 0.014862 0.991930 0.125912 5.395661 -0.073009 -0.124513 0.989528 169.336180
0.997623 -0.019961 0.065949 74.243255 0.011917 0.992679 0.120191 5.492043 -0.067866 -0.119120 0.990558 170.160890
0.997943 -0.020117 0.060857 74.293491 0.012829 0.992947 0.117860 5.593238 -0.062799 -0.116837 0.991164 171.076019
0.997979 -0.028202 0.056933 74.335150 0.021287 0.992713 0.118611 5.687753 -0.059864 -0.117160 0.991307 171.987460
0.997826 -0.039686 0.052617 74.371902 0.033179 0.992311 0.119240 5.790277 -0.056944 -0.117235 0.991470 172.859113
0.997916 -0.043004 0.048097 74.411458 0.037281 0.992767 0.114124 5.894522 -0.052657 -0.112093 0.992302 173.731576
0.998605 -0.033641 0.040679 74.431812 0.028812 0.993067 0.113968 5.987176 -0.044231 -0.112637 0.992651 174.547215
0.999194 -0.021152 0.034096 74.445921 0.017117 0.993268 0.114569 6.072895 -0.036290 -0.113894 0.992830 175.347838
0.999475 -0.014206 0.029093 74.459910 0.010754 0.993243 0.115555 6.170676 -0.030538 -0.115181 0.992875 176.232975
0.999515 -0.017135 0.025998 74.476681 0.014026 0.993223 0.115374 6.259181 -0.027798 -0.114953 0.992982 177.118680
0.999290 -0.027485 0.025769 74.492799 0.024282 0.992802 0.117277 6.352635 -0.028807 -0.116568 0.992765 178.034243
0.999107 -0.035548 0.022816 74.495896 0.032449 0.991726 0.124206 6.453851 -0.027042 -0.123355 0.991994 178.896738
0.999004 -0.039532 0.020701 74.506976 0.036677 0.991643 0.123691 6.557012 -0.025417 -0.122809 0.992105 179.704721
0.999221 -0.035236 0.017755 74.518132 0.032878 0.992342 0.119062 6.654456 -0.021814 -0.118386 0.992728 180.450959
0.999515 -0.025507 0.017831 74.525689 0.023191 0.992525 0.119816 6.744299 -0.020754 -0.119345 0.992636 181.218668
0.999637 -0.019723 0.018360 74.533948 0.017352 0.992452 0.121399 6.827359 -0.020616 -0.121037 0.992434 181.979286
0.999631 -0.020620 0.017661 74.544526 0.018329 0.992448 0.121286 6.917108 -0.020029 -0.120918 0.992461 182.844684
0.999426 -0.029012 0.017451 74.554258 0.026650 0.992050 0.122986 7.003196 -0.020880 -0.122451 0.992255 183.712306
0.999030 -0.039859 0.018682 74.567873 0.037266 0.991702 0.123038 7.099531 -0.023431 -0.122222 0.992226 184.532455
0.998866 -0.043918 0.018375 74.581535 0.041386 0.991814 0.120799 7.194108 -0.023530 -0.119901 0.992507 185.316045
0.999081 -0.039445 0.016742 74.586382 0.037111 0.991813 0.122184 7.289858 -0.021425 -0.121450 0.992366 186.091157
0.999474 -0.028351 0.015754 74.595189 0.026222 0.992187 0.121975 7.376456 -0.019089 -0.121498 0.992408 186.852054
0.999591 -0.024461 0.014781 74.601862 0.022468 0.992208 0.122552 7.461872 -0.017664 -0.122169 0.992352 187.668235
0.999490 -0.028205 0.014923 74.610990 0.026166 0.992108 0.122625 7.551901 -0.018264 -0.122172 0.992341 188.512496
0.999264 -0.034630 0.016455 74.617208 0.032289 0.991520 0.125877 7.645180 -0.020674 -0.125253 0.991910 189.349028
0.999259 -0.035213 0.015533 74.615251 0.032846 0.990616 0.132671 7.752132 -0.020059 -0.132063 0.991038 190.187195
0.999367 -0.032332 0.014798 74.618926 0.030032 0.990318 0.135527 7.860790 -0.019037 -0.134997 0.990663 191.052048
0.999473 -0.029229 0.014088 74.621611 0.026992 0.989940 0.138892 7.973907 -0.018005 -0.138438 0.990207 191.924465
0.999557 -0.026277 0.013960 74.626746 0.024045 0.989689 0.141198 8.086734 -0.017526 -0.140800 0.989883 192.785697
0.999533 -0.026923 0.014468 74.633284 0.024564 0.989286 0.143911 8.203413 -0.018187 -0.143489 0.989485 193.677359
0.999406 -0.030721 0.015625 74.645560 0.028174 0.989315 0.143045 8.317193 -0.019852 -0.142520 0.989593 194.546534
0.999214 -0.036307 0.015884 74.652631 0.033626 0.988859 0.145006 8.436186 -0.020972 -0.144358 0.989303 195.433638
0.999168 -0.036916 0.017329 74.663286 0.033997 0.988700 0.145998 8.563218 -0.022522 -0.145287 0.989133 196.291362
0.999469 -0.027509 0.017425 74.673252 0.024652 0.988822 0.147048 8.703564 -0.021275 -0.146540 0.988976 197.262908
0.999688 -0.018408 0.016853 74.689067 0.015806 0.989555 0.143289 8.815010 -0.019315 -0.142978 0.989538 198.114108
0.999716 -0.016795 0.016884 74.707403 0.014299 0.990276 0.138378 8.923112 -0.019044 -0.138098 0.990236 198.984931
0.999559 -0.023447 0.018209 74.717472 0.020659 0.989858 0.140551 9.028323 -0.021320 -0.140112 0.989906 199.847650
0.999397 -0.028354 0.020054 74.728126 0.025202 0.989405 0.142974 9.124896 -0.023895 -0.142383 0.989523 200.624152
