0.999996 0.002689 -0.001135 -0.008341 -0.002691 0.999994 -0.001950 -0.021868 0.001130 0.001953 0.999997 1.488899
0.999991 0.003409 -0.002632 -0.021014 -0.003415 0.999992 -0.002124 -0.046835 0.002625 0.002133 0.999994 2.965895
0.999986 0.003205 -0.004202 -0.037292 -0.003210 0.999994 -0.001103 -0.070703 0.004199 0.001116 0.999991 4.429451
0.999980 0.002996 -0.005644 -0.055371 -0.002998 0.999995 -0.000416 -0.092430 0.005643 0.000433 0.999984 5.900419
0.999970 0.003142 -0.007069 -0.074399 -0.003144 0.999995 -0.000302 -0.114084 0.007068 0.000324 0.999975 7.357605
0.999955 0.003385 -0.008851 -0.095637 -0.003390 0.999994 -0.000477 -0.135456 0.008849 0.000507 0.999961 8.810561
0.999941 0.002629 -0.010547 -0.117272 -0.002652 0.999994 -0.002132 -0.160822 0.010541 0.002160 0.999942 10.256196
0.999926 0.002911 -0.011837 -0.141850 -0.002950 0.999990 -0.003261 -0.186737 0.011827 0.003296 0.999925 11.701606
0.999910 0.002933 -0.013096 -0.170273 -0.002971 0.999991 -0.002942 -0.212185 0.013088 0.002980 0.999910 13.141262
0.999897 0.002876 -0.014074 -0.200453 -0.002908 0.999993 -0.002265 -0.236836 0.014067 0.002306 0.999898 14.578003
0.999890 0.003333 -0.014431 -0.232334 -0.003342 0.999994 -0.000585 -0.258768 0.014429 0.000634 0.999896 16.009494
0.999881 0.004071 -0.014884 -0.264212 -0.004060 0.999991 0.000788 -0.278466 0.014888 -0.000727 0.999889 17.440118
0.999869 0.004890 -0.015456 -0.295484 -0.004874 0.999987 0.001067 -0.297309 0.015461 -0.000991 0.999880 18.874934
0.999862 0.004891 -0.015895 -0.327125 -0.004872 0.999987 0.001214 -0.315990 0.015901 -0.001137 0.999873 20.302380
0.999855 0.004999 -0.016301 -0.359697 -0.004966 0.999985 0.002046 -0.333568 0.016311 -0.001965 0.999865 21.714803
0.999852 0.005400 -0.016341 -0.391556 -0.005354 0.999982 0.002826 -0.350116 0.016356 -0.002738 0.999862 23.118108
0.999846 0.006684 -0.016222 -0.424236 -0.006619 0.999970 0.004079 -0.365067 0.016249 -0.003971 0.999860 24.531276
0.999853 0.005303 -0.016311 -0.454790 -0.005231 0.999976 0.004499 -0.380582 0.016335 -0.004413 0.999857 25.933650
0.999860 0.003299 -0.016418 -0.484305 -0.003217 0.999982 0.004976 -0.395821 0.016435 -0.004922 0.999853 27.311009
0.999864 0.002962 -0.016239 -0.509888 -0.002913 0.999991 0.003022 -0.410404 0.016248 -0.002974 0.999864 28.682827
0.999856 0.005518 -0.016033 -0.537650 -0.005486 0.999983 0.002091 -0.425737 0.016044 -0.002003 0.999869 30.053664
0.999853 0.006588 -0.015853 -0.563686 -0.006581 0.999978 0.000482 -0.447199 0.015856 -0.000378 0.999874 31.418432
0.999859 0.005807 -0.015746 -0.590319 -0.005811 0.999983 -0.000218 -0.468967 0.015744 0.000310 0.999876 32.777256
0.999870 0.004179 -0.015590 -0.617178 -0.004187 0.999991 -0.000493 -0.492160 0.015587 0.000559 0.999878 34.124441
0.999877 0.003587 -0.015259 -0.644925 -0.003580 0.999993 0.000483 -0.514481 0.015260 -0.000428 0.999883 35.442733
0.999890 0.002672 -0.014599 -0.670603 -0.002654 0.999996 0.001245 -0.536077 0.014602 -0.001206 0.999893 36.738407
0.999903 0.003825 -0.013403 -0.693858 -0.003800 0.999991 0.001888 -0.556693 0.013410 -0.001837 0.999908 38.018210
0.999911 0.005898 -0.011994 -0.714888 -0.005871 0.999980 0.002322 -0.576962 0.012008 -0.002252 0.999925 39.295488
0.999924 0.006688 -0.010358 -0.731729 -0.006671 0.999976 0.001635 -0.596690 0.010369 -0.001566 0.999945 40.566569
0.999942 0.007221 -0.008021 -0.746524 -0.007204 0.999972 0.002135 -0.616740 0.008037 -0.002077 0.999965 41.821314
0.999968 0.006533 -0.004608 -0.754376 -0.006525 0.999977 0.001751 -0.638022 0.004619 -0.001721 0.999988 43.080463
0.999988 0.004685 -0.001185 -0.756835 -0.004683 0.999988 0.001027 -0.659206 0.001189 -0.001021 0.999999 44.294408
0.999994 0.002927 0.002101 -0.755874 -0.002928 0.999995 0.000750 -0.678835 -0.002099 -0.000756 0.999997 45.481330
0.999974 0.003574 0.006208 -0.750729 -0.003580 0.999993 0.000970 -0.698527 -0.006205 -0.000992 0.999980 46.648676
0.999928 0.003455 0.011466 -0.738109 -0.003469 0.999993 0.001148 -0.718174 -0.011462 -0.001187 0.999934 47.811633
0.999840 0.002494 0.017715 -0.718952 -0.002543 0.999993 0.002772 -0.733818 -0.017708 -0.002816 0.999839 48.963359
0.999685 0.002462 0.024975 -0.690733 -0.002568 0.999988 0.004209 -0.747345 -0.024964 -0.004272 0.999679 50.100931
0.999445 0.003441 0.033122 -0.651610 -0.003614 0.999980 0.005169 -0.759432 -0.033103 -0.005286 0.999438 51.230408
0.999057 0.004043 0.043231 -0.601716 -0.004374 0.999962 0.007551 -0.771321 -0.043199 -0.007733 0.999036 52.346846
0.998430 0.004104 0.055869 -0.536517 -0.004662 0.999940 0.009864 -0.781839 -0.055825 -0.010109 0.998389 53.448574
0.997510 0.004656 0.070366 -0.454218 -0.005524 0.999911 0.012147 -0.787711 -0.070303 -0.012505 0.997447 54.546374
0.996243 0.005849 0.086408 -0.353619 -0.007130 0.999869 0.014530 -0.790420 -0.086312 -0.015091 0.996154 55.634160
0.994565 0.006635 0.103910 -0.236510 -0.008260 0.999850 0.015215 -0.795202 -0.103794 -0.015990 0.994470 56.651567
0.992447 0.005868 0.122532 -0.100963 -0.007826 0.999849 0.015501 -0.796988 -0.122423 -0.016343 0.992343 57.645490
0.989804 0.005359 0.142333 0.063000 -0.007509 0.999866 0.014572 -0.799005 -0.142236 -0.015492 0.989711 58.676845
0.986606 0.005772 0.163020 0.250398 -0.007816 0.999899 0.011900 -0.802879 -0.162935 -0.013015 0.986551 59.698679
0.982750 0.008870 0.184727 0.463394 -0.010376 0.999920 0.007190 -0.813084 -0.184648 -0.008983 0.982764 60.708762
0.978120 0.011613 0.207719 0.699937 -0.012241 0.999924 0.001738 -0.831441 -0.207683 -0.004243 0.978187 61.697081
0.972794 0.012268 0.231346 0.958595 -0.011689 0.999924 -0.003875 -0.853924 -0.231376 0.001066 0.972864 62.666222
0.966579 0.012163 0.256080 1.238315 -0.009695 0.999894 -0.010897 -0.881119 -0.256186 0.008050 0.966594 63.600526
0.959274 0.013425 0.282158 1.539905 -0.009727 0.999847 -0.014501 -0.910550 -0.282310 0.011166 0.959258 64.528545
0.950881 0.015803 0.309154 1.866229 -0.011178 0.999798 -0.016727 -0.942580 -0.309356 0.012450 0.950865 65.447829
0.941371 0.019355 0.336817 2.222233 -0.013061 0.999695 -0.020943 -0.981018 -0.337119 0.015316 0.941337 66.347198
0.930669 0.019732 0.365330 2.603364 -0.011430 0.999625 -0.024873 -1.023452 -0.365684 0.018973 0.930546 67.226069
0.918840 0.015862 0.394312 3.007821 -0.006098 0.999643 -0.026002 -1.066774 -0.394583 0.021487 0.918609 68.095717
0.906131 0.011762 0.422833 3.430627 0.000806 0.999564 -0.029531 -1.108845 -0.422996 0.027100 0.905726 68.924438
0.892226 0.010337 0.451472 3.878595 0.005041 0.999448 -0.032847 -1.150067 -0.451562 0.031583 0.891680 69.734112
0.876544 0.012095 0.481170 4.349510 0.003832 0.999477 -0.032105 -1.191853 -0.481306 0.029986 0.876039 70.528687
0.858880 0.014202 0.511979 4.846569 0.000255 0.999603 -0.028155 -1.232801 -0.512176 0.024312 0.858536 71.309580
0.840295 0.015709 0.541902 5.354200 -0.001440 0.999641 -0.026745 -1.275628 -0.542127 0.021693 0.840016 72.036661
0.819527 0.008748 0.572974 5.896702 0.005241 0.999727 -0.022759 -1.313663 -0.573016 0.021655 0.819258 72.763697
0.797812 0.000337 0.602907 6.458683 0.013900 0.999724 -0.018952 -1.343038 -0.602746 0.023501 0.797586 73.462153
0.775642 -0.002392 0.631168 7.038919 0.017203 0.999701 -0.017353 -1.367400 -0.630938 0.024317 0.775452 74.124398
0.752658 0.000478 0.658412 7.651812 0.015047 0.999726 -0.017928 -1.396407 -0.658240 0.023401 0.752444 74.769827
0.728478 0.000666 0.685069 8.287847 0.015616 0.999723 -0.017578 -1.427977 -0.684891 0.023503 0.728266 75.395422
0.703319 -0.001485 0.710873 8.937774 0.019686 0.999655 -0.017388 -1.457303 -0.710602 0.026224 0.703105 75.990793
0.677332 -0.003878 0.735668 9.608476 0.023374 0.999595 -0.016252 -1.481201 -0.735306 0.028204 0.677148 76.563186
0.650377 -0.006356 0.759585 10.301389 0.025408 0.999587 -0.013391 -1.503828 -0.759186 0.028008 0.650270 77.115434
0.622638 -0.007474 0.782474 11.019098 0.027379 0.999550 -0.012238 -1.528250 -0.782030 0.029043 0.622563 77.642358
0.594230 -0.013364 0.804184 11.758259 0.034661 0.999358 -0.009004 -1.549258 -0.803548 0.033224 0.594312 78.151400
0.564489 -0.021358 0.825164 12.518257 0.045069 0.998971 -0.004975 -1.562685 -0.824209 0.039997 0.564871 78.636783
0.533851 -0.028377 0.845103 13.278790 0.053805 0.998551 -0.000459 -1.567978 -0.843865 0.045716 0.534604 79.082249
0.502187 -0.033627 0.864105 14.046043 0.057368 0.998338 0.005511 -1.564799 -0.862854 0.046805 0.503282 79.496548
0.470110 -0.035343 0.881900 14.844909 0.054977 0.998430 0.010707 -1.558993 -0.880894 0.043451 0.471315 79.890049
0.437357 -0.038509 0.898463 15.670953 0.050213 0.998570 0.018357 -1.549313 -0.897885 0.037086 0.438665 80.263898
0.403375 -0.042947 0.914026 16.508081 0.048628 0.998492 0.025455 -1.534556 -0.913741 0.034180 0.404855 80.604379
0.370067 -0.048458 0.927740 17.314930 0.048160 0.998296 0.032933 -1.516592 -0.927755 0.032492 0.371771 80.899873
0.334403 -0.054230 0.940869 18.183405 0.046946 0.998062 0.040841 -1.484586 -0.941260 0.030513 0.336301 81.182533
0.298585 -0.057084 0.952674 19.070588 0.043632 0.997982 0.046123 -1.447776 -0.953385 0.027796 0.300474 81.430584
0.262597 -0.058549 0.963127 19.967334 0.040895 0.997936 0.049515 -1.410137 -0.964038 0.026384 0.264449 81.642641
0.226819 -0.058576 0.972174 20.883568 0.038469 0.997950 0.051154 -1.368560 -0.973177 0.025795 0.228608 81.822668
0.191704 -0.056864 0.979804 21.817170 0.035391 0.998071 0.050999 -1.327215 -0.980814 0.024899 0.193347 81.968766
0.157171 -0.049918 0.986309 22.762094 0.033748 0.998410 0.045153 -1.292979 -0.986994 0.026189 0.158606 82.076385
0.123242 -0.049548 0.991139 23.703443 0.035826 0.998324 0.045453 -1.259332 -0.991729 0.029907 0.124810 82.160926
0.090572 -0.050618 0.994602 24.638274 0.039248 0.998113 0.047223 -1.222032 -0.995116 0.034759 0.092388 82.217289
0.061518 -0.045472 0.997069 25.564269 0.042112 0.998190 0.042925 -1.185861 -0.997217 0.039348 0.063321 82.240129
0.036187 -0.044476 0.998355 26.505392 0.039283 0.998300 0.043050 -1.149245 -0.998572 0.037660 0.037873 82.251543
0.014387 -0.043391 0.998954 27.463910 0.035270 0.998458 0.042861 -1.114781 -0.999274 0.034617 0.015895 82.244857
-0.004235 -0.043534 0.999043 28.441870 0.031824 0.998540 0.043647 -1.081762 -0.999484 0.031979 -0.002843 82.225677
-0.020163 -0.041883 0.998919 29.412047 0.034323 0.998504 0.042558 -1.052700 -0.999207 0.035144 -0.018695 82.191713
-0.034849 -0.039492 0.998612 30.388611 0.037893 0.998448 0.040807 -1.020840 -0.998674 0.039263 -0.033298 82.143044
-0.046949 -0.035437 0.998268 31.384935 0.042309 0.998403 0.037432 -0.991894 -0.998001 0.043993 -0.045375 82.082250
-0.056087 -0.030251 0.997967 32.375217 0.045036 0.998447 0.032797 -0.967618 -0.997409 0.046784 -0.054637 82.014480
-0.062461 -0.027319 0.997673 33.372251 0.049929 0.998288 0.030462 -0.945078 -0.996797 0.051716 -0.060990 81.946264
-0.066067 -0.025405 0.997492 34.367953 0.054473 0.998093 0.029028 -0.923954 -0.996327 0.056254 -0.064557 81.878636
-0.069061 -0.023247 0.997341 35.365869 0.058242 0.997929 0.027294 -0.904035 -0.995911 0.059972 -0.067564 81.807657
-0.071779 -0.022883 0.997158 36.364907 0.061082 0.997759 0.027293 -0.884601 -0.995548 0.062867 -0.070220 81.736579
-0.074319 -0.021877 0.996994 37.354713 0.064337 0.997571 0.026685 -0.867709 -0.995157 0.066127 -0.072731 81.663521
-0.076345 -0.020568 0.996869 38.336351 0.067919 0.997358 0.025780 -0.849987 -0.994765 0.069675 -0.074746 81.588676
-0.078673 -0.018279 0.996733 39.320095 0.069073 0.997329 0.023742 -0.831334 -0.994504 0.070716 -0.077200 81.509864
-0.080851 -0.018368 0.996557 40.308908 0.067614 0.997426 0.023869 -0.815303 -0.994430 0.069311 -0.079401 81.431771
-0.083095 -0.019224 0.996356 41.302672 0.067319 0.997422 0.024859 -0.798085 -0.994265 0.069140 -0.081586 81.352108
-0.085300 -0.019468 0.996165 42.302705 0.068732 0.997312 0.025376 -0.778800 -0.993982 0.070633 -0.083732 81.269968
-0.087803 -0.020425 0.995928 43.320560 0.070950 0.997122 0.026705 -0.756657 -0.993608 0.073006 -0.086101 81.184814
-0.090207 -0.021862 0.995683 44.331621 0.073302 0.996902 0.028530 -0.735644 -0.993222 0.075560 -0.088325 81.098508
-0.092625 -0.024063 0.995410 45.336066 0.077009 0.996540 0.031256 -0.712494 -0.992718 0.079551 -0.090451 81.011537
-0.094801 -0.027281 0.995122 46.338811 0.081379 0.996066 0.035059 -0.684581 -0.992164 0.084306 -0.092208 80.924713
-0.097344 -0.029611 0.994810 47.346661 0.083984 0.995748 0.037856 -0.649893 -0.991701 0.087233 -0.094443 80.832804
-0.099996 -0.032005 0.994473 48.360600 0.082555 0.995769 0.040347 -0.612256 -0.991557 0.086133 -0.096931 80.737213
-0.102439 -0.035400 0.994109 49.380795 0.078478 0.995964 0.043553 -0.572323 -0.991639 0.082477 -0.099247 80.640649
-0.104677 -0.035544 0.993871 50.407807 0.076688 0.996097 0.043701 -0.532764 -0.991545 0.080792 -0.101543 80.536361
-0.106590 -0.036412 0.993636 51.430865 0.077096 0.996018 0.044770 -0.493701 -0.991309 0.081377 -0.103359 80.432399
-0.107964 -0.034868 0.993543 52.453664 0.079664 0.995867 0.043607 -0.454207 -0.990958 0.083858 -0.104740 80.324390
-0.108722 -0.034222 0.993483 53.484788 0.082237 0.995672 0.043297 -0.415524 -0.990665 0.086408 -0.105437 80.216865
-0.108901 -0.035306 0.993425 54.523268 0.082964 0.995560 0.044476 -0.374947 -0.990584 0.087262 -0.105488 80.111418
-0.108591 -0.038337 0.993347 55.564323 0.081893 0.995515 0.047373 -0.332122 -0.990707 0.086493 -0.104965 80.009317
-0.108437 -0.042181 0.993208 56.606354 0.081483 0.995360 0.051168 -0.286751 -0.990758 0.086478 -0.104496 79.908849
-0.108422 -0.045967 0.993041 57.647873 0.083044 0.995020 0.055126 -0.235914 -0.990630 0.088443 -0.104065 79.809222
-0.108387 -0.050247 0.992838 58.688979 0.083674 0.994717 0.059476 -0.179742 -0.990581 0.089521 -0.103610 79.710997
-0.108363 -0.053805 0.992654 59.729851 0.083511 0.994512 0.063022 -0.118320 -0.990597 0.089726 -0.103275 79.610932
-0.107663 -0.054927 0.992669 60.727706 0.078335 0.994900 0.063546 -0.056330 -0.991096 0.084602 -0.102811 79.511680
-0.107333 -0.052842 0.992818 61.805330 0.069273 0.995762 0.060488 0.005360 -0.991807 0.075268 -0.103218 79.398202
-0.106973 -0.048418 0.993082 62.907526 0.063309 0.996455 0.055402 0.061471 -0.992244 0.068797 -0.103528 79.279523
-0.106672 -0.040084 0.993486 64.020296 0.064813 0.996782 0.047176 0.109186 -0.992180 0.069423 -0.103730 79.155185
-0.106274 -0.034096 0.993752 65.123822 0.069699 0.996698 0.041651 0.148964 -0.991891 0.073689 -0.103546 79.037025
-0.105913 -0.030058 0.993921 66.198626 0.075004 0.996454 0.038127 0.183642 -0.991543 0.078586 -0.103283 78.924966
-0.105604 -0.028986 0.993985 67.282129 0.079328 0.996144 0.037477 0.218267 -0.991239 0.082808 -0.102897 78.816916
-0.105287 -0.032355 0.993915 68.376217 0.076683 0.996230 0.040553 0.258999 -0.991481 0.080486 -0.102408 78.713066
-0.104857 -0.033730 0.993915 69.482570 0.072169 0.996531 0.041433 0.299809 -0.991865 0.076074 -0.102058 78.605301
-0.104483 -0.036310 0.993863 70.602651 0.070305 0.996563 0.043800 0.342965 -0.992038 0.074450 -0.101571 78.498927
-0.104122 -0.038105 0.993834 71.725672 0.071057 0.996427 0.045649 0.387213 -0.992023 0.075372 -0.101043 78.391663
-0.104146 -0.036683 0.993885 72.827542 0.076171 0.996090 0.044746 0.429725 -0.991641 0.080365 -0.100944 78.283378
-0.103592 -0.036801 0.993939 73.932092 0.078796 0.995871 0.045085 0.474084 -0.991494 0.082989 -0.100265 78.177025
-0.103276 -0.036739 0.993974 75.031572 0.077616 0.995973 0.044878 0.519627 -0.991620 0.081783 -0.100008 78.070081
-0.102370 -0.035816 0.994101 76.157604 0.070803 0.996554 0.043195 0.564535 -0.992223 0.074808 -0.099482 77.959219
-0.102915 -0.036798 0.994009 77.261091 0.069139 0.996634 0.044053 0.605696 -0.992284 0.073258 -0.100024 77.852494
-0.102678 -0.038877 0.993954 78.374440 0.072551 0.996282 0.046463 0.651496 -0.992065 0.076883 -0.099475 77.748584
-0.102446 -0.039165 0.993967 79.489032 0.075723 0.996018 0.047051 0.699779 -0.991852 0.080087 -0.099072 77.642164
-0.102277 -0.040151 0.993945 80.606896 0.075265 0.996009 0.047979 0.749760 -0.991904 0.079716 -0.098847 77.535541
-0.101781 -0.040913 0.993965 81.735350 0.071669 0.996256 0.048346 0.798480 -0.992222 0.076157 -0.098468 77.428006
-0.100846 -0.040294 0.994085 82.861693 0.070464 0.996381 0.047535 0.844760 -0.992403 0.074841 -0.097642 77.320758
-0.099745 -0.038718 0.994259 83.995489 0.070693 0.996442 0.045895 0.889773 -0.992499 0.074865 -0.096653 77.213163
-0.099177 -0.036468 0.994401 85.154219 0.070560 0.996555 0.043584 0.934168 -0.992565 0.074488 -0.096262 77.102433
-0.098060 -0.036717 0.994503 86.301403 0.070022 0.996588 0.043698 0.977072 -0.992714 0.073922 -0.095154 76.997982
-0.096683 -0.035364 0.994686 87.451847 0.070639 0.996605 0.042298 1.020244 -0.992805 0.074353 -0.093857 76.891942
-0.095346 -0.035361 0.994816 88.619899 0.068838 0.996742 0.042027 1.064036 -0.993061 0.072488 -0.092601 76.787375
-0.094050 -0.037033 0.994878 89.797903 0.068277 0.996715 0.043556 1.109573 -0.993223 0.072024 -0.091212 76.686109
-0.092468 -0.035987 0.995065 90.980640 0.067355 0.996832 0.042310 1.153846 -0.993435 0.070935 -0.089751 76.582816
-0.090690 -0.037817 0.995161 92.172226 0.068721 0.996659 0.044137 1.200299 -0.993505 0.072392 -0.087788 76.485562
-0.089133 -0.036971 0.995333 93.360570 0.071452 0.996499 0.043413 1.246647 -0.993453 0.074988 -0.086179 76.387224
-0.087745 -0.039159 0.995373 94.556439 0.070463 0.996480 0.045414 1.295862 -0.993648 0.074122 -0.084676 76.294111
-0.086514 -0.041802 0.995373 95.742693 0.069367 0.996442 0.047876 1.344091 -0.993833 0.073188 -0.083306 76.203895
-0.086336 -0.044356 0.995278 96.940540 0.070648 0.996221 0.050526 1.398820 -0.993758 0.074676 -0.082876 76.112373
-0.086392 -0.046999 0.995152 98.138163 0.070273 0.996111 0.053144 1.457820 -0.993780 0.074523 -0.082753 76.020533
-0.087193 -0.049959 0.994938 99.351945 0.067700 0.996136 0.055952 1.519423 -0.993888 0.072236 -0.083474 75.926411
-0.088259 -0.052516 0.994712 100.561089 0.066303 0.996085 0.058471 1.581455 -0.993888 0.071113 -0.084431 75.830370
-0.089325 -0.054562 0.994507 101.772234 0.065646 0.996005 0.060541 1.647089 -0.993837 0.070693 -0.085386 75.731772
-0.090828 -0.054630 0.994367 102.983467 0.065776 0.995985 0.060727 1.712744 -0.993692 0.070921 -0.086869 75.628183
-0.093047 -0.055399 0.994119 104.193544 0.064255 0.996035 0.061520 1.779645 -0.993586 0.069602 -0.089119 75.522006
-0.095757 -0.058803 0.993666 105.412516 0.059488 0.996131 0.064682 1.850666 -0.993625 0.065305 -0.091889 75.414432
-0.099825 -0.059647 0.993215 106.619159 0.059300 0.996071 0.065779 1.918288 -0.993236 0.065464 -0.095895 75.299968
-0.105436 -0.064460 0.992334 107.815638 0.065451 0.995283 0.071606 1.992097 -0.992270 0.072499 -0.100719 75.185583
-0.112663 -0.064053 0.991566 109.001869 0.068001 0.995083 0.072007 2.069815 -0.991304 0.075540 -0.107754 75.053703
-0.121431 -0.063497 0.990567 110.206158 0.063067 0.995442 0.071541 2.148175 -0.990594 0.071159 -0.116873 74.904095
-0.132183 -0.062438 0.989257 111.399364 0.059748 0.995698 0.070828 2.221592 -0.989423 0.068468 -0.127884 74.740717
-0.145013 -0.062943 0.987425 112.585192 0.059904 0.995585 0.072260 2.297938 -0.987615 0.069629 -0.140602 74.563859
-0.159059 -0.061927 0.985325 113.767408 0.058816 0.995664 0.072071 2.375579 -0.985516 0.069416 -0.154726 74.365905
-0.173167 -0.062707 0.982894 114.948632 0.055549 0.995761 0.073314 2.451539 -0.983325 0.067295 -0.168949 74.152003
-0.188349 -0.059187 0.980317 116.122486 0.056314 0.995889 0.070947 2.522633 -0.980486 0.068569 -0.184241 73.914265
-0.203293 -0.059181 0.977328 117.284354 0.058425 0.995660 0.072444 2.594868 -0.977373 0.071828 -0.198953 73.667700
-0.218486 -0.059697 0.974012 118.429759 0.061583 0.995294 0.074815 2.671506 -0.973895 0.076329 -0.213781 73.406996
-0.233950 -0.064523 0.970105 119.569637 0.059218 0.994997 0.080460 2.756157 -0.970443 0.076271 -0.228959 73.132440
-0.249156 -0.071897 0.965791 120.722794 0.053837 0.994670 0.087936 2.851600 -0.966966 0.073905 -0.243957 72.838498
-0.264009 -0.077263 0.961420 121.868410 0.049768 0.994367 0.093577 2.952463 -0.963235 0.072553 -0.258677 72.525347
-0.278990 -0.079353 0.957009 123.004588 0.050687 0.993974 0.097195 3.056545 -0.958955 0.075624 -0.273286 72.194218
-0.293361 -0.079975 0.952650 124.121831 0.051717 0.993708 0.099348 3.163584 -0.954602 0.078413 -0.287379 71.848384
-0.307339 -0.078942 0.948320 125.222801 0.052357 0.993641 0.099683 3.268770 -0.950159 0.080287 -0.301251 71.486993
-0.321369 -0.078314 0.943710 126.316597 0.050270 0.993758 0.099586 3.375210 -0.945619 0.079444 -0.315426 71.108416
-0.335202 -0.080303 0.938717 127.404594 0.047000 0.993695 0.101789 3.482464 -0.940973 0.078239 -0.329314 70.718232
-0.349419 -0.082007 0.933370 128.490591 0.044554 0.993581 0.103977 3.593358 -0.935906 0.077917 -0.343523 70.309571
-0.364199 -0.083577 0.927563 129.561113 0.045466 0.993182 0.107342 3.706031 -0.930211 0.081266 -0.357916 69.888896
-0.379052 -0.083200 0.921627 130.617623 0.046173 0.993009 0.108634 3.821264 -0.924223 0.083732 -0.372560 69.450195
-0.393797 -0.082721 0.915467 131.670664 0.046072 0.992914 0.109538 3.937161 -0.918042 0.085313 -0.387196 68.992160
-0.408448 -0.080591 0.909217 132.721849 0.046420 0.992972 0.108868 4.053824 -0.911600 0.086673 -0.401836 68.511920
-0.423505 -0.080268 0.902330 133.764921 0.049218 0.992557 0.111394 4.174717 -0.904555 0.091587 -0.416402 68.020012
-0.438822 -0.079388 0.895060 134.792083 0.050121 0.992376 0.112592 4.300560 -0.897175 0.094269 -0.431498 67.511384
-0.453988 -0.082603 0.887170 135.820701 0.046541 0.992136 0.116192 4.431897 -0.889791 0.094039 -0.446573 66.983278
-0.469647 -0.087586 0.878499 136.851983 0.041886 0.991735 0.121268 4.570485 -0.881860 0.093750 -0.462097 66.432348
-0.485778 -0.088854 0.869554 137.871259 0.040799 0.991430 0.124101 4.710211 -0.873129 0.095763 -0.477990 65.859521
-0.501584 -0.091168 0.860291 138.886382 0.039018 0.991036 0.127772 4.855662 -0.864228 0.097655 -0.493531 65.265956
-0.517416 -0.093040 0.850661 139.894723 0.036606 0.990755 0.130628 5.004570 -0.854951 0.098728 -0.509227 64.649224
-0.533136 -0.094887 0.840691 140.889776 0.035430 0.990315 0.134243 5.157105 -0.845287 0.101355 -0.524610 64.016530
-0.548616 -0.096467 0.830490 141.875280 0.033465 0.989991 0.137101 5.315870 -0.835404 0.103008 -0.539897 63.362874
-0.563734 -0.099342 0.819960 142.856341 0.028958 0.989753 0.139823 5.479194 -0.825448 0.102567 -0.555081 62.685974
-0.578542 -0.102340 0.809206 143.827939 0.023164 0.989636 0.141719 5.645372 -0.815323 0.100735 -0.570175 61.987199
-0.593271 -0.103762 0.798287 144.787591 0.019039 0.989572 0.142775 5.812300 -0.804777 0.099903 -0.585109 61.268136
-0.607864 -0.106079 0.786923 145.738017 0.016013 0.989197 0.145715 5.981622 -0.793879 0.101175 -0.599599 60.530455
-0.622915 -0.106341 0.775028 146.669171 0.016897 0.988657 0.149233 6.152738 -0.782107 0.106055 -0.614053 59.780859
-0.638363 -0.107920 0.762132 147.580321 0.016423 0.987987 0.153658 6.331553 -0.769560 0.110606 -0.628922 59.016594
-0.653906 -0.111430 0.748324 148.481099 0.012054 0.987434 0.157569 6.518155 -0.756480 0.112056 -0.644346 58.224764
-0.669382 -0.118852 0.733349 149.380777 0.003251 0.986642 0.162870 6.711514 -0.742911 0.111407 -0.660054 57.402281
-0.686039 -0.121344 0.717374 150.254146 -0.001344 0.986203 0.165531 6.906636 -0.727563 0.112597 -0.676737 56.557983
-0.703425 -0.124012 0.699867 151.118680 -0.005447 0.985573 0.169162 7.110626 -0.710749 0.115181 -0.693952 55.681481
-0.720894 -0.127703 0.681177 151.964325 -0.009861 0.984667 0.174164 7.319630 -0.692974 0.118837 -0.711101 54.780792
-0.737434 -0.129665 0.662855 152.788136 -0.015419 0.984375 0.175405 7.531907 -0.675243 0.119129 -0.727912 53.850793
-0.753516 -0.128107 0.644827 153.523249 -0.016934 0.984287 0.175758 7.724937 -0.657211 0.121517 -0.743846 52.976289
-0.768516 -0.129410 0.626607 154.296292 -0.023900 0.984455 0.174002 7.934970 -0.639384 0.118747 -0.759662 52.005949
-0.783357 -0.128863 0.608067 155.056163 -0.028956 0.984777 0.171393 8.141348 -0.620897 0.116655 -0.775164 51.002529
-0.797969 -0.128114 0.588925 155.775854 -0.031366 0.984650 0.171700 8.339386 -0.601882 0.118539 -0.789738 50.011440
-0.812598 -0.125534 0.569144 156.466100 -0.031340 0.984527 0.172408 8.541266 -0.581981 0.122261 -0.803959 49.009376
-0.825714 -0.125425 0.549967 157.134199 -0.035631 0.984617 0.171055 8.744771 -0.562962 0.121646 -0.817482 47.983479
-0.837248 -0.128124 0.531601 157.794127 -0.042119 0.984385 0.170916 8.950245 -0.545199 0.120709 -0.829571 46.923884
-0.848128 -0.126426 0.514484 158.433425 -0.044093 0.984585 0.169257 9.153078 -0.527952 0.120867 -0.840629 45.847691
-0.858337 -0.122993 0.498125 159.047034 -0.043852 0.984877 0.167615 9.352765 -0.511208 0.122026 -0.850750 44.770214
-0.867737 -0.123421 0.481455 159.641522 -0.045563 0.984352 0.170219 9.556007 -0.494930 0.125769 -0.859783 43.691011
-0.875967 -0.125413 0.465783 160.220554 -0.049341 0.983841 0.172107 9.762510 -0.479841 0.127778 -0.868001 42.594171
-0.883380 -0.126190 0.451349 160.775715 -0.051739 0.983440 0.173691 9.970064 -0.465793 0.130083 -0.875280 41.500325
-0.890125 -0.127551 0.437501 161.311724 -0.055022 0.983088 0.174669 10.176765 -0.452381 0.131405 -0.882090 40.401302
-0.896453 -0.129417 0.423820 161.838034 -0.058398 0.982564 0.176512 10.389310 -0.439274 0.133484 -0.888381 39.285725
-0.901578 -0.134209 0.411273 162.344671 -0.064628 0.981778 0.178704 10.602239 -0.427763 0.134536 -0.893823 38.179252
-0.906386 -0.138211 0.399202 162.846828 -0.070309 0.981141 0.180052 10.820348 -0.416559 0.135129 -0.899010 37.041838
-0.910354 -0.140741 0.389162 163.330473 -0.075764 0.981180 0.177611 11.033766 -0.406835 0.132205 -0.903884 35.900428
-0.913975 -0.137732 0.381679 163.803702 -0.075618 0.981966 0.173275 11.239294 -0.398662 0.129508 -0.907908 34.753900
-0.916660 -0.134556 0.376335 164.263219 -0.075305 0.982905 0.168007 11.437392 -0.392508 0.125666 -0.911123 33.619002
-0.919005 -0.131431 0.371692 164.720925 -0.073848 0.983495 0.165176 11.632759 -0.387267 0.124348 -0.913543 32.484656
-0.920689 -0.133629 0.366708 165.183453 -0.075921 0.982932 0.167570 11.834880 -0.382842 0.126439 -0.915120 31.343031
-0.922008 -0.139478 0.361175 165.649019 -0.080461 0.981517 0.173640 12.047531 -0.378719 0.131037 -0.916188 30.192115
-0.923597 -0.143461 0.355509 166.109591 -0.083238 0.980262 0.179323 12.265338 -0.374219 0.136031 -0.917309 29.033112
-0.925432 -0.145054 0.350049 166.565835 -0.083019 0.978998 0.186201 12.491195 -0.369707 0.143255 -0.918039 27.875746
-0.927087 -0.143895 0.346126 167.013918 -0.081125 0.978521 0.189511 12.723226 -0.365961 0.147614 -0.918848 26.712644
-0.928181 -0.141807 0.344051 167.452811 -0.079177 0.978633 0.189757 12.952783 -0.363609 0.148888 -0.919576 25.555414
-0.928672 -0.140165 0.343397 167.886931 -0.077590 0.978776 0.189677 13.179697 -0.362696 0.149503 -0.919837 24.408399
-0.928797 -0.137803 0.344014 168.319830 -0.075863 0.979335 0.187475 13.404072 -0.362740 0.148028 -0.920058 23.259163
-0.928464 -0.136415 0.345464 168.755305 -0.074274 0.979516 0.187167 13.625727 -0.363920 0.148119 -0.919578 22.119904
-0.928140 -0.134793 0.346968 169.187995 -0.072540 0.979758 0.186579 13.843480 -0.365094 0.148003 -0.919131 20.993013
-0.927323 -0.134756 0.349159 169.621255 -0.072716 0.980024 0.185110 14.060035 -0.367129 0.146267 -0.918598 19.868811
-0.926350 -0.134910 0.351675 170.060591 -0.072277 0.979972 0.185553 14.276597 -0.369664 0.146469 -0.917548 18.748858
-0.924900 -0.135439 0.355270 170.509568 -0.071667 0.979755 0.186934 14.498012 -0.373396 0.147434 -0.915881 17.622838
-0.922670 -0.138018 0.360043 170.967904 -0.073369 0.979526 0.187470 14.721156 -0.378546 0.146557 -0.913906 16.490506
-0.919997 -0.141134 0.365632 171.432168 -0.075045 0.979086 0.189100 14.945507 -0.384674 0.146533 -0.911347 15.370934
-0.916806 -0.144266 0.372362 171.906518 -0.076626 0.978689 0.190515 15.173095 -0.391912 0.146133 -0.908323 14.250926
-0.913852 -0.143271 0.379930 172.382478 -0.075102 0.979178 0.188602 15.395631 -0.399040 0.143820 -0.905584 13.140531
-0.910405 -0.143158 0.388160 172.869201 -0.073459 0.979251 0.188866 15.613510 -0.407144 0.143430 -0.902032 12.047442
-0.906754 -0.139835 0.397797 173.369047 -0.068869 0.979855 0.187461 15.833983 -0.415997 0.142585 -0.898118 10.949662
-0.902087 -0.140158 0.408159 173.891600 -0.067932 0.980118 0.186423 16.057795 -0.426173 0.140442 -0.893674 9.839104
-0.897348 -0.138652 0.418977 174.426941 -0.064790 0.980468 0.185701 16.274898 -0.436541 0.139493 -0.888805 8.740117
-0.891368 -0.137201 0.432017 174.978670 -0.061493 0.980882 0.184633 16.492486 -0.449090 0.138009 -0.882764 7.653135
-0.885003 -0.135973 0.445287 175.546268 -0.058655 0.981345 0.183087 16.712501 -0.461876 0.135914 -0.876469 6.571303
-0.877971 -0.138050 0.458377 176.138088 -0.058670 0.981329 0.183171 16.936388 -0.475105 0.133925 -0.869677 5.490503
-0.871189 -0.136190 0.471679 176.735482 -0.055380 0.981883 0.181217 17.150677 -0.487813 0.131753 -0.862948 4.432020
-0.863883 -0.135426 0.485144 177.350024 -0.053671 0.982443 0.178675 17.363426 -0.500824 0.128316 -0.855985 3.379351
-0.855965 -0.135726 0.498901 177.977776 -0.053077 0.982898 0.176334 17.570951 -0.514302 0.124455 -0.848531 2.343705
-0.847681 -0.136090 0.512753 178.625587 -0.052960 0.983417 0.173456 17.774416 -0.527856 0.119880 -0.840831 1.312245
-0.839005 -0.135025 0.527104 179.283745 -0.051574 0.984094 0.169998 17.971362 -0.541674 0.115445 -0.832623 0.303262
-0.829464 -0.133450 0.542384 179.956523 -0.049757 0.984833 0.166219 18.161992 -0.556340 0.110885 -0.823523 -0.688709
-0.818785 -0.132189 0.558674 180.646706 -0.047829 0.985454 0.163071 18.348460 -0.572104 0.106799 -0.813198 -1.660369
-0.807592 -0.130267 0.575175 181.352349 -0.045491 0.986153 0.159475 18.530667 -0.587985 0.102625 -0.802335 -2.614039
-0.796014 -0.129345 0.591297 182.081092 -0.043151 0.986542 0.157713 18.708252 -0.603738 0.100027 -0.790882 -3.553406
-0.783913 -0.127983 0.607536 182.823440 -0.040489 0.986979 0.155672 18.881583 -0.619549 0.097435 -0.778887 -4.472451
-0.770938 -0.126322 0.624258 183.590576 -0.037561 0.987446 0.153428 19.054830 -0.635802 0.094836 -0.766004 -5.379906
-0.756391 -0.126215 0.641827 184.378737 -0.036733 0.987855 0.150972 19.226572 -0.653088 0.090618 -0.751841 -6.268745
-0.740689 -0.125206 0.660077 185.184108 -0.035100 0.988351 0.148088 19.390199 -0.670930 0.086518 -0.736456 -7.131136
-0.724047 -0.122810 0.678729 186.000524 -0.030882 0.988807 0.145972 19.547202 -0.689059 0.084730 -0.719735 -7.955977
-0.706907 -0.120001 0.697053 186.831741 -0.025580 0.989196 0.144353 19.702200 -0.706844 0.084214 -0.702338 -8.754165
-0.688910 -0.119242 0.714972 187.680698 -0.022108 0.989374 0.143704 19.857591 -0.724510 0.083193 -0.684225 -9.525844
-0.669505 -0.119083 0.733200 188.549731 -0.019353 0.989527 0.143042 20.009585 -0.742556 0.081578 -0.664797 -10.271853
-0.649175 -0.119644 0.751170 189.431346 -0.016405 0.989524 0.143430 20.161499 -0.760462 0.080788 -0.644337 -10.983778
-0.628658 -0.119402 0.768461 190.330224 -0.012032 0.989518 0.143907 20.312653 -0.777589 0.081222 -0.623505 -11.671111
-0.607595 -0.119913 0.785142 191.245513 -0.008284 0.989440 0.144705 20.466878 -0.794204 0.081417 -0.602172 -12.331302
-0.585951 -0.119596 0.801473 192.171555 -0.005016 0.989566 0.143996 20.619365 -0.810331 0.080354 -0.580436 -12.963983
-0.563048 -0.119132 0.817792 193.119425 -0.002681 0.989813 0.142345 20.769493 -0.826420 0.077955 -0.557632 -13.573035
-0.538634 -0.117914 0.834248 194.071921 0.000786 0.990088 0.140448 20.917317 -0.842540 0.076306 -0.533202 -14.143154
-0.513380 -0.113928 0.850565 195.047863 0.006242 0.990627 0.136455 21.060785 -0.858139 0.075363 -0.507856 -14.689899
-0.486726 -0.112511 0.866279 196.042338 0.009793 0.990906 0.134199 21.200956 -0.873500 0.073801 -0.481198 -15.204335
-0.458949 -0.112872 0.881264 197.065783 0.012189 0.991004 0.133276 21.341803 -0.888379 0.071909 -0.453444 -15.689789
-0.430330 -0.113416 0.895518 198.113529 0.013550 0.991152 0.132039 21.483863 -0.902570 0.068954 -0.424986 -16.146340
-0.399749 -0.110644 0.909922 199.192916 0.017615 0.991577 0.128312 21.624257 -0.916455 0.067321 -0.394432 -16.575740
-0.368862 -0.107608 0.923234 200.251894 0.023488 0.991880 0.124993 21.754867 -0.929187 0.067790 -0.363339 -16.953717
-0.337327 -0.103900 0.935636 201.319212 0.027720 0.992363 0.120193 21.879133 -0.940979 0.066480 -0.331871 -17.296891
-0.305348 -0.100421 0.946931 202.403820 0.030670 0.992871 0.115183 21.999327 -0.951747 0.064213 -0.300091 -17.605789
-0.272820 -0.098581 0.957001 203.496873 0.033602 0.993153 0.111884 22.115198 -0.961478 0.062682 -0.267639 -17.874107
-0.239202 -0.095838 0.966228 204.600426 0.035220 0.993606 0.107273 22.228122 -0.970331 0.059690 -0.234296 -18.105769
-0.206117 -0.094313 0.973971 205.643426 0.036419 0.993915 0.103951 22.327074 -0.977849 0.056897 -0.201428 -18.284665
-0.171706 -0.091867 0.980855 206.751049 0.038144 0.994276 0.099801 22.427922 -0.984409 0.054550 -0.167219 -18.437477
-0.137222 -0.089417 0.986496 207.869182 0.040727 0.994566 0.095813 22.524227 -0.989703 0.053325 -0.132834 -18.551267
-0.102269 -0.087218 0.990926 208.990071 0.043040 0.994828 0.092003 22.616075 -0.993825 0.052058 -0.097986 -18.625236
-0.067368 -0.084588 0.994136 210.111212 0.045662 0.995094 0.087763 22.701812 -0.996683 0.051307 -0.063175 -18.660188
-0.032632 -0.083719 0.995955 211.216378 0.048865 0.995160 0.085253 22.782632 -0.998272 0.051449 -0.028383 -18.653865
0.001327 -0.082266 0.996609 212.324247 0.051017 0.995318 0.082091 22.863213 -0.998697 0.050735 0.005518 -18.611903
0.034610 -0.081506 0.996071 213.429301 0.052623 0.995435 0.079626 22.938340 -0.998014 0.049661 0.038742 -18.532385
0.067263 -0.080613 0.994473 214.534716 0.055378 0.995496 0.076950 23.010743 -0.996197 0.049896 0.071425 -18.417139
0.099498 -0.077981 0.991977 215.631447 0.057831 0.995692 0.072473 23.082046 -0.993356 0.050156 0.103580 -18.269800
0.130970 -0.074923 0.988551 216.728928 0.058134 0.996005 0.067785 23.148169 -0.989680 0.048590 0.134803 -18.087137
0.161481 -0.071863 0.984256 217.826709 0.059145 0.996257 0.063035 23.205840 -0.985102 0.048035 0.165128 -17.870489
0.190991 -0.068854 0.979174 218.923223 0.061244 0.996429 0.058121 23.260092 -0.979679 0.048868 0.194526 -17.620806
0.220445 -0.065111 0.973224 220.026233 0.063167 0.996628 0.052368 23.310742 -0.973352 0.049931 0.223815 -17.336506
0.249890 -0.061071 0.966346 221.119725 0.064673 0.996833 0.046274 23.353335 -0.966112 0.050934 0.253049 -17.019326
0.279314 -0.056910 0.958512 222.205160 0.065518 0.997045 0.040106 23.390213 -0.957962 0.051597 0.282217 -16.668029
0.308436 -0.053119 0.949761 223.281025 0.066285 0.997213 0.034247 23.418439 -0.948933 0.052392 0.311097 -16.283591
0.337136 -0.049144 0.940172 224.342098 0.068131 0.997292 0.027699 23.439888 -0.938987 0.054717 0.339572 -15.869403
0.365118 -0.046726 0.929788 225.395572 0.068859 0.997360 0.023082 23.456224 -0.928411 0.055596 0.367371 -15.418758
0.392483 -0.044119 0.918700 226.433073 0.068370 0.997485 0.018693 23.466405 -0.917214 0.055475 0.394513 -14.939030
0.419933 -0.042125 0.906576 227.460804 0.068518 0.997543 0.014614 23.471744 -0.904965 0.055980 0.421788 -14.425100
0.447623 -0.040385 0.893310 228.477732 0.071454 0.997401 0.009286 23.470930 -0.891363 0.059674 0.449345 -13.877532
0.474655 -0.038509 0.879329 229.473160 0.074324 0.997228 0.003553 23.464073 -0.877028 0.063669 0.476202 -13.303214
0.501080 -0.035591 0.864669 230.455685 0.073969 0.997259 -0.001817 23.452101 -0.862234 0.064870 0.502339 -12.696806
0.526981 -0.032468 0.849256 231.425088 0.072257 0.997364 -0.006706 23.433913 -0.846799 0.064899 0.527938 -12.057404
0.551698 -0.030040 0.833502 232.391278 0.070185 0.997479 -0.010507 23.409752 -0.831085 0.064296 0.552416 -11.379076
0.574295 -0.029761 0.818107 233.333833 0.070059 0.997460 -0.012895 23.382572 -0.815645 0.064721 0.574921 -10.679485
0.594810 -0.029182 0.803336 234.253998 0.069640 0.997455 -0.015329 23.354925 -0.800843 0.065062 0.595329 -9.962480
0.613999 -0.027589 0.788824 235.163726 0.067959 0.997526 -0.018010 23.324820 -0.786375 0.064666 0.614355 -9.220502
0.631972 -0.025143 0.774583 236.051456 0.065245 0.997652 -0.020850 23.292511 -0.772240 0.063714 0.632128 -8.463120
0.648657 -0.021752 0.760770 236.929864 0.062619 0.997728 -0.024864 23.254417 -0.758500 0.063767 0.648546 -7.684435
0.665180 -0.018413 0.746456 237.773869 0.060216 0.997763 -0.029047 23.207135 -0.744251 0.064270 0.664801 -6.902162
0.680199 -0.015991 0.732853 238.622346 0.059228 0.997692 -0.033204 23.158199 -0.730630 0.065991 0.679577 -6.087007
0.695015 -0.015261 0.718832 239.459487 0.058555 0.997655 -0.035434 23.106669 -0.716606 0.066719 0.694280 -5.245549
0.709417 -0.013359 0.704662 240.282599 0.057468 0.997588 -0.038943 23.051532 -0.702442 0.068122 0.708474 -4.387844
0.723845 -0.010784 0.689878 241.087495 0.053862 0.997710 -0.040919 22.993708 -0.687856 0.066777 0.722768 -3.510190
0.737854 -0.007781 0.674915 241.882567 0.050666 0.997751 -0.043888 22.931642 -0.673056 0.066578 0.736589 -2.608849
0.751546 -0.005663 0.659656 242.664000 0.048481 0.997733 -0.046669 22.863846 -0.657897 0.067054 0.750117 -1.685477
0.764853 -0.005312 0.644183 243.421774 0.049054 0.997543 -0.050017 22.793705 -0.642334 0.069856 0.763235 -0.752805
0.777066 -0.004624 0.629402 244.168064 0.048524 0.997437 -0.052580 22.723093 -0.627545 0.071399 0.775299 0.200099
0.788535 -0.003941 0.614977 244.896042 0.047059 0.997434 -0.053947 22.651401 -0.613186 0.071479 0.786698 1.165899
0.799420 -0.000985 0.600772 245.618460 0.043579 0.997460 -0.056353 22.575451 -0.599190 0.071231 0.797432 2.158674
0.809819 0.001431 0.586677 246.329135 0.041439 0.997360 -0.059634 22.493086 -0.585213 0.072604 0.807622 3.169287
0.819612 0.002139 0.572914 247.015369 0.040422 0.997285 -0.061552 22.407101 -0.571490 0.073607 0.817301 4.183270
0.828098 0.002567 0.560576 247.673801 0.041982 0.996897 -0.066583 22.319300 -0.559008 0.078671 0.825422 5.175487
0.836434 0.004933 0.548044 248.336029 0.039597 0.996803 -0.069405 22.227502 -0.546634 0.079753 0.833565 6.211687
0.844046 0.007261 0.536221 248.991229 0.037969 0.996590 -0.073261 22.130909 -0.534925 0.082195 0.840892 7.264557
0.850877 0.008402 0.525298 249.635932 0.036897 0.996448 -0.075703 22.031930 -0.524068 0.083796 0.847544 8.329278
0.856180 0.009908 0.516582 250.274721 0.035170 0.996380 -0.077401 21.929264 -0.515478 0.084437 0.852732 9.406110
0.860012 0.011569 0.510143 250.909928 0.032546 0.996464 -0.077466 21.823405 -0.509235 0.083225 0.856594 10.495555
0.862890 0.013277 0.505217 251.542965 0.030621 0.996445 -0.078485 21.716829 -0.504463 0.083195 0.859416 11.589952
0.865394 0.014065 0.500894 252.171306 0.029770 0.996397 -0.079411 21.608634 -0.500206 0.083634 0.861858 12.688210
0.867846 0.015249 0.496599 252.796920 0.028728 0.996316 -0.080798 21.499996 -0.496002 0.084387 0.864211 13.792001
0.870007 0.017673 0.492721 253.419269 0.026264 0.996277 -0.082109 21.388112 -0.492338 0.084376 0.866305 14.902952
0.872142 0.019486 0.488864 254.040742 0.025007 0.996125 -0.084319 21.270745 -0.488613 0.085764 0.868275 16.020290
0.874359 0.019868 0.484873 254.655043 0.024917 0.996006 -0.085744 21.153596 -0.484639 0.087053 0.870371 17.137857
0.876428 0.020819 0.481082 255.266654 0.023898 0.995953 -0.086638 21.034865 -0.480939 0.087428 0.872384 18.262886
0.878520 0.021185 0.477235 255.872909 0.023129 0.995958 -0.086789 20.913352 -0.477145 0.087283 0.874480 19.392285
0.880627 0.021853 0.473305 256.478369 0.022228 0.995931 -0.087340 20.790283 -0.473287 0.087435 0.876558 20.532469
0.882512 0.021641 0.469790 257.082712 0.021681 0.996006 -0.086610 20.668153 -0.469788 0.086620 0.878519 21.682533
0.883841 0.021467 0.467294 257.689378 0.021151 0.996091 -0.085765 20.542145 -0.467308 0.085687 0.879932 22.844312
0.884644 0.020884 0.465799 258.287599 0.020483 0.996292 -0.083569 20.420976 -0.465816 0.083470 0.880936 23.996713
0.885210 0.020687 0.464730 258.885010 0.020507 0.996304 -0.083411 20.301882 -0.464738 0.083367 0.881515 25.143200
0.885838 0.019344 0.463591 259.482137 0.021049 0.996427 -0.081797 20.183008 -0.463517 0.082217 0.882266 26.296307
0.886438 0.017393 0.462520 260.071677 0.022655 0.996465 -0.080892 20.068188 -0.462292 0.082184 0.882911 27.434924
0.886779 0.015542 0.461931 260.658647 0.024064 0.996526 -0.079725 19.955027 -0.461565 0.081815 0.883325 28.570167
