0.999998 0.001794 -0.000397 -0.005845 -0.001794 0.999998 0.000054 -0.009282 0.000397 -0.000053 1.000000 1.165586
0.999998 0.001781 -0.001244 -0.011925 -0.001782 0.999998 -0.000570 -0.019354 0.001243 0.000572 0.999999 2.315394
0.999998 0.000664 -0.001796 -0.017861 -0.000667 0.999999 -0.001446 -0.030221 0.001795 0.001448 0.999997 3.459684
0.999998 0.000570 -0.001837 -0.025554 -0.000572 0.999999 -0.001201 -0.039951 0.001836 0.001202 0.999998 4.636357
0.999997 0.001397 -0.002040 -0.032169 -0.001402 0.999997 -0.002054 -0.051911 0.002037 0.002057 0.999996 5.817082
0.999995 0.002534 -0.001897 -0.037824 -0.002540 0.999992 -0.003167 -0.065660 0.001889 0.003172 0.999993 6.995497
0.999993 0.003064 -0.002299 -0.047178 -0.003070 0.999992 -0.002526 -0.078468 0.002292 0.002533 0.999994 8.154833
0.999994 0.001378 -0.003215 -0.057965 -0.001383 0.999998 -0.001613 -0.089802 0.003212 0.001618 0.999994 9.270352
0.999993 -0.000640 -0.003759 -0.071308 0.000644 0.999999 0.000944 -0.096248 0.003758 -0.000946 0.999993 10.377511
0.999991 -0.001177 -0.004115 -0.086621 0.001195 0.999990 0.004387 -0.099097 0.004110 -0.004392 0.999982 11.512302
0.999988 -0.001069 -0.004772 -0.101233 0.001101 0.999977 0.006745 -0.098934 0.004764 -0.006750 0.999966 12.678296
0.999987 -0.000041 -0.005197 -0.114306 0.000082 0.999969 0.007932 -0.098384 0.005197 -0.007932 0.999955 13.854062
0.999984 0.002789 -0.004936 -0.121834 -0.002757 0.999976 0.006438 -0.098817 0.004953 -0.006424 0.999967 15.028820
0.999976 0.004896 -0.004964 -0.127934 -0.004881 0.999984 0.002972 -0.100266 0.004978 -0.002948 0.999983 16.248363
0.999984 0.002536 -0.005063 -0.135363 -0.002532 0.999997 0.000700 -0.103692 0.005065 -0.000687 0.999987 17.424192
0.999987 0.000516 -0.005157 -0.144492 -0.000519 1.000000 -0.000513 -0.110358 0.005157 0.000516 0.999987 18.615684
0.999990 -0.000916 -0.004370 -0.157124 0.000922 0.999998 0.001592 -0.112328 0.004369 -0.001596 0.999989 19.837738
0.999995 0.001731 -0.002766 -0.170584 -0.001715 0.999982 0.005797 -0.112252 0.002776 -0.005793 0.999979 21.069100
0.999979 0.006246 -0.001727 -0.176991 -0.006237 0.999965 0.005544 -0.116644 0.001761 -0.005534 0.999983 22.340937
0.999958 0.009049 -0.001328 -0.180189 -0.009045 0.999955 0.002840 -0.126758 0.001354 -0.002828 0.999995 23.622645
0.999972 0.007305 -0.001552 -0.181622 -0.007306 0.999973 -0.000640 -0.138133 0.001547 0.000651 0.999999 24.889522
0.999985 0.005256 -0.001324 -0.188344 -0.005257 0.999986 -0.000279 -0.147617 0.001322 0.000286 0.999999 26.143765
0.999996 0.002928 -0.000562 -0.193230 -0.002928 0.999996 -0.000093 -0.157018 0.000561 0.000094 1.000000 27.367888
0.999997 0.002410 0.000056 -0.202384 -0.002410 0.999991 0.003415 -0.162247 -0.000048 -0.003415 0.999994 28.610628
1.000000 0.000285 0.000586 -0.206943 -0.000287 0.999991 0.004194 -0.164180 -0.000585 -0.004194 0.999991 29.852098
1.000000 0.000874 0.000649 -0.211997 -0.000877 0.999987 0.004956 -0.163346 -0.000644 -0.004956 0.999988 31.116600
0.999998 0.002050 0.000288 -0.216780 -0.002052 0.999987 0.004706 -0.164873 -0.000278 -0.004707 0.999989 32.398249
0.999994 0.003630 -0.000236 -0.223576 -0.003628 0.999978 0.005502 -0.167009 0.000256 -0.005501 0.999985 33.681691
0.999992 0.004111 -0.000386 -0.231218 -0.004108 0.999966 0.007232 -0.169685 0.000416 -0.007231 0.999974 34.947771
0.999993 0.003831 -0.000094 -0.238632 -0.003830 0.999951 0.009165 -0.170294 0.000129 -0.009164 0.999958 36.223309
0.999990 0.004467 -0.000221 -0.246597 -0.004465 0.999929 0.011029 -0.169791 0.000270 -0.011028 0.999939 37.498846
0.999989 0.004701 -0.000117 -0.252499 -0.004700 0.999920 0.011727 -0.169239 0.000172 -0.011726 0.999931 38.759340
0.999989 0.004730 -0.000345 -0.255886 -0.004726 0.999934 0.010532 -0.170239 0.000395 -0.010530 0.999945 39.992477
0.999990 0.004420 -0.000729 -0.259542 -0.004413 0.999949 0.009080 -0.173421 0.000769 -0.009077 0.999959 41.201621
0.999988 0.004798 -0.001363 -0.265078 -0.004787 0.999955 0.008209 -0.175913 0.001402 -0.008203 0.999966 42.403902
0.999979 0.006100 -0.002184 -0.272571 -0.006082 0.999949 0.008143 -0.176583 0.002234 -0.008130 0.999965 43.606531
0.999979 0.005707 -0.003062 -0.281962 -0.005682 0.999952 0.008071 -0.178083 0.003108 -0.008053 0.999963 44.799722
0.999974 0.006032 -0.004027 -0.293734 -0.005997 0.999944 0.008713 -0.178427 0.004079 -0.008688 0.999954 46.000231
0.999965 0.006884 -0.004857 -0.305883 -0.006840 0.999936 0.009085 -0.176128 0.004919 -0.009051 0.999947 47.215640
0.999959 0.007584 -0.005104 -0.315482 -0.007543 0.999940 0.008033 -0.172544 0.005165 -0.007994 0.999955 48.413577
0.999958 0.007530 -0.005359 -0.327496 -0.007485 0.999938 0.008260 -0.167947 0.005420 -0.008220 0.999952 49.637914
0.999966 0.006495 -0.005200 -0.336105 -0.006460 0.999957 0.006657 -0.165094 0.005243 -0.006623 0.999965 50.831015
0.999967 0.006685 -0.004695 -0.346799 -0.006653 0.999954 0.006886 -0.162510 0.004741 -0.006854 0.999966 52.044990
0.999970 0.006827 -0.003873 -0.357294 -0.006797 0.999947 0.007771 -0.159064 0.003926 -0.007745 0.999963 53.269181
0.999969 0.007342 -0.002826 -0.364916 -0.007319 0.999942 0.007906 -0.155843 0.002884 -0.007885 0.999965 54.493121
0.999975 0.006898 -0.001962 -0.370228 -0.006883 0.999950 0.007341 -0.150383 0.002013 -0.007328 0.999971 55.746273
0.999981 0.006058 -0.001344 -0.374913 -0.006049 0.999962 0.006383 -0.150754 0.001383 -0.006375 0.999979 56.992238
0.999986 0.005422 -0.000550 -0.382566 -0.005417 0.999950 0.008485 -0.149649 0.000596 -0.008482 0.999964 58.209994
0.999988 0.004894 0.000455 -0.387890 -0.004898 0.999938 0.010001 -0.148977 -0.000406 -0.010003 0.999950 59.419726
0.999980 0.006188 0.001359 -0.394041 -0.006205 0.999895 0.013103 -0.147029 -0.001278 -0.013112 0.999914 60.590143
0.999967 0.007799 0.002309 -0.399100 -0.007835 0.999840 0.016126 -0.143897 -0.002183 -0.016143 0.999868 61.741363
0.999957 0.008762 0.003294 -0.402774 -0.008823 0.999782 0.018937 -0.137563 -0.003127 -0.018965 0.999816 62.887357
0.999951 0.008983 0.004205 -0.404826 -0.009071 0.999731 0.021341 -0.125748 -0.004012 -0.021378 0.999764 64.043717
0.999949 0.008861 0.004895 -0.404626 -0.008970 0.999701 0.022752 -0.110417 -0.004692 -0.022794 0.999729 65.201474
0.999944 0.008909 0.005849 -0.402734 -0.009046 0.999676 0.023790 -0.093255 -0.005635 -0.023841 0.999700 66.345652
0.999936 0.009480 0.006267 -0.398415 -0.009623 0.999684 0.023220 -0.077808 -0.006045 -0.023279 0.999711 67.466746
0.999934 0.009388 0.006682 -0.392619 -0.009531 0.999720 0.021682 -0.066996 -0.006477 -0.021745 0.999743 68.577334
0.999933 0.008933 0.007412 -0.384967 -0.009076 0.999770 0.019464 -0.058109 -0.007236 -0.019530 0.999783 69.686850
0.999930 0.008970 0.007800 -0.380002 -0.009118 0.999777 0.019047 -0.048364 -0.007627 -0.019117 0.999788 70.809332
0.999926 0.009093 0.008112 -0.375113 -0.009247 0.999775 0.019102 -0.039659 -0.007937 -0.019176 0.999785 71.928876
0.999930 0.008613 0.008160 -0.369478 -0.008762 0.999793 0.018389 -0.030148 -0.008000 -0.018459 0.999798 73.029011
0.999929 0.008819 0.008057 -0.363958 -0.008961 0.999803 0.017745 -0.021600 -0.007899 -0.017816 0.999810 74.154182
0.999927 0.009526 0.007545 -0.358641 -0.009649 0.999818 0.016507 -0.015215 -0.007386 -0.016578 0.999836 75.282706
0.999925 0.010199 0.006829 -0.352955 -0.010295 0.999845 0.014287 -0.011938 -0.006682 -0.014357 0.999875 76.436611
0.999926 0.010538 0.006058 -0.347434 -0.010609 0.999875 0.011760 -0.011205 -0.005933 -0.011823 0.999913 77.614650
0.999929 0.010551 0.005617 -0.342125 -0.010603 0.999900 0.009383 -0.014865 -0.005517 -0.009442 0.999940 78.778097
0.999933 0.010152 0.005612 -0.336345 -0.010191 0.999923 0.007053 -0.018615 -0.005540 -0.007110 0.999960 79.935221
0.999935 0.009916 0.005682 -0.330778 -0.009945 0.999938 0.005089 -0.023667 -0.005631 -0.005145 0.999971 81.096829
0.999939 0.009466 0.005785 -0.327851 -0.009495 0.999943 0.005002 -0.027915 -0.005738 -0.005057 0.999971 82.271240
0.999939 0.009191 0.006149 -0.323592 -0.009217 0.999948 0.004333 -0.032062 -0.006109 -0.004389 0.999972 83.456940
0.999944 0.008479 0.006407 -0.322012 -0.008513 0.999950 0.005305 -0.035679 -0.006362 -0.005359 0.999966 84.612886
0.999937 0.008985 0.006779 -0.320368 -0.009030 0.999937 0.006664 -0.039875 -0.006719 -0.006725 0.999955 85.751653
0.999921 0.010296 0.007310 -0.316893 -0.010349 0.999920 0.007343 -0.044443 -0.007234 -0.007418 0.999947 86.918590
0.999902 0.011709 0.007741 -0.314289 -0.011778 0.999890 0.008994 -0.044539 -0.007635 -0.009085 0.999930 88.115426
0.999914 0.010393 0.008025 -0.308222 -0.010458 0.999913 0.008122 -0.046139 -0.007940 -0.008205 0.999935 89.285803
0.999931 0.008325 0.008321 -0.302774 -0.008391 0.999933 0.007968 -0.047567 -0.008254 -0.008037 0.999934 90.459223
0.999938 0.007306 0.008429 -0.297218 -0.007371 0.999943 0.007759 -0.047392 -0.008372 -0.007820 0.999935 91.620333
0.999926 0.008413 0.008813 -0.288737 -0.008469 0.999945 0.006270 -0.048353 -0.008760 -0.006344 0.999942 92.803421
0.999898 0.010482 0.009711 -0.278893 -0.010525 0.999935 0.004424 -0.053915 -0.009664 -0.004525 0.999943 93.972903
0.999878 0.011182 0.010899 -0.268268 -0.011216 0.999933 0.003053 -0.060314 -0.010864 -0.003175 0.999936 95.106980
0.999874 0.010170 0.012197 -0.255980 -0.010189 0.999947 0.001511 -0.070798 -0.012181 -0.001635 0.999925 96.239011
0.999877 0.008357 0.013304 -0.247487 -0.008406 0.999958 0.003650 -0.081366 -0.013273 -0.003762 0.999905 97.376048
0.999872 0.006658 0.014580 -0.236841 -0.006740 0.999962 0.005593 -0.085683 -0.014542 -0.005690 0.999878 98.525444
0.999846 0.006915 0.016140 -0.225779 -0.007059 0.999935 0.008932 -0.085534 -0.016077 -0.009045 0.999830 99.699026
0.999796 0.008665 0.018259 -0.209588 -0.008866 0.999901 0.010969 -0.082287 -0.018162 -0.011128 0.999773 100.874498
0.999745 0.010820 0.019856 -0.191189 -0.011070 0.999861 0.012523 -0.073732 -0.019718 -0.012739 0.999725 102.066087
0.999718 0.011238 0.020942 -0.170443 -0.011515 0.999847 0.013181 -0.067234 -0.020791 -0.013419 0.999694 103.256648
0.999692 0.010444 0.022535 -0.149698 -0.010787 0.999827 0.015156 -0.056546 -0.022373 -0.015394 0.999631 104.429096
0.999664 0.009972 0.023938 -0.128719 -0.010400 0.999787 0.017848 -0.043775 -0.023754 -0.018091 0.999554 105.612498
0.999633 0.009772 0.025289 -0.105689 -0.010289 0.999739 0.020384 -0.026059 -0.025083 -0.020637 0.999473 106.799648
0.999608 0.008744 0.026615 -0.078357 -0.009315 0.999728 0.021407 -0.008334 -0.026421 -0.021647 0.999417 108.004709
0.999581 0.008073 0.027809 -0.050972 -0.008717 0.999695 0.023120 0.012769 -0.027614 -0.023352 0.999346 109.193295
0.999550 0.007599 0.029014 -0.020037 -0.008270 0.999700 0.023072 0.032907 -0.028830 -0.023301 0.999313 110.369893
0.999517 0.008372 0.029931 0.012029 -0.009088 0.999674 0.023856 0.054800 -0.029722 -0.024116 0.999268 111.599380
0.999470 0.009260 0.031226 0.048123 -0.010002 0.999669 0.023697 0.076277 -0.030996 -0.023997 0.999232 112.854646
0.999447 0.009548 0.031861 0.083411 -0.010313 0.999661 0.023928 0.095327 -0.031621 -0.024244 0.999206 114.105197
0.999437 0.009731 0.032120 0.121279 -0.010466 0.999686 0.022797 0.112804 -0.031888 -0.023120 0.999224 115.371931
0.999434 0.010516 0.031961 0.156368 -0.011242 0.999681 0.022608 0.127963 -0.031713 -0.022955 0.999234 116.620992
0.999445 0.010289 0.031681 0.191192 -0.010981 0.999704 0.021732 0.141786 -0.031447 -0.022067 0.999262 117.857406
0.999483 0.010680 0.030323 0.224888 -0.011301 0.999729 0.020381 0.155369 -0.030097 -0.020713 0.999333 119.106336
0.999518 0.011663 0.028785 0.257961 -0.012206 0.999750 0.018755 0.172730 -0.028559 -0.019098 0.999410 120.370617
0.999564 0.011762 0.027092 0.289300 -0.012219 0.999785 0.016788 0.190400 -0.026888 -0.017111 0.999492 121.647942
0.999619 0.011746 0.024999 0.315882 -0.012140 0.999804 0.015658 0.202760 -0.024811 -0.015956 0.999565 122.901696
0.999661 0.011172 0.023517 0.339729 -0.011521 0.999825 0.014767 0.212673 -0.023348 -0.015033 0.999615 124.114071
0.999694 0.010911 0.022206 0.364432 -0.011201 0.999854 0.012958 0.220219 -0.022062 -0.013203 0.999670 125.357660
0.999738 0.008713 0.021207 0.390552 -0.008915 0.999916 0.009408 0.218664 -0.021123 -0.009594 0.999731 126.585114
0.999756 0.008309 0.020486 0.418171 -0.008397 0.999956 0.004256 0.214988 -0.020449 -0.004427 0.999782 127.802418
0.999756 0.010352 0.019544 0.445873 -0.010322 0.999946 -0.001629 0.201926 -0.019560 0.001427 0.999808 129.066219
0.999760 0.011663 0.018576 0.471452 -0.011534 0.999909 -0.007045 0.183076 -0.018657 0.006829 0.999803 130.330677
0.999803 0.008232 0.018073 0.492640 -0.008056 0.999920 -0.009777 0.164994 -0.018152 0.009630 0.999789 131.540817
0.999819 0.005086 0.018370 0.508804 -0.004931 0.999952 -0.008466 0.148245 -0.018412 0.008374 0.999796 132.732848
0.999808 0.003149 0.019343 0.523591 -0.003035 0.999978 -0.005912 0.136509 -0.019361 0.005853 0.999796 133.852098
0.999796 0.003011 0.019987 0.542305 -0.002896 0.999980 -0.005772 0.127002 -0.020003 0.005713 0.999784 134.979541
0.999768 0.006081 0.020678 0.564652 -0.005923 0.999953 -0.007678 0.117540 -0.020723 0.007553 0.999757 136.102768
0.999743 0.008298 0.021093 0.587719 -0.008079 0.999913 -0.010457 0.102944 -0.021178 0.010284 0.999723 137.233427
0.999736 0.009329 0.021028 0.609692 -0.009057 0.999875 -0.013015 0.085692 -0.021147 0.012821 0.999695 138.354012
0.999733 0.008853 0.021351 0.629861 -0.008561 0.999869 -0.013732 0.068592 -0.021469 0.013545 0.999678 139.470173
0.999716 0.009310 0.021936 0.646910 -0.009061 0.999894 -0.011432 0.052992 -0.022040 0.011230 0.999694 140.617068
0.999719 0.008640 0.022073 0.662927 -0.008458 0.999930 -0.008320 0.044313 -0.022143 0.008131 0.999722 141.758667
0.999744 0.006575 0.021682 0.678158 -0.006460 0.999965 -0.005364 0.037126 -0.021717 0.005223 0.999751 142.895951
0.999738 0.006068 0.022077 0.695369 -0.006002 0.999978 -0.003042 0.031341 -0.022095 0.002909 0.999752 144.020233
0.999728 0.007080 0.022228 0.713997 -0.007057 0.999975 -0.001097 0.026712 -0.022235 0.000940 0.999753 145.177892
0.999753 0.006672 0.021202 0.731417 -0.006685 0.999978 0.000547 0.023962 -0.021198 -0.000688 0.999776 146.345010
0.999785 0.004242 0.020306 0.749151 -0.004284 0.999989 0.002024 0.023751 -0.020297 -0.002111 0.999792 147.530750
0.999805 0.001638 0.019700 0.764300 -0.001738 0.999986 0.005097 0.023270 -0.019692 -0.005130 0.999793 148.744371
0.999803 0.000553 0.019872 0.778770 -0.000742 0.999955 0.009494 0.030953 -0.019866 -0.009507 0.999758 149.982951
0.999791 0.001955 0.020356 0.795590 -0.002227 0.999910 0.013308 0.043385 -0.020328 -0.013351 0.999705 151.240418
0.999780 0.003992 0.020624 0.814133 -0.004318 0.999866 0.015801 0.056580 -0.020558 -0.015886 0.999663 152.484782
0.999783 0.006372 0.019849 0.832508 -0.006709 0.999834 0.016977 0.072501 -0.019737 -0.017106 0.999659 153.734442
0.999802 0.007411 0.018486 0.854495 -0.007661 0.999880 0.013496 0.082222 -0.018384 -0.013635 0.999739 154.942959
0.999849 0.007061 0.015917 0.869701 -0.007248 0.999905 0.011765 0.089730 -0.015832 -0.011878 0.999805 156.117588
0.999901 0.002430 0.013885 0.881300 -0.002592 0.999929 0.011671 0.099409 -0.013856 -0.011706 0.999836 157.320596
0.999917 -0.002234 0.012749 0.889199 0.002058 0.999904 0.013738 0.109938 -0.012779 -0.013710 0.999825 158.579621
0.999925 -0.003007 0.011905 0.893038 0.002796 0.999839 0.017742 0.131085 -0.011956 -0.017708 0.999772 159.814941
0.999929 -0.002448 0.011708 0.899825 0.002206 0.999784 0.020693 0.154069 -0.011756 -0.020665 0.999718 161.092143
0.999933 0.000709 0.011608 0.907054 -0.000973 0.999742 0.022720 0.176042 -0.011589 -0.022730 0.999675 162.333280
0.999929 0.002518 0.011694 0.915615 -0.002799 0.999706 0.024097 0.199441 -0.011630 -0.024128 0.999642 163.619455
0.999922 0.003193 0.012104 0.927517 -0.003483 0.999705 0.024057 0.225133 -0.012024 -0.024098 0.999638 164.924956
0.999920 0.003652 0.012172 0.941427 -0.003929 0.999733 0.022788 0.248267 -0.012085 -0.022834 0.999667 166.268923
0.999914 0.003996 0.012502 0.957376 -0.004256 0.999774 0.020829 0.265256 -0.012416 -0.020881 0.999705 167.595768
0.999913 0.003658 0.012686 0.973458 -0.003896 0.999817 0.018765 0.280772 -0.012615 -0.018813 0.999744 168.951369
0.999905 0.004397 0.013067 0.990131 -0.004615 0.999850 0.016720 0.292813 -0.012992 -0.016778 0.999775 170.288769
0.999891 0.005780 0.013660 1.009858 -0.005962 0.999894 0.013343 0.301736 -0.013581 -0.013423 0.999818 171.640120
0.999896 0.005618 0.013297 1.027609 -0.005756 0.999930 0.010385 0.307064 -0.013238 -0.010461 0.999858 172.978722
0.999916 0.001280 0.012905 1.038474 -0.001427 0.999935 0.011373 0.314504 -0.012890 -0.011390 0.999853 174.250833
0.999913 -0.003605 0.012729 1.041510 0.003380 0.999839 0.017634 0.326907 -0.012790 -0.017589 0.999764 175.577804
0.999907 -0.003221 0.013310 1.041848 0.002871 0.999654 0.026179 0.346418 -0.013389 -0.026139 0.999569 176.880067
0.999901 0.000194 0.014134 1.044776 -0.000676 0.999417 0.034137 0.381246 -0.014119 -0.034143 0.999318 178.201149
0.999896 0.002375 0.014276 1.057702 -0.002879 0.999370 0.035398 0.419229 -0.014183 -0.035435 0.999272 179.563375
0.999906 0.002742 0.013478 1.073566 -0.003194 0.999431 0.033597 0.452994 -0.013378 -0.033637 0.999345 180.902473
0.999922 0.002400 0.012306 1.089093 -0.002779 0.999521 0.030840 0.484512 -0.012226 -0.030872 0.999449 182.266635
0.999930 0.001583 0.011760 1.102048 -0.001928 0.999566 0.029419 0.511407 -0.011708 -0.029439 0.999499 183.638168
0.999936 0.001017 0.011311 1.112351 -0.001351 0.999564 0.029522 0.541366 -0.011276 -0.029536 0.999501 185.050694
0.999938 0.001068 0.011103 1.120910 -0.001409 0.999527 0.030747 0.575865 -0.011065 -0.030761 0.999466 186.482155
0.999938 0.001742 0.011009 1.128631 -0.002095 0.999482 0.032118 0.610025 -0.010947 -0.032139 0.999424 187.871661
0.999940 0.000914 0.010958 1.138276 -0.001262 0.999496 0.031739 0.643744 -0.010924 -0.031751 0.999437 189.239811
0.999945 -0.000388 0.010565 1.145955 0.000048 0.999482 0.032187 0.676533 -0.010572 -0.032185 0.999427 190.600126
0.999948 -0.001034 0.010186 1.153535 0.000705 0.999480 0.032264 0.710178 -0.010214 -0.032255 0.999428 191.936794
0.999953 -0.001472 0.009608 1.159483 0.001153 0.999452 0.033099 0.745749 -0.009651 -0.033086 0.999407 193.282582
0.999958 -0.002057 0.009004 1.164573 0.001750 0.999420 0.034013 0.785404 -0.009069 -0.033996 0.999381 194.647057
0.999960 -0.002706 0.008566 1.169457 0.002407 0.999393 0.034768 0.828734 -0.008655 -0.034746 0.999359 196.004674
0.999960 -0.003472 0.008300 1.173725 0.003171 0.999344 0.036100 0.871255 -0.008420 -0.036073 0.999314 197.341657
0.999960 -0.004038 0.008025 1.179293 0.003743 0.999330 0.036407 0.915291 -0.008166 -0.036375 0.999305 198.677421
0.999961 -0.004263 0.007824 1.183213 0.003969 0.999300 0.037203 0.959644 -0.007978 -0.037170 0.999278 199.993895
0.999958 -0.004780 0.007897 1.189830 0.004490 0.999329 0.036365 1.004152 -0.008066 -0.036328 0.999308 201.295578
0.999953 -0.005380 0.008185 1.197210 0.005086 0.999358 0.035470 1.049441 -0.008370 -0.035427 0.999338 202.623739
0.999950 -0.005364 0.008503 1.203879 0.005059 0.999358 0.035482 1.094731 -0.008688 -0.035438 0.999335 203.960178
0.999950 -0.004752 0.008890 1.210801 0.004434 0.999362 0.035445 1.141768 -0.009053 -0.035404 0.999333 205.331104
0.999948 -0.004673 0.009158 1.216138 0.004336 0.999326 0.036458 1.189757 -0.009323 -0.036416 0.999294 206.689417
0.999938 -0.005266 0.009909 1.222297 0.004887 0.999269 0.037929 1.238304 -0.010101 -0.037878 0.999232 208.034943
0.999922 -0.006214 0.010894 1.230286 0.005781 0.999210 0.039325 1.289672 -0.011130 -0.039259 0.999168 209.420518
0.999916 -0.005924 0.011593 1.237360 0.005433 0.999108 0.041895 1.340030 -0.011831 -0.041829 0.999055 210.789081
0.999919 -0.003650 0.012225 1.246599 0.003120 0.999066 0.043104 1.390082 -0.012371 -0.043063 0.998996 212.157004
0.999913 -0.003201 0.012872 1.258174 0.002644 0.999069 0.043061 1.442546 -0.012998 -0.043024 0.998990 213.536652
0.999897 -0.005264 0.013407 1.269649 0.004674 0.999035 0.043681 1.495658 -0.013624 -0.043614 0.998956 214.933953
0.999886 -0.006649 0.013581 1.281519 0.006042 0.999002 0.044271 1.550653 -0.013862 -0.044184 0.998928 216.327547
0.999887 -0.006048 0.013803 1.291386 0.005402 0.998911 0.046358 1.607768 -0.014068 -0.046278 0.998830 217.705503
0.999890 -0.004803 0.014075 1.304162 0.004137 0.998887 0.047003 1.664518 -0.014285 -0.046939 0.998796 219.103810
0.999896 -0.004566 0.013702 1.314476 0.003894 0.998807 0.048689 1.723761 -0.013908 -0.048630 0.998721 220.473522
0.999897 -0.004570 0.013683 1.324814 0.003871 0.998709 0.050666 1.785826 -0.013897 -0.050608 0.998623 221.835056
0.999891 -0.004514 0.014083 1.334922 0.003754 0.998560 0.053523 1.852693 -0.014304 -0.053464 0.998468 223.211094
0.999885 -0.004417 0.014550 1.346697 0.003598 0.998432 0.055864 1.925287 -0.014774 -0.055805 0.998333 224.659293
0.999885 -0.004172 0.014656 1.358890 0.003319 0.998327 0.057738 2.001721 -0.014872 -0.057682 0.998225 226.104436
0.999873 -0.004309 0.015388 1.374320 0.003404 0.998291 0.058343 2.076986 -0.015613 -0.058283 0.998179 227.533324
0.999859 -0.003626 0.016459 1.391664 0.002643 0.998233 0.059367 2.152070 -0.016646 -0.059315 0.998101 228.955392
0.999846 -0.003112 0.017282 1.411544 0.002086 0.998254 0.059035 2.227289 -0.017435 -0.058990 0.998107 230.359297
0.999838 -0.004268 0.017522 1.430438 0.003220 0.998228 0.059426 2.305142 -0.017745 -0.059359 0.998079 231.772275
0.999823 -0.005645 0.017962 1.449810 0.004556 0.998182 0.060114 2.379660 -0.018269 -0.060022 0.998030 233.176835
0.999819 -0.004051 0.018624 1.470549 0.002914 0.998153 0.060685 2.456255 -0.018835 -0.060620 0.997984 234.599737
0.999808 -0.002350 0.019485 1.492282 0.001156 0.998134 0.061054 2.530226 -0.019592 -0.061020 0.997945 235.978632
0.999796 -0.003219 0.019948 1.515329 0.001991 0.998120 0.061269 2.604169 -0.020108 -0.061217 0.997922 237.367134
0.999777 -0.004219 0.020713 1.539316 0.002935 0.998095 0.061639 2.674389 -0.020933 -0.061564 0.997884 238.722238
0.999755 -0.004621 0.021679 1.562670 0.003233 0.997969 0.063629 2.751430 -0.021929 -0.063543 0.997739 240.116656
0.999733 -0.004779 0.022613 1.586046 0.003270 0.997796 0.066291 2.837216 -0.022880 -0.066199 0.997545 241.529901
0.999710 -0.005477 0.023472 1.611015 0.003856 0.997640 0.068566 2.923486 -0.023792 -0.068456 0.997371 242.918543
0.999683 -0.006167 0.024459 1.637625 0.004428 0.997501 0.070515 3.009888 -0.024832 -0.070384 0.997211 244.278276
0.999642 -0.006760 0.025912 1.664888 0.004871 0.997371 0.072303 3.093420 -0.026333 -0.072151 0.997047 245.602773
0.999603 -0.007900 0.027078 1.694795 0.005899 0.997301 0.073186 3.171009 -0.027583 -0.072997 0.996951 246.894491
0.999555 -0.008580 0.028593 1.728329 0.006470 0.997303 0.073112 3.241863 -0.029143 -0.072894 0.996914 248.168762
0.999509 -0.008548 0.030165 1.763277 0.006308 0.997270 0.073581 3.315668 -0.030712 -0.073355 0.996833 249.460423
0.999491 -0.007826 0.030963 1.800391 0.005522 0.997257 0.073820 3.394339 -0.031455 -0.073612 0.996791 250.794214
0.999490 -0.007860 0.030985 1.836676 0.005563 0.997278 0.073537 3.467625 -0.031479 -0.073327 0.996812 252.085840
0.999472 -0.010729 0.030679 1.872810 0.008458 0.997279 0.073243 3.546342 -0.031382 -0.072945 0.996843 253.392285
0.999462 -0.013182 0.030069 1.909069 0.010984 0.997336 0.072122 3.625130 -0.030940 -0.071752 0.996943 254.715708
0.999486 -0.013657 0.029024 1.942277 0.011524 0.997307 0.072431 3.710072 -0.029935 -0.072059 0.996952 256.064291
0.999501 -0.014193 0.028261 1.974866 0.012096 0.997257 0.073028 3.797103 -0.029220 -0.072650 0.996930 257.441227
0.999497 -0.015331 0.027793 2.005313 0.013228 0.997146 0.074333 3.881592 -0.028853 -0.073928 0.996847 258.795154
0.999491 -0.015955 0.027637 2.036402 0.013838 0.997076 0.075168 3.964958 -0.028755 -0.074747 0.996788 260.134866
0.999499 -0.015618 0.027540 2.067523 0.013490 0.997031 0.075817 4.045019 -0.028642 -0.075407 0.996742 261.470339
0.999517 -0.015570 0.026935 2.099165 0.013503 0.997073 0.075265 4.125811 -0.028028 -0.074865 0.996800 262.804466
0.999549 -0.014224 0.026461 2.127968 0.012180 0.997046 0.075845 4.204903 -0.027462 -0.075489 0.996769 264.119105
0.999572 -0.013145 0.026161 2.154749 0.011043 0.996820 0.078925 4.298866 -0.027116 -0.078602 0.996538 265.472662
0.999542 -0.013355 0.027178 2.186310 0.011133 0.996705 0.080358 4.393394 -0.028161 -0.080018 0.996396 266.830824
0.999509 -0.014065 0.028029 2.217510 0.011712 0.996529 0.082430 4.492117 -0.029092 -0.082061 0.996203 268.181966
0.999492 -0.014888 0.028206 2.252996 0.012535 0.996570 0.081806 4.599442 -0.029327 -0.081411 0.996250 269.550236
0.999471 -0.016312 0.028149 2.289184 0.014022 0.996721 0.079698 4.698676 -0.029357 -0.079261 0.996422 270.864097
0.999412 -0.018449 0.028939 2.325602 0.016129 0.996788 0.078455 4.797304 -0.030293 -0.077942 0.996498 272.193764
0.999378 -0.019572 0.029358 2.360133 0.017244 0.996841 0.077538 4.890329 -0.030783 -0.076983 0.996558 273.485544
0.999389 -0.021061 0.027936 2.388463 0.018807 0.996727 0.078632 4.987338 -0.029501 -0.078059 0.996513 274.792598
0.999447 -0.020621 0.026129 2.413987 0.018457 0.996584 0.080511 5.091292 -0.027700 -0.079984 0.996412 276.147357
0.999522 -0.017336 0.025641 2.440959 0.015180 0.996517 0.082005 5.199433 -0.026973 -0.081576 0.996303 277.530114
0.999563 -0.014343 0.025876 2.473533 0.012216 0.996676 0.080559 5.304937 -0.026946 -0.080208 0.996415 278.948136
0.999560 -0.013973 0.026179 2.507397 0.011848 0.996754 0.079635 5.413347 -0.027207 -0.079289 0.996481 280.383015
0.999524 -0.015329 0.026793 2.542718 0.013169 0.996786 0.079026 5.525271 -0.027918 -0.078635 0.996513 281.851416
0.999509 -0.015536 0.027230 2.578218 0.013358 0.996831 0.078424 5.630093 -0.028362 -0.078021 0.996549 283.314051
0.999494 -0.015066 0.028041 2.613384 0.012809 0.996791 0.079020 5.733920 -0.029142 -0.078621 0.996479 284.787150
0.999469 -0.015280 0.028803 2.649410 0.012936 0.996722 0.079877 5.840581 -0.029929 -0.079462 0.996389 286.272954
0.999448 -0.016396 0.028921 2.681850 0.013970 0.996521 0.082177 5.947156 -0.030167 -0.081727 0.996199 287.709864
0.999429 -0.017029 0.029213 2.715867 0.014532 0.996390 0.083656 6.055660 -0.030532 -0.083184 0.996067 289.137137
0.999448 -0.015291 0.029531 2.752615 0.012799 0.996484 0.082809 6.160826 -0.030693 -0.082385 0.996128 290.529580
0.999463 -0.014713 0.029298 2.789024 0.012264 0.996550 0.082096 6.263695 -0.030404 -0.081693 0.996194 291.938645
0.999463 -0.016257 0.028483 2.825144 0.013881 0.996560 0.081709 6.374291 -0.029713 -0.081269 0.996250 293.406271
0.999466 -0.016507 0.028229 2.855520 0.014099 0.996413 0.083450 6.481568 -0.029505 -0.083008 0.996113 294.810526
0.999427 -0.018992 0.028056 2.887017 0.016544 0.996242 0.085027 6.594190 -0.029565 -0.084514 0.995984 296.212186
0.999374 -0.022295 0.027490 2.915990 0.019818 0.995983 0.087329 6.708561 -0.029327 -0.086729 0.995801 297.606481
0.999400 -0.022273 0.026536 2.942774 0.019813 0.995781 0.089601 6.831159 -0.028420 -0.089021 0.995625 299.003914
0.999496 -0.019221 0.025305 2.968816 0.016833 0.995671 0.091424 6.956784 -0.026953 -0.090951 0.995491 300.412718
0.999569 -0.016787 0.024120 2.993863 0.014479 0.995574 0.092868 7.085900 -0.025572 -0.092479 0.995387 301.824195
0.999567 -0.018120 0.023213 3.020306 0.015891 0.995553 0.092865 7.210823 -0.024793 -0.092456 0.995409 303.220938
0.999575 -0.019784 0.021465 3.043153 0.017719 0.995559 0.092467 7.334999 -0.023199 -0.092047 0.995485 304.607680
0.999621 -0.019035 0.019948 3.066002 0.017137 0.995671 0.091362 7.455721 -0.021600 -0.090985 0.995619 306.017209
0.999633 -0.019164 0.019194 3.089421 0.017364 0.995798 0.089923 7.575620 -0.020837 -0.089556 0.995764 307.440249
0.999623 -0.020394 0.018416 3.109805 0.018661 0.995785 0.089811 7.694614 -0.020170 -0.089434 0.995789 308.877127
0.999607 -0.021590 0.017925 3.130801 0.019903 0.995790 0.089491 7.820010 -0.019781 -0.089099 0.995827 310.370175
0.999604 -0.022004 0.017591 3.151176 0.020344 0.995777 0.089529 7.945253 -0.019487 -0.089135 0.995830 311.863642
0.999594 -0.022691 0.017296 3.171857 0.021058 0.995775 0.089390 8.076303 -0.019251 -0.088990 0.995847 313.395397
0.999567 -0.024035 0.017037 3.191884 0.022423 0.995762 0.089204 8.205406 -0.019109 -0.088783 0.995868 314.874233
0.999543 -0.025220 0.016731 3.209881 0.023621 0.995690 0.089695 8.332691 -0.018921 -0.089259 0.995829 316.345312
0.999544 -0.025250 0.016604 3.227731 0.023667 0.995711 0.089445 8.455659 -0.018791 -0.089011 0.995854 317.812540
0.999502 -0.026530 0.017112 3.244305 0.024886 0.995631 0.090007 8.572783 -0.019425 -0.089536 0.995795 319.203472
0.999460 -0.028072 0.017149 3.262517 0.026432 0.995649 0.089363 8.692029 -0.019583 -0.088861 0.995852 320.605119
0.999499 -0.026550 0.017258 3.281577 0.024918 0.995746 0.088717 8.814013 -0.019540 -0.088242 0.995908 322.044027
0.999506 -0.026089 0.017565 3.301644 0.024452 0.995845 0.087728 8.929197 -0.019781 -0.087255 0.995990 323.449862
0.999456 -0.027686 0.017954 3.319264 0.025993 0.995737 0.088513 9.042066 -0.020328 -0.087998 0.995914 324.799041
0.999427 -0.028447 0.018384 3.335347 0.026672 0.995539 0.090509 9.156062 -0.020877 -0.089967 0.995727 326.151987
0.999440 -0.027722 0.018780 3.352402 0.025859 0.995323 0.093092 9.286214 -0.021273 -0.092554 0.995481 327.626785
0.999457 -0.026630 0.019468 3.371813 0.024663 0.995162 0.095108 9.421941 -0.021906 -0.094576 0.995277 329.112100
0.999431 -0.027017 0.020254 3.393997 0.024948 0.995045 0.096252 9.561233 -0.022754 -0.095692 0.995151 330.613003
0.999386 -0.027932 0.021209 3.416681 0.025723 0.994843 0.098122 9.708027 -0.023840 -0.097516 0.994949 332.145653
0.999380 -0.028084 0.021292 3.440692 0.025829 0.994686 0.099672 9.857971 -0.023978 -0.099060 0.994793 333.710176
0.999356 -0.028246 0.022154 3.465063 0.025845 0.994442 0.102075 9.999813 -0.024914 -0.101437 0.994531 335.197330
0.999340 -0.028021 0.023136 3.489617 0.025436 0.994110 0.105356 10.145869 -0.025952 -0.104698 0.994166 336.692854
0.999379 -0.027062 0.022603 3.514074 0.024480 0.993892 0.107614 10.302876 -0.025377 -0.106994 0.993936 338.231493
0.999373 -0.027665 0.022130 3.538450 0.025074 0.993634 0.109836 10.464056 -0.025028 -0.109212 0.993704 339.780417
0.999353 -0.028300 0.022215 3.562188 0.025634 0.993349 0.112260 10.619198 -0.025244 -0.111618 0.993431 341.287968
0.999354 -0.028104 0.022418 3.588500 0.025370 0.993146 0.114099 10.785692 -0.025471 -0.113456 0.993217 342.843569
0.999380 -0.027105 0.022514 3.614033 0.024299 0.992867 0.116734 10.958975 -0.025517 -0.116115 0.992908 344.407613
0.999385 -0.026882 0.022542 3.640311 0.024023 0.992640 0.118699 11.134496 -0.025566 -0.118085 0.992675 345.926241
0.999371 -0.027372 0.022569 3.667063 0.024461 0.992417 0.120462 11.312275 -0.025695 -0.119834 0.992462 347.450249
