0.999999 -0.000783 -0.000711 -0.000930 0.000782 0.999998 -0.002025 -0.004997 0.000712 0.002024 0.999998 0.594774
0.999997 -0.002070 -0.001231 -0.003919 0.002066 0.999993 -0.003020 -0.010521 0.001237 0.003018 0.999995 1.188022
0.999992 -0.003104 -0.002452 -0.008758 0.003096 0.999989 -0.003476 -0.016376 0.002462 0.003468 0.999991 1.757529
0.999982 -0.004748 -0.003647 -0.011916 0.004728 0.999975 -0.005356 -0.021208 0.003672 0.005339 0.999979 2.328724
0.999967 -0.006582 -0.004718 -0.014850 0.006544 0.999946 -0.008026 -0.026453 0.004771 0.007995 0.999957 2.899048
0.999959 -0.007152 -0.005639 -0.020581 0.007099 0.999932 -0.009279 -0.031060 0.005705 0.009239 0.999941 3.475669
0.999960 -0.006237 -0.006395 -0.028017 0.006174 0.999933 -0.009759 -0.034835 0.006455 0.009719 0.999932 4.065783
0.999955 -0.006629 -0.006741 -0.034670 0.006555 0.999920 -0.010857 -0.039758 0.006813 0.010812 0.999918 4.700619
0.999931 -0.009450 -0.006992 -0.042394 0.009375 0.999899 -0.010692 -0.045142 0.007093 0.010626 0.999918 5.309825
0.999882 -0.013608 -0.007093 -0.051805 0.013541 0.999865 -0.009304 -0.044453 0.007219 0.009206 0.999932 5.913635
0.999821 -0.017354 -0.007513 -0.061556 0.017289 0.999814 -0.008570 -0.037943 0.007660 0.008439 0.999935 6.517732
0.999819 -0.017189 -0.008104 -0.075244 0.017136 0.999831 -0.006635 -0.027124 0.008216 0.006495 0.999945 7.250074
0.999909 -0.009556 -0.009510 -0.088843 0.009501 0.999938 -0.005776 -0.018295 0.009565 0.005685 0.999938 8.019440
0.999947 0.002932 -0.009865 -0.102105 -0.002983 0.999982 -0.005175 -0.014750 0.009849 0.005204 0.999938 8.829742
0.999906 0.010563 -0.008738 -0.112203 -0.010610 0.999929 -0.005351 -0.018519 0.008681 0.005443 0.999948 9.686262
0.999919 0.009648 -0.008292 -0.124731 -0.009682 0.999945 -0.004078 -0.027251 0.008253 0.004158 0.999957 10.475656
0.999974 0.002016 -0.006888 -0.135251 -0.002031 0.999996 -0.002101 -0.031984 0.006884 0.002115 0.999974 11.230236
0.999973 -0.003886 -0.006186 -0.142673 0.003874 0.999991 -0.001917 -0.029987 0.006194 0.001893 0.999979 12.000164
0.999979 -0.002669 -0.005882 -0.145885 0.002641 0.999985 -0.004867 -0.020701 0.005895 0.004852 0.999971 12.800250
0.999959 0.007343 -0.005330 -0.152007 -0.007373 0.999957 -0.005719 -0.016573 0.005287 0.005758 0.999969 13.624621
0.999870 0.015284 -0.005048 -0.159814 -0.015315 0.999864 -0.006134 -0.024853 0.004953 0.006210 0.999968 14.481477
0.999826 0.017836 -0.005417 -0.167154 -0.017879 0.999808 -0.008006 -0.040765 0.005273 0.008101 0.999953 15.321727
0.999838 0.017169 -0.005426 -0.172475 -0.017228 0.999790 -0.011072 -0.057439 0.005235 0.011164 0.999924 16.212367
0.999870 0.015313 -0.004968 -0.180273 -0.015375 0.999804 -0.012516 -0.076823 0.004776 0.012590 0.999909 17.157671
0.999910 0.012570 -0.004676 -0.192658 -0.012622 0.999857 -0.011237 -0.097535 0.004534 0.011295 0.999926 18.143376
0.999966 0.007242 -0.003869 -0.196405 -0.007297 0.999869 -0.014470 -0.122468 0.003764 0.014498 0.999888 19.177213
0.999994 0.001217 -0.003190 -0.200883 -0.001271 0.999855 -0.016969 -0.145885 0.003169 0.016973 0.999851 20.172480
0.999988 -0.004088 -0.002511 -0.208488 0.004047 0.999861 -0.016188 -0.161608 0.002577 0.016178 0.999866 21.099263
0.999985 -0.004648 -0.002697 -0.217314 0.004606 0.999873 -0.015250 -0.175333 0.002768 0.015238 0.999880 22.012692
0.999988 -0.003636 -0.003270 -0.225672 0.003584 0.999871 -0.015654 -0.192592 0.003326 0.015642 0.999872 22.967108
0.999984 -0.004354 -0.003698 -0.235538 0.004297 0.999874 -0.015320 -0.210804 0.003764 0.015304 0.999876 23.963799
0.999973 -0.006099 -0.004044 -0.248273 0.006045 0.999897 -0.013047 -0.225672 0.004123 0.013022 0.999907 24.968812
0.999968 -0.006908 -0.003997 -0.260864 0.006867 0.999926 -0.010075 -0.236558 0.004066 0.010047 0.999941 25.933487
0.999966 -0.007065 -0.004143 -0.271024 0.007027 0.999933 -0.009268 -0.246062 0.004208 0.009239 0.999949 26.926391
0.999962 -0.007306 -0.004642 -0.280371 0.007261 0.999928 -0.009589 -0.255141 0.004712 0.009555 0.999943 27.888273
0.999963 -0.007107 -0.004811 -0.289387 0.007058 0.999924 -0.010159 -0.269487 0.004883 0.010125 0.999937 28.877053
0.999969 -0.005947 -0.005213 -0.299412 0.005895 0.999932 -0.010049 -0.284521 0.005272 0.010018 0.999936 29.839904
0.999976 -0.003850 -0.005747 -0.309884 0.003790 0.999939 -0.010412 -0.299984 0.005787 0.010390 0.999929 30.840682
0.999978 -0.002713 -0.006111 -0.322321 0.002651 0.999946 -0.010068 -0.317400 0.006138 0.010052 0.999931 31.861484
0.999971 -0.003690 -0.006613 -0.334701 0.003622 0.999941 -0.010296 -0.335285 0.006651 0.010271 0.999925 32.914061
0.999964 -0.004469 -0.007149 -0.348787 0.004401 0.999945 -0.009518 -0.352681 0.007191 0.009486 0.999929 33.941979
0.999963 -0.003437 -0.007899 -0.363458 0.003365 0.999954 -0.009062 -0.366841 0.007930 0.009035 0.999928 34.989430
0.999964 -0.000871 -0.008469 -0.377202 0.000794 0.999958 -0.009145 -0.379166 0.008477 0.009138 0.999922 36.069554
0.999956 0.002664 -0.009001 -0.394281 -0.002735 0.999965 -0.007928 -0.393164 0.008979 0.007952 0.999928 37.144298
0.999942 0.004582 -0.009719 -0.411002 -0.004654 0.999962 -0.007429 -0.408399 0.009685 0.007474 0.999925 38.193159
0.999937 0.004758 -0.010217 -0.427144 -0.004835 0.999960 -0.007596 -0.425777 0.010181 0.007645 0.999919 39.251364
0.999941 0.003408 -0.010362 -0.442866 -0.003492 0.999961 -0.008123 -0.443590 0.010334 0.008158 0.999914 40.330935
0.999935 0.003009 -0.011028 -0.462131 -0.003090 0.999969 -0.007321 -0.464273 0.011006 0.007354 0.999913 41.417002
0.999922 0.004359 -0.011690 -0.481031 -0.004446 0.999963 -0.007452 -0.485476 0.011657 0.007504 0.999904 42.516755
0.999900 0.006413 -0.012622 -0.501323 -0.006508 0.999951 -0.007505 -0.507442 0.012574 0.007587 0.999892 43.608742
0.999868 0.009021 -0.013517 -0.522675 -0.009129 0.999927 -0.007959 -0.530099 0.013444 0.008082 0.999877 44.725345
0.999856 0.008812 -0.014503 -0.544920 -0.008936 0.999924 -0.008559 -0.553341 0.014427 0.008688 0.999858 45.829840
0.999877 0.005178 -0.014840 -0.567551 -0.005301 0.999952 -0.008254 -0.575769 0.014797 0.008332 0.999856 46.953038
0.999885 0.001513 -0.015071 -0.589308 -0.001638 0.999965 -0.008270 -0.595236 0.015058 0.008294 0.999852 48.043767
0.999885 0.001183 -0.015124 -0.611468 -0.001303 0.999968 -0.007929 -0.612692 0.015114 0.007948 0.999854 49.106376
0.999876 0.003670 -0.015329 -0.635700 -0.003776 0.999970 -0.006891 -0.628389 0.015303 0.006948 0.999859 50.191748
0.999866 0.005533 -0.015450 -0.660511 -0.005620 0.999969 -0.005586 -0.645381 0.015419 0.005672 0.999865 51.288217
0.999854 0.006284 -0.015928 -0.682090 -0.006396 0.999956 -0.006982 -0.664110 0.015883 0.007083 0.999849 52.392853
0.999861 0.005121 -0.015882 -0.705179 -0.005240 0.999959 -0.007483 -0.681406 0.015843 0.007565 0.999846 53.535201
0.999868 0.003175 -0.015941 -0.726984 -0.003316 0.999956 -0.008819 -0.701494 0.015912 0.008870 0.999834 54.660109
0.999872 0.001056 -0.015996 -0.751352 -0.001203 0.999958 -0.009140 -0.724321 0.015985 0.009158 0.999831 55.832044
0.999868 -0.001365 -0.016208 -0.774544 0.001202 0.999949 -0.010091 -0.745865 0.016221 0.010070 0.999818 56.976673
0.999852 -0.004631 -0.016603 -0.795577 0.004429 0.999916 -0.012190 -0.768767 0.016658 0.012115 0.999788 58.073541
0.999845 -0.006096 -0.016542 -0.817053 0.005873 0.999892 -0.013480 -0.793648 0.016622 0.013381 0.999773 59.155144
0.999869 -0.003925 -0.015704 -0.836624 0.003701 0.999892 -0.014228 -0.817532 0.015759 0.014168 0.999776 60.239713
0.999882 0.001842 -0.015296 -0.857076 -0.002066 0.999891 -0.014626 -0.843188 0.015267 0.014656 0.999776 61.354677
0.999856 0.007689 -0.015173 -0.878957 -0.007907 0.999867 -0.014321 -0.868920 0.015061 0.014438 0.999783 62.449948
0.999850 0.008337 -0.015217 -0.900074 -0.008579 0.999837 -0.015904 -0.898217 0.015082 0.016032 0.999758 63.596947
0.999873 0.005481 -0.015010 -0.919771 -0.005749 0.999824 -0.017873 -0.932324 0.014909 0.017957 0.999728 64.757870
0.999884 0.002498 -0.015052 -0.940287 -0.002784 0.999816 -0.019013 -0.969772 0.015002 0.019052 0.999706 65.877477
0.999885 -0.001400 -0.015125 -0.964713 0.001141 0.999853 -0.017141 -1.006499 0.015147 0.017122 0.999739 66.923983
0.999866 -0.005339 -0.015500 -0.987004 0.005078 0.999847 -0.016785 -1.038307 0.015588 0.016704 0.999739 67.949988
0.999865 -0.005580 -0.015473 -1.013397 0.005368 0.999892 -0.013758 -1.066489 0.015548 0.013673 0.999786 69.030810
0.999881 -0.001950 -0.015311 -1.040965 0.001800 0.999951 -0.009797 -1.089882 0.015330 0.009768 0.999835 70.123125
0.999880 0.000334 -0.015490 -1.066756 -0.000457 0.999969 -0.007959 -1.113391 0.015486 0.007966 0.999849 71.246467
0.999877 0.001287 -0.015665 -1.090219 -0.001411 0.999968 -0.007933 -1.137548 0.015654 0.007954 0.999846 72.373557
0.999873 0.002131 -0.015830 -1.112216 -0.002264 0.999963 -0.008421 -1.160355 0.015811 0.008456 0.999840 73.480639
0.999864 0.003367 -0.016149 -1.135070 -0.003501 0.999960 -0.008245 -1.181214 0.016120 0.008300 0.999836 74.575939
0.999846 0.004934 -0.016860 -1.157590 -0.005093 0.999943 -0.009433 -1.204230 0.016812 0.009518 0.999814 75.698221
0.999819 0.006272 -0.017962 -1.181087 -0.006474 0.999917 -0.011181 -1.232417 0.017891 0.011295 0.999777 76.824571
0.999820 0.004895 -0.018358 -1.204587 -0.005126 0.999908 -0.012581 -1.263322 0.018295 0.012673 0.999753 77.911874
0.999825 0.001467 -0.018661 -1.230522 -0.001702 0.999920 -0.012568 -1.296081 0.018641 0.012597 0.999747 78.997838
0.999823 -0.000649 -0.018838 -1.256258 0.000419 0.999926 -0.012232 -1.327104 0.018844 0.012222 0.999748 80.069692
0.999824 0.000913 -0.018747 -1.283789 -0.001102 0.999949 -0.010093 -1.352056 0.018737 0.010112 0.999774 81.148947
0.999816 0.005278 -0.018466 -1.310149 -0.005440 0.999948 -0.008714 -1.375631 0.018419 0.008813 0.999792 82.231860
0.999782 0.009014 -0.018848 -1.337366 -0.009166 0.999927 -0.007992 -1.399279 0.018775 0.008163 0.999791 83.330110
0.999766 0.009606 -0.019412 -1.365751 -0.009750 0.999926 -0.007375 -1.423367 0.019339 0.007563 0.999785 84.442791
0.999773 0.007430 -0.019975 -1.392523 -0.007589 0.999941 -0.007867 -1.443164 0.019915 0.008017 0.999770 85.532929
0.999762 0.006600 -0.020815 -1.418644 -0.006784 0.999939 -0.008766 -1.465283 0.020756 0.008905 0.999745 86.572729
0.999748 0.006240 -0.021575 -1.445332 -0.006457 0.999930 -0.009989 -1.489441 0.021511 0.010126 0.999718 87.604260
0.999726 0.006496 -0.022480 -1.472124 -0.006752 0.999914 -0.011321 -1.514944 0.022404 0.011470 0.999684 88.615396
0.999703 0.007660 -0.023151 -1.497442 -0.007966 0.999882 -0.013150 -1.541602 0.023047 0.013330 0.999646 89.590425
0.999664 0.010198 -0.023833 -1.526177 -0.010529 0.999850 -0.013799 -1.571150 0.023689 0.014045 0.999621 90.592880
0.999625 0.010778 -0.025164 -1.556150 -0.011155 0.999827 -0.014909 -1.601397 0.024999 0.015184 0.999572 91.596787
0.999570 0.010830 -0.027274 -1.587895 -0.011270 0.999808 -0.016030 -1.631428 0.027095 0.016331 0.999500 92.569021
0.999500 0.009901 -0.030050 -1.621510 -0.010409 0.999806 -0.016766 -1.662944 0.029878 0.017070 0.999408 93.478225
0.999418 0.008920 -0.032946 -1.656786 -0.009502 0.999802 -0.017533 -1.692254 0.032783 0.017835 0.999304 94.363668
0.999321 0.008980 -0.035749 -1.692655 -0.009643 0.999784 -0.018412 -1.718389 0.035576 0.018744 0.999192 95.209564
0.999210 0.009912 -0.038490 -1.733222 -0.010613 0.999781 -0.018051 -1.744798 0.038302 0.018446 0.999096 96.063010
0.999094 0.010645 -0.041200 -1.775168 -0.011402 0.999770 -0.018199 -1.770212 0.040997 0.018652 0.998986 96.912337
0.998965 0.011819 -0.043937 -1.818162 -0.012627 0.999756 -0.018166 -1.792784 0.043711 0.018702 0.998870 97.728980
0.998848 0.012356 -0.046377 -1.863996 -0.013170 0.999764 -0.017300 -1.816054 0.046152 0.017891 0.998775 98.545949
0.998733 0.012807 -0.048665 -1.909766 -0.013612 0.999776 -0.016237 -1.840407 0.048446 0.016879 0.998684 99.314726
0.998623 0.011682 -0.051156 -1.959716 -0.012429 0.999821 -0.014312 -1.863044 0.050980 0.014928 0.998588 100.101554
0.998553 0.008015 -0.053178 -2.008350 -0.008699 0.999883 -0.012643 -1.882420 0.053070 0.013087 0.998505 100.857280
0.998462 0.004535 -0.055259 -2.056486 -0.005090 0.999938 -0.009896 -1.897800 0.055210 0.010162 0.998423 101.547666
0.998366 0.001897 -0.057123 -2.103107 -0.002358 0.999966 -0.007997 -1.907659 0.057106 0.008119 0.998335 102.221447
0.998321 0.000991 -0.057913 -2.148207 -0.001313 0.999984 -0.005514 -1.913602 0.057906 0.005581 0.998307 102.869023
0.998396 0.001456 -0.056606 -2.189513 -0.001599 0.999996 -0.002482 -1.915518 0.056602 0.002569 0.998394 103.490046
0.998585 0.002941 -0.053101 -2.225688 -0.002864 0.999995 0.001526 -1.914934 0.053105 -0.001372 0.998588 104.076125
0.998869 0.004214 -0.047369 -2.252258 -0.004028 0.999984 0.004022 -1.914616 0.047386 -0.003826 0.998870 104.647769
0.999187 0.006073 -0.039867 -2.268765 -0.005872 0.999970 0.005163 -1.916266 0.039897 -0.004924 0.999192 105.192022
0.999485 0.008688 -0.030884 -2.276137 -0.008538 0.999951 0.004991 -1.919848 0.030926 -0.004725 0.999511 105.707653
0.999752 0.010227 -0.019805 -2.275396 -0.010134 0.999937 0.004784 -1.925259 0.019853 -0.004582 0.999793 106.206005
0.999913 0.010789 -0.007588 -2.266358 -0.010760 0.999935 0.003829 -1.932016 0.007629 -0.003747 0.999964 106.694452
0.999922 0.010373 0.007007 -2.246944 -0.010395 0.999942 0.002985 -1.940666 -0.006976 -0.003058 0.999971 107.165441
0.999672 0.007926 0.024364 -2.215299 -0.007955 0.999968 0.001091 -1.950880 -0.024355 -0.001284 0.999703 107.624456
0.998960 0.003908 0.045437 -2.171823 -0.003925 0.999993 0.000285 -1.959972 -0.045435 -0.000463 0.998968 108.061220
0.997594 -0.000006 0.069330 -2.113083 0.000163 0.999998 -0.002267 -1.966902 -0.069330 0.002273 0.997592 108.491601
0.995389 -0.001717 0.095903 -2.041538 0.002169 0.999987 -0.004610 -1.975539 -0.095894 0.004797 0.995380 108.907615
0.992011 -0.001380 0.126145 -1.955454 0.002248 0.999975 -0.006743 -1.985030 -0.126132 0.006972 0.991989 109.313579
0.987234 -0.001691 0.159269 -1.848916 0.003209 0.999952 -0.009272 -1.995967 -0.159246 0.009665 0.987192 109.735696
0.980660 -0.001822 0.195710 -1.721393 0.004429 0.999907 -0.012880 -2.005295 -0.195669 0.013497 0.980578 110.157551
0.971651 -0.000341 0.236418 -1.568745 0.004512 0.999844 -0.017101 -2.017263 -0.236376 0.017683 0.971501 110.580221
0.960721 0.000792 0.277515 -1.405126 0.005042 0.999781 -0.020307 -2.030880 -0.277471 0.020909 0.960507 110.971894
0.946900 0.000716 0.321527 -1.222272 0.006356 0.999761 -0.020945 -2.042979 -0.321465 0.021877 0.946669 111.361597
0.930298 0.000479 0.366804 -1.011197 0.007331 0.999775 -0.019897 -2.057422 -0.366731 0.021199 0.930086 111.768871
0.911175 0.002326 0.412013 -0.781822 0.006706 0.999768 -0.020475 -2.069119 -0.411965 0.021419 0.910948 112.154532
0.889596 0.004215 0.456730 -0.545552 0.006489 0.999740 -0.021865 -2.082995 -0.456703 0.022415 0.889337 112.498621
0.865224 0.004503 0.501364 -0.269405 0.007694 0.999723 -0.022257 -2.098357 -0.501326 0.023115 0.864950 112.869164
0.838304 0.002469 0.545197 0.018075 0.010827 0.999717 -0.021174 -2.112395 -0.545095 0.023653 0.838041 113.215249
0.807046 -0.001162 0.590487 0.333682 0.015688 0.999688 -0.019473 -2.123793 -0.590280 0.024979 0.806812 113.550510
0.773508 -0.005604 0.633762 0.682152 0.020349 0.999665 -0.015996 -2.137814 -0.633460 0.025269 0.773363 113.893664
0.738623 -0.008294 0.674067 1.020604 0.024723 0.999585 -0.014791 -2.146974 -0.673665 0.027590 0.738522 114.183722
0.702253 -0.008418 0.711878 1.371296 0.026835 0.999533 -0.014652 -2.153414 -0.711422 0.029393 0.702151 114.452280
0.665652 -0.005362 0.746243 1.717755 0.027818 0.999458 -0.017633 -2.160077 -0.745744 0.032496 0.665440 114.685568
0.627087 -0.000858 0.778948 2.087251 0.027059 0.999420 -0.020682 -2.174439 -0.778479 0.034047 0.626747 114.909924
0.585149 0.001860 0.810924 2.449318 0.026089 0.999437 -0.021117 -2.187377 -0.810506 0.033513 0.584771 115.103114
0.542313 0.003651 0.840169 2.837053 0.025215 0.999470 -0.020619 -2.199535 -0.839798 0.032367 0.541933 115.289238
0.497461 0.008019 0.867449 3.262087 0.024020 0.999447 -0.023014 -2.215754 -0.867154 0.032285 0.496993 115.465390
0.451052 0.012288 0.892413 3.719455 0.022293 0.999438 -0.025030 -2.235549 -0.892219 0.031184 0.450525 115.630120
0.403991 0.014028 0.914655 4.197424 0.021762 0.999452 -0.024940 -2.255213 -0.914504 0.029980 0.403465 115.782678
0.355872 0.014755 0.934418 4.738104 0.023284 0.999425 -0.024649 -2.273029 -0.934245 0.030529 0.355324 115.933803
0.308676 0.014144 0.951062 5.252369 0.025644 0.999402 -0.023186 -2.286613 -0.950822 0.031546 0.308129 116.049652
0.263307 0.014377 0.964605 5.737813 0.027298 0.999378 -0.022347 -2.296335 -0.964326 0.032216 0.262751 116.133950
0.223282 0.017569 0.974595 6.275207 0.028042 0.999308 -0.024439 -2.310778 -0.974351 0.032787 0.222635 116.209894
0.189361 0.021709 0.981667 6.874392 0.029145 0.999191 -0.027718 -2.329696 -0.981475 0.033859 0.188575 116.282937
0.160845 0.021686 0.986741 7.530483 0.031122 0.999150 -0.027031 -2.343158 -0.986489 0.035057 0.160033 116.363058
0.137535 0.021031 0.990274 8.230943 0.029792 0.999235 -0.025359 -2.363150 -0.990049 0.032990 0.136803 116.440774
0.116031 0.015737 0.993121 8.891688 0.025645 0.999494 -0.018834 -2.381602 -0.992915 0.027654 0.115568 116.507688
0.094220 0.011584 0.995484 9.543269 0.021247 0.999681 -0.013644 -2.396671 -0.995325 0.022436 0.093944 116.553913
0.072133 0.015388 0.997276 10.130772 0.019834 0.999661 -0.016860 -2.408234 -0.997198 0.020997 0.071803 116.566566
0.051930 0.022398 0.998399 10.796827 0.021736 0.999486 -0.023553 -2.426433 -0.998414 0.022924 0.051416 116.569482
0.033888 0.027232 0.999054 11.419940 0.024915 0.999295 -0.028083 -2.446179 -0.999115 0.025843 0.033185 116.564679
0.019898 0.029808 0.999357 12.107585 0.031225 0.999049 -0.030420 -2.464417 -0.999315 0.031810 0.018948 116.560620
0.010254 0.029743 0.999505 12.785672 0.036191 0.998892 -0.030096 -2.481536 -0.999292 0.036482 0.009166 116.559377
0.003909 0.031591 0.999493 13.469792 0.035906 0.998852 -0.031711 -2.499506 -0.999348 0.036011 0.002770 116.554499
0.001888 0.037072 0.999311 14.169653 0.032520 0.998782 -0.037114 -2.528657 -0.999469 0.032568 0.000680 116.547727
0.003037 0.038425 0.999257 14.869521 0.030386 0.998797 -0.038499 -2.561326 -0.999534 0.030481 0.001866 116.551557
0.005792 0.037223 0.999290 15.573681 0.029810 0.998856 -0.037379 -2.591917 -0.999539 0.030005 0.004675 116.563386
0.008208 0.033511 0.999404 16.259873 0.029987 0.998981 -0.033743 -2.622063 -0.999517 0.030246 0.007194 116.579962
0.010128 0.032454 0.999422 16.946588 0.030953 0.998984 -0.032753 -2.651445 -0.999470 0.031267 0.009113 116.592881
0.011804 0.031841 0.999423 17.638821 0.031613 0.998981 -0.032200 -2.677937 -0.999431 0.031975 0.010786 116.606106
0.013500 0.031475 0.999413 18.376794 0.030711 0.999020 -0.031877 -2.706280 -0.999437 0.031123 0.012520 116.621004
0.014652 0.029837 0.999447 19.108237 0.029231 0.999115 -0.030256 -2.732598 -0.999465 0.029658 0.013767 116.638124
0.015389 0.029423 0.999448 19.843812 0.028132 0.999159 -0.029848 -2.757526 -0.999486 0.028575 0.014548 116.653544
0.015101 0.028553 0.999478 20.593676 0.025906 0.999245 -0.028937 -2.785270 -0.999550 0.026330 0.014350 116.669014
0.014688 0.025188 0.999575 21.363304 0.024307 0.999378 -0.025540 -2.813690 -0.999597 0.024672 0.014066 116.688427
0.014291 0.022808 0.999638 22.162526 0.023271 0.999461 -0.023137 -2.838085 -0.999627 0.023594 0.013752 116.706115
0.013498 0.023758 0.999626 22.970500 0.020630 0.999498 -0.024034 -2.865215 -0.999696 0.020947 0.013001 116.718002
0.012370 0.024003 0.999635 23.777974 0.018860 0.999529 -0.024233 -2.892546 -0.999746 0.019153 0.011912 116.730026
0.010911 0.021325 0.999713 24.573087 0.017970 0.999607 -0.021519 -2.919857 -0.999779 0.018199 0.010523 116.744613
0.009867 0.017547 0.999797 25.361705 0.022870 0.999581 -0.017769 -2.944333 -0.999690 0.023041 0.009462 116.760420
0.008724 0.017927 0.999801 26.162141 0.027483 0.999457 -0.018161 -2.963262 -0.999584 0.027636 0.008227 116.768797
0.007962 0.017412 0.999817 26.977274 0.028824 0.999429 -0.017635 -2.980934 -0.999553 0.028959 0.007455 116.779397
0.006964 0.013422 0.999885 27.805757 0.026914 0.999545 -0.013605 -2.993298 -0.999614 0.027006 0.006599 116.794938
0.006102 0.009610 0.999935 28.638455 0.023000 0.999688 -0.009748 -3.004508 -0.999717 0.023058 0.005879 116.809887
0.005875 0.007748 0.999953 29.492840 0.017674 0.999813 -0.007851 -3.017924 -0.999827 0.017719 0.005737 116.822586
0.005590 0.004489 0.999974 30.375209 0.012161 0.999916 -0.004557 -3.030332 -0.999911 0.012186 0.005535 116.837523
0.005821 0.001138 0.999982 31.288957 0.011434 0.999934 -0.001204 -3.049012 -0.999918 0.011441 0.005807 116.852950
0.007265 0.003623 0.999967 32.155181 0.017695 0.999837 -0.003751 -3.069123 -0.999817 0.017721 0.007200 116.860793
0.009296 0.004124 0.999948 33.009485 0.028071 0.999596 -0.004383 -3.080754 -0.999563 0.028110 0.009177 116.872392
0.010000 0.005625 0.999934 33.852299 0.032362 0.999459 -0.005946 -3.088377 -0.999426 0.032419 0.009813 116.883752
0.010717 0.008103 0.999910 34.694871 0.027099 0.999598 -0.008391 -3.099209 -0.999576 0.027186 0.010493 116.893407
0.010943 0.010637 0.999883 35.532067 0.019650 0.999748 -0.010850 -3.117097 -0.999747 0.019766 0.010731 116.902697
0.012163 0.012931 0.999842 36.412804 0.016478 0.999778 -0.013130 -3.141196 -0.999791 0.016636 0.011947 116.915546
0.012580 0.012294 0.999845 37.299370 0.017333 0.999772 -0.012512 -3.163584 -0.999771 0.017488 0.012364 116.932691
0.011760 0.009166 0.999889 38.199534 0.018492 0.999785 -0.009383 -3.186744 -0.999760 0.018600 0.011588 116.951497
0.009927 0.007132 0.999925 39.060930 0.018652 0.999799 -0.007316 -3.205548 -0.999777 0.018723 0.009792 116.965211
0.008284 0.007558 0.999937 39.922505 0.018436 0.999801 -0.007709 -3.223452 -0.999796 0.018499 0.008143 116.974235
0.006464 0.007236 0.999953 40.771480 0.018716 0.999798 -0.007356 -3.238907 -0.999804 0.018763 0.006327 116.982422
0.004495 0.005925 0.999972 41.622466 0.018860 0.999804 -0.006009 -3.252445 -0.999812 0.018887 0.004382 116.990283
0.002710 0.004472 0.999986 42.468838 0.018018 0.999828 -0.004520 -3.263276 -0.999834 0.018030 0.002628 116.996674
0.000801 0.005506 0.999984 43.325105 0.016440 0.999850 -0.005519 -3.280680 -0.999865 0.016445 0.000710 116.997245
-0.000967 0.004849 0.999988 44.152533 0.016551 0.999852 -0.004833 -3.296588 -0.999863 0.016546 -0.001047 116.999739
-0.002498 0.004625 0.999986 44.964441 0.017565 0.999835 -0.004581 -3.310396 -0.999843 0.017554 -0.002579 117.001195
-0.003264 0.005034 0.999982 45.776307 0.017729 0.999831 -0.004976 -3.322185 -0.999838 0.017712 -0.003352 117.001254
-0.004091 0.006936 0.999967 46.559125 0.016286 0.999844 -0.006868 -3.337925 -0.999859 0.016258 -0.004204 116.998407
-0.005466 0.007163 0.999959 47.362708 0.015494 0.999855 -0.007078 -3.354125 -0.999865 0.015455 -0.005576 116.996189
-0.006492 0.006436 0.999958 48.162555 0.015173 0.999865 -0.006337 -3.368326 -0.999864 0.015131 -0.006589 116.995209
-0.007190 0.005693 0.999958 48.977828 0.014309 0.999882 -0.005590 -3.382922 -0.999872 0.014269 -0.007271 116.993867
-0.007775 0.005179 0.999956 49.784590 0.013225 0.999900 -0.005076 -3.399605 -0.999883 0.013185 -0.007843 116.992353
-0.008108 0.005628 0.999951 50.570530 0.012833 0.999903 -0.005523 -3.417451 -0.999885 0.012788 -0.008180 116.989691
-0.008102 0.005788 0.999950 51.347406 0.015644 0.999862 -0.005661 -3.432379 -0.999845 0.015597 -0.008192 116.987355
-0.008276 0.005630 0.999950 52.066133 0.018606 0.999812 -0.005476 -3.443070 -0.999793 0.018560 -0.008379 116.985896
-0.008216 0.002969 0.999962 52.792067 0.020595 0.999784 -0.002799 -3.452203 -0.999754 0.020571 -0.008276 116.988229
-0.007151 0.003857 0.999967 53.529888 0.021390 0.999765 -0.003704 -3.464706 -0.999746 0.021363 -0.007232 116.986658
-0.006856 0.005258 0.999963 54.276305 0.020920 0.999768 -0.005113 -3.480691 -0.999758 0.020884 -0.006964 116.983612
-0.006259 0.006619 0.999958 54.991001 0.020334 0.999772 -0.006490 -3.496095 -0.999774 0.020293 -0.006392 116.982080
-0.005819 0.004390 0.999973 55.677585 0.021104 0.999768 -0.004266 -3.509593 -0.999761 0.021079 -0.005910 116.986064
-0.004806 0.003011 0.999984 56.378186 0.021919 0.999756 -0.002905 -3.521344 -0.999748 0.021905 -0.004871 116.989753
-0.004531 0.005357 0.999975 57.090646 0.020433 0.999778 -0.005263 -3.535045 -0.999781 0.020409 -0.004639 116.987032
-0.005376 0.006456 0.999965 57.797490 0.019738 0.999785 -0.006349 -3.549404 -0.999791 0.019703 -0.005502 116.983780
-0.008493 0.003702 0.999957 58.495121 0.019817 0.999798 -0.003533 -3.560612 -0.999768 0.019786 -0.008565 116.982000
-0.012807 0.000139 0.999918 59.184502 0.020335 0.999793 0.000122 -3.569090 -0.999711 0.020335 -0.012808 116.976873
-0.018618 0.003697 0.999820 59.849994 0.023635 0.999716 -0.003256 -3.578209 -0.999547 0.023570 -0.018700 116.955087
-0.024801 0.006217 0.999673 60.486509 0.025970 0.999647 -0.005573 -3.590341 -0.999355 0.025823 -0.024954 116.930972
-0.031405 0.006240 0.999487 61.138356 0.027899 0.999597 -0.005364 -3.598882 -0.999118 0.027717 -0.031566 116.906059
-0.037598 0.002829 0.999289 61.813138 0.028200 0.999601 -0.001769 -3.604348 -0.998895 0.028113 -0.037663 116.882255
-0.042884 0.002882 0.999076 62.496256 0.027250 0.999627 -0.001714 -3.611266 -0.998709 0.027151 -0.042947 116.849949
-0.047451 0.001618 0.998872 63.189368 0.028448 0.999595 -0.000268 -3.615446 -0.998469 0.028403 -0.047478 116.817684
-0.051727 0.000042 0.998661 63.889150 0.028448 0.999594 0.001432 -3.617138 -0.998256 0.028484 -0.051707 116.783320
-0.054564 0.001949 0.998508 64.606013 0.024998 0.999687 -0.000586 -3.621724 -0.998197 0.024929 -0.054596 116.741551
-0.056555 0.005740 0.998383 65.332473 0.021288 0.999763 -0.004542 -3.630546 -0.998173 0.020997 -0.056664 116.696306
-0.058120 0.006865 0.998286 66.068980 0.018471 0.999813 -0.005800 -3.642581 -0.998139 0.018102 -0.058236 116.654529
-0.059127 0.008243 0.998216 66.828895 0.018401 0.999805 -0.007166 -3.661736 -0.998081 0.017944 -0.059267 116.610413
-0.059403 0.009843 0.998185 67.639439 0.021654 0.999729 -0.008569 -3.682596 -0.997999 0.021106 -0.059600 116.564615
-0.059764 0.013716 0.998118 68.437379 0.024411 0.999627 -0.012275 -3.705710 -0.997914 0.023632 -0.060077 116.515247
-0.061098 0.018101 0.997967 69.204891 0.027673 0.999482 -0.016434 -3.732295 -0.997748 0.026612 -0.061567 116.465012
-0.061785 0.019202 0.997904 69.952347 0.028349 0.999445 -0.017476 -3.758111 -0.997687 0.027210 -0.062296 116.420525
-0.062705 0.018666 0.997857 70.718177 0.026171 0.999512 -0.017052 -3.782531 -0.997689 0.025045 -0.063163 116.374853
-0.062915 0.019830 0.997822 71.506563 0.021420 0.999599 -0.018515 -3.808584 -0.997789 0.020208 -0.063315 116.325465
-0.063021 0.021374 0.997783 72.309505 0.018989 0.999615 -0.020214 -3.835089 -0.997832 0.017673 -0.063403 116.275621
-0.063653 0.021829 0.997733 73.105977 0.018419 0.999616 -0.020695 -3.865255 -0.997802 0.017060 -0.064031 116.227513
-0.063584 0.021511 0.997744 73.904143 0.019647 0.999601 -0.020299 -3.895926 -0.997783 0.018312 -0.063981 116.180835
-0.064588 0.021203 0.997687 74.721863 0.020474 0.999592 -0.019918 -3.925536 -0.997702 0.019140 -0.064996 116.130944
-0.065832 0.022182 0.997584 75.551150 0.020540 0.999571 -0.020871 -3.955044 -0.997619 0.019116 -0.066259 116.077060
-0.066811 0.022990 0.997501 76.397441 0.020502 0.999555 -0.021664 -3.983974 -0.997555 0.019003 -0.067253 116.022086
-0.068080 0.022986 0.997415 77.207970 0.019830 0.999568 -0.021682 -4.011856 -0.997483 0.018302 -0.068506 115.969883
-0.069384 0.021515 0.997358 78.026726 0.020207 0.999593 -0.020158 -4.037632 -0.997385 0.018755 -0.069791 115.918496
-0.070128 0.022074 0.997293 78.811943 0.021427 0.999558 -0.020617 -4.061094 -0.997308 0.019924 -0.070571 115.866607
-0.070625 0.020713 0.997288 79.565105 0.021559 0.999583 -0.019234 -4.081711 -0.997270 0.020142 -0.071043 115.818919
-0.071426 0.021511 0.997214 80.299879 0.021703 0.999564 -0.020007 -4.099834 -0.997210 0.020214 -0.071862 115.768197
-0.072334 0.022017 0.997137 81.056044 0.019448 0.999598 -0.020660 -4.121376 -0.997191 0.017898 -0.072733 115.714774
-0.073183 0.019407 0.997129 81.828982 0.017084 0.999688 -0.018203 -4.141249 -0.997172 0.015702 -0.073492 115.664880
-0.074981 0.016219 0.997053 82.623648 0.015073 0.999772 -0.015130 -4.159305 -0.997071 0.013894 -0.075209 115.611679
-0.077124 0.017685 0.996864 83.428207 0.014192 0.999761 -0.016639 -4.179096 -0.996921 0.012864 -0.077357 115.549475
-0.078818 0.019789 0.996692 84.238219 0.014383 0.999722 -0.018712 -4.197237 -0.996785 0.012860 -0.079081 115.485051
-0.080726 0.019228 0.996551 85.022012 0.015590 0.999716 -0.018026 -4.215520 -0.996614 0.014081 -0.081003 115.425011
-0.081890 0.020559 0.996429 85.824400 0.019006 0.999638 -0.019063 -4.235319 -0.996460 0.017377 -0.082251 115.361390
-0.082216 0.022353 0.996364 86.609941 0.022649 0.999532 -0.020555 -4.257380 -0.996357 0.020877 -0.082684 115.298760
-0.083047 0.023551 0.996267 87.419043 0.026743 0.999413 -0.021396 -4.279705 -0.996187 0.024866 -0.083628 115.234053
-0.082177 0.025208 0.996299 88.242555 0.027240 0.999364 -0.023039 -4.299197 -0.996246 0.025246 -0.082811 115.168826
-0.081704 0.027412 0.996279 89.030981 0.025996 0.999340 -0.025364 -4.320138 -0.996318 0.023827 -0.082363 115.104736
-0.081465 0.026775 0.996316 89.811980 0.023707 0.999408 -0.024919 -4.342403 -0.996394 0.021589 -0.082052 115.045560
-0.080228 0.025145 0.996459 90.620328 0.021877 0.999485 -0.023460 -4.364560 -0.996537 0.019918 -0.080737 114.988075
-0.078119 0.023088 0.996676 91.466265 0.019448 0.999577 -0.021631 -4.383400 -0.996754 0.017694 -0.078536 114.931044
-0.076113 0.022606 0.996843 92.347860 0.016158 0.999640 -0.021436 -4.402222 -0.996968 0.014476 -0.076451 114.870709
-0.074215 0.023013 0.996977 93.253578 0.012550 0.999676 -0.022141 -4.421917 -0.997163 0.010869 -0.074479 114.809066
-0.072643 0.020747 0.997142 94.197622 0.012904 0.999720 -0.019861 -4.446708 -0.997275 0.011424 -0.072890 114.749788
-0.071350 0.020468 0.997241 95.136942 0.017334 0.999664 -0.019277 -4.476109 -0.997301 0.015911 -0.071681 114.689762
-0.069846 0.020677 0.997343 96.070354 0.024058 0.999529 -0.019037 -4.500380 -0.997268 0.022664 -0.070310 114.630838
-0.067777 0.018712 0.997525 97.030006 0.028039 0.999465 -0.016843 -4.519773 -0.997306 0.026828 -0.068266 114.575228
-0.065788 0.016840 0.997691 97.968009 0.025265 0.999565 -0.015205 -4.538558 -0.997514 0.024207 -0.066185 114.521697
-0.064687 0.016308 0.997772 98.936801 0.022512 0.999636 -0.014879 -4.556011 -0.997652 0.021499 -0.065030 114.464730
-0.064277 0.017058 0.997786 99.896756 0.020577 0.999664 -0.015765 -4.575774 -0.997720 0.019518 -0.064607 114.406720
-0.063842 0.016294 0.997827 100.836824 0.020147 0.999684 -0.015035 -4.598157 -0.997757 0.019144 -0.064150 114.352476
-0.063748 0.015800 0.997841 101.792106 0.020162 0.999691 -0.014541 -4.619713 -0.997762 0.019192 -0.064047 114.296573
-0.063607 0.017729 0.997817 102.754813 0.017544 0.999708 -0.016644 -4.644925 -0.997821 0.016447 -0.063899 114.236813
-0.063303 0.020129 0.997791 103.706939 0.016571 0.999680 -0.019116 -4.671782 -0.997857 0.015324 -0.063616 114.177414
-0.062862 0.021645 0.997787 104.640798 0.017774 0.999631 -0.020566 -4.701127 -0.997864 0.016442 -0.063224 114.121503
-0.062805 0.022190 0.997779 105.552259 0.019881 0.999582 -0.020979 -4.732642 -0.997828 0.018519 -0.063220 114.068150
-0.062385 0.018179 0.997886 106.400959 0.021971 0.999617 -0.016837 -4.757659 -0.997810 0.020874 -0.062761 114.026368
-0.062036 0.012844 0.997991 107.212390 0.018750 0.999756 -0.011701 -4.777709 -0.997898 0.017986 -0.062262 113.989372
-0.062355 0.008078 0.998021 108.068530 0.017951 0.999815 -0.006971 -4.797118 -0.997893 0.017481 -0.062489 113.947360
-0.063599 0.005510 0.997960 108.934465 0.019152 0.999807 -0.004299 -4.815713 -0.997792 0.018840 -0.063693 113.899000
-0.065088 0.003131 0.997874 109.863323 0.024071 0.999709 -0.001567 -4.836289 -0.997589 0.023918 -0.065144 113.846431
-0.066160 0.003750 0.997802 110.712949 0.026655 0.999643 -0.001989 -4.851789 -0.997453 0.026465 -0.066237 113.792688
-0.067199 0.004418 0.997730 111.560821 0.027132 0.999629 -0.002599 -4.865323 -0.997371 0.026895 -0.067294 113.737226
-0.068205 0.005461 0.997656 112.414333 0.026602 0.999640 -0.003653 -4.880655 -0.997317 0.026291 -0.068326 113.680300
-0.069502 0.006562 0.997560 113.246856 0.027181 0.999620 -0.004682 -4.896789 -0.997212 0.026789 -0.069654 113.623124
-0.070363 0.008696 0.997483 114.101473 0.030343 0.999518 -0.006573 -4.915288 -0.997060 0.029804 -0.070594 113.563134
-0.071266 0.008454 0.997421 114.928656 0.031845 0.999474 -0.006197 -4.930520 -0.996949 0.031321 -0.071498 113.506671
-0.072320 0.006430 0.997361 115.773397 0.032485 0.999464 -0.004088 -4.947703 -0.996853 0.032103 -0.072490 113.450275
-0.074169 0.005462 0.997231 116.606922 0.031939 0.999485 -0.003099 -4.960401 -0.996734 0.031621 -0.074305 113.390794
-0.077210 0.006673 0.996992 117.413202 0.033285 0.999438 -0.004112 -4.974392 -0.996459 0.032868 -0.077388 113.327305
-0.080646 0.007355 0.996716 118.194143 0.036185 0.999335 -0.004447 -4.983630 -0.996086 0.035708 -0.080859 113.263406
-0.083800 0.006985 0.996458 118.994572 0.037801 0.999278 -0.003826 -4.992506 -0.995765 0.037346 -0.084004 113.197001
-0.086862 0.008138 0.996187 119.774506 0.037878 0.999271 -0.004860 -5.000216 -0.995500 0.037312 -0.087107 113.127184
-0.089154 0.010553 0.995962 120.563453 0.036169 0.999319 -0.007351 -5.014549 -0.995361 0.035368 -0.089475 113.053566
-0.091709 0.012040 0.995713 121.377170 0.036850 0.999283 -0.008689 -5.033927 -0.995104 0.035895 -0.092087 112.977758
-0.093026 0.007718 0.995634 122.213571 0.042617 0.999084 -0.003763 -5.047479 -0.994751 0.042081 -0.093270 112.909045
-0.094742 0.004969 0.995489 123.013699 0.050165 0.998741 -0.000211 -5.050683 -0.994237 0.049919 -0.094872 112.838986
-0.097236 0.007888 0.995230 123.782099 0.052316 0.998627 -0.002804 -5.053786 -0.993886 0.051794 -0.097515 112.759221
-0.100244 0.008288 0.994928 124.562629 0.050037 0.998742 -0.003279 -5.057773 -0.993704 0.049455 -0.100532 112.679304
-0.102508 0.006211 0.994713 125.380373 0.042838 0.999080 -0.001824 -5.068388 -0.993809 0.042425 -0.102680 112.597971
-0.103951 0.005086 0.994569 126.173615 0.040786 0.999168 -0.000847 -5.078416 -0.993746 0.040476 -0.104072 112.518118
-0.105863 0.004645 0.994370 126.937492 0.043909 0.999036 0.000008 -5.082397 -0.993411 0.043663 -0.105965 112.438501
-0.108044 0.002729 0.994142 127.706440 0.047707 0.998858 0.002443 -5.085839 -0.993001 0.047691 -0.108051 112.359111
-0.110286 0.002273 0.993897 128.471183 0.050115 0.998738 0.003276 -5.091636 -0.992636 0.050171 -0.110261 112.274928
-0.112470 0.005583 0.993639 129.229269 0.054049 0.998538 0.000507 -5.097419 -0.992184 0.053762 -0.112608 112.184991
-0.114671 0.006130 0.993384 129.946388 0.058766 0.998272 0.000624 -5.098735 -0.991664 0.058449 -0.114833 112.102728
-0.117572 0.005994 0.993046 130.667342 0.061340 0.998116 0.001238 -5.100288 -0.991168 0.061059 -0.117718 112.017141
-0.120480 0.006657 0.992693 131.388697 0.058369 0.998295 0.000390 -5.103466 -0.990999 0.057989 -0.120663 111.926846
-0.125584 0.008786 0.992044 132.134259 0.054337 0.998521 -0.001965 -5.106493 -0.990594 0.053658 -0.125876 111.826059
-0.130948 0.010862 0.991330 132.884365 0.052705 0.998602 -0.003980 -5.110074 -0.989987 0.051727 -0.131338 111.720462
-0.137358 0.010472 0.990466 133.607458 0.051770 0.998653 -0.003379 -5.114443 -0.989168 0.050812 -0.137715 111.616549
-0.146110 0.009728 0.989220 134.307857 0.052440 0.998622 -0.002075 -5.117290 -0.987877 0.051572 -0.146419 111.507917
-0.157182 0.009843 0.987520 134.992376 0.053285 0.998578 -0.001472 -5.122923 -0.986131 0.052389 -0.157483 111.389140
-0.169447 0.010614 0.985482 135.712047 0.054005 0.998540 -0.001469 -5.128541 -0.984059 0.052972 -0.169773 111.253463
-0.181739 0.011683 0.983277 136.439980 0.054588 0.998507 -0.001774 -5.134031 -0.981831 0.053353 -0.182106 111.105817
-0.193634 0.013346 0.980983 137.172593 0.054113 0.998531 -0.002904 -5.137572 -0.979580 0.052522 -0.194072 110.947133
-0.205184 0.015378 0.978602 137.906270 0.053771 0.998544 -0.004417 -5.144970 -0.977245 0.051714 -0.205712 110.778862
-0.215909 0.017988 0.976248 138.609075 0.053031 0.998571 -0.006671 -5.154588 -0.974972 0.050331 -0.216554 110.608602
-0.225959 0.021561 0.973898 139.321111 0.052572 0.998568 -0.009909 -5.165981 -0.972717 0.048960 -0.226769 110.427361
-0.234537 0.024342 0.971802 140.046932 0.051572 0.998590 -0.012566 -5.183197 -0.970738 0.047171 -0.235462 110.238991
-0.241589 0.023542 0.970093 140.769040 0.052260 0.998571 -0.011218 -5.195262 -0.968971 0.047987 -0.242474 110.054323
-0.246569 0.025746 0.968783 141.515058 0.049624 0.998671 -0.013910 -5.203829 -0.967854 0.044645 -0.247519 109.856729
-0.249599 0.030011 0.967884 142.231969 0.045584 0.998776 -0.019214 -5.215724 -0.967276 0.039324 -0.250662 109.663443
-0.251097 0.033562 0.967380 142.974684 0.042893 0.998803 -0.023519 -5.234795 -0.967011 0.035588 -0.252236 109.465126
-0.252234 0.034541 0.967049 143.683962 0.040986 0.998847 -0.024987 -5.254598 -0.966798 0.033333 -0.253359 109.279421
-0.252664 0.038094 0.966804 144.395107 0.046090 0.998564 -0.027301 -5.275571 -0.966456 0.037662 -0.254057 109.092366
-0.251618 0.039105 0.967036 145.068599 0.049616 0.998391 -0.027463 -5.293561 -0.966554 0.041070 -0.253153 108.920636
-0.251200 0.040934 0.967069 145.745029 0.049163 0.998356 -0.029488 -5.314188 -0.966686 0.040137 -0.252799 108.744557
-0.249926 0.041865 0.967359 146.445591 0.046914 0.998415 -0.031088 -5.337076 -0.967128 0.037613 -0.251495 108.565501
-0.248834 0.043538 0.967567 147.135129 0.043460 0.998485 -0.033753 -5.365261 -0.967571 0.033651 -0.250350 108.388150
-0.247835 0.045267 0.967744 147.790928 0.043722 0.998413 -0.035504 -5.394806 -0.967815 0.033513 -0.249421 108.221245
-0.245842 0.047812 0.968130 148.452410 0.045790 0.998241 -0.037672 -5.428007 -0.968228 0.035069 -0.247599 108.055100
-0.241801 0.050447 0.969013 149.156766 0.047121 0.998080 -0.040202 -5.457288 -0.969181 0.035940 -0.243714 107.883133
-0.236790 0.051868 0.970175 149.883127 0.045573 0.998068 -0.042236 -5.490517 -0.970491 0.034213 -0.238697 107.711136
-0.232174 0.053932 0.971178 150.598814 0.043313 0.998045 -0.045070 -5.524337 -0.971709 0.031600 -0.234056 107.543731
-0.228357 0.053760 0.972092 151.316411 0.041152 0.998115 -0.045533 -5.562780 -0.972707 0.029605 -0.230139 107.381300
-0.224802 0.054659 0.972870 152.050779 0.040059 0.998100 -0.046820 -5.604014 -0.973581 0.028447 -0.226565 107.216682
-0.222067 0.054370 0.973514 152.789754 0.038293 0.998160 -0.047011 -5.644707 -0.974279 0.026839 -0.223741 107.053817
-0.219334 0.055752 0.974055 153.507872 0.035804 0.998153 -0.049069 -5.683322 -0.974993 0.024113 -0.220925 106.895222
-0.216442 0.056553 0.974656 154.227746 0.033144 0.998171 -0.050558 -5.727286 -0.975733 0.021361 -0.217921 106.739717
-0.213778 0.054061 0.975385 154.965913 0.031392 0.998332 -0.048453 -5.775656 -0.976378 0.020261 -0.215119 106.587794
-0.210993 0.049907 0.976213 155.671343 0.032927 0.998492 -0.043929 -5.818924 -0.976933 0.022875 -0.212318 106.448000
-0.207209 0.051170 0.976957 156.357090 0.036296 0.998346 -0.044592 -5.856726 -0.977623 0.026220 -0.208724 106.308900
-0.202702 0.053050 0.977802 157.019025 0.038996 0.998177 -0.046071 -5.893397 -0.978464 0.028792 -0.204401 106.177559
-0.197238 0.052301 0.978959 157.672654 0.039630 0.998185 -0.045344 -5.927920 -0.979554 0.029853 -0.198953 106.055886
-0.189821 0.049366 0.980577 158.298767 0.037978 0.998357 -0.042909 -5.958977 -0.981084 0.029096 -0.191384 105.950009
-0.180726 0.049738 0.982275 158.904468 0.035773 0.998392 -0.043972 -5.988654 -0.982883 0.027192 -0.182214 105.850322
-0.171041 0.052057 0.983888 159.506924 0.033945 0.998322 -0.046920 -6.018526 -0.984679 0.025373 -0.172521 105.755035
-0.161450 0.053026 0.985455 160.097143 0.032347 0.998303 -0.048418 -6.049673 -0.986351 0.024059 -0.162891 105.670033
-0.150988 0.052797 0.987124 160.674082 0.031548 0.998322 -0.048570 -6.082175 -0.988032 0.023808 -0.152401 105.596299
-0.139468 0.054177 0.988743 161.237259 0.030227 0.998270 -0.050435 -6.114924 -0.989765 0.022853 -0.140864 105.530015
