0.999998 -0.000813 0.001707 -0.002837 0.000811 0.999999 0.000841 -0.019411 -0.001708 -0.000839 0.999998 1.138701
0.999995 -0.000255 0.003199 -0.004019 0.000251 0.999999 0.001220 -0.038517 -0.003199 -0.001220 0.999994 2.281520
0.999991 0.000177 0.004242 -0.002610 -0.000180 1.000000 0.000587 -0.058439 -0.004242 -0.000588 0.999991 3.421196
0.999987 0.000373 0.005123 -0.000874 -0.000375 1.000000 0.000375 -0.078976 -0.005123 -0.000377 0.999987 4.562452
0.999983 0.000471 0.005850 0.002138 -0.000472 1.000000 0.000129 -0.099557 -0.005850 -0.000132 0.999983 5.698970
0.999978 -0.000563 0.006654 0.005166 0.000559 1.000000 0.000489 -0.119711 -0.006654 -0.000485 0.999978 6.830031
0.999973 -0.000800 0.007324 0.009493 0.000798 1.000000 0.000221 -0.139921 -0.007324 -0.000215 0.999973 7.965304
0.999972 0.000809 0.007433 0.013300 -0.000807 1.000000 -0.000268 -0.160999 -0.007433 0.000262 0.999972 9.103799
0.999980 0.001798 0.006138 0.013797 -0.001792 0.999998 -0.000968 -0.184038 -0.006139 0.000957 0.999981 10.238653
0.999992 0.001498 0.003670 0.011292 -0.001491 0.999997 -0.001976 -0.208608 -0.003673 0.001971 0.999991 11.371064
0.999998 0.001199 0.001657 0.005248 -0.001197 0.999998 -0.001600 -0.232425 -0.001659 0.001598 0.999997 12.504126
0.999999 0.001170 0.000390 -0.002048 -0.001169 0.999998 -0.001317 -0.256248 -0.000392 0.001316 0.999999 13.635754
0.999999 0.000992 -0.000446 -0.011794 -0.000992 0.999999 0.000172 -0.277104 0.000446 -0.000172 1.000000 14.780991
0.999999 0.000959 -0.001029 -0.018710 -0.000959 0.999999 -0.000075 -0.296719 0.001029 0.000076 0.999999 15.933929
0.999998 0.001414 -0.001539 -0.025609 -0.001414 0.999999 -0.000541 -0.317053 0.001538 0.000543 0.999999 17.080595
0.999997 0.001754 -0.001820 -0.033342 -0.001755 0.999998 -0.000710 -0.339754 0.001818 0.000713 0.999998 18.241820
0.999997 0.000907 -0.002242 -0.042805 -0.000908 0.999999 -0.000144 -0.361797 0.002241 0.000146 0.999997 19.399636
0.999996 0.000092 -0.002837 -0.052537 -0.000093 1.000000 -0.000336 -0.382871 0.002837 0.000337 0.999996 20.548309
0.999994 0.000729 -0.003519 -0.064794 -0.000727 0.999999 0.000430 -0.403592 0.003520 -0.000428 0.999994 21.710224
0.999991 0.000609 -0.004161 -0.076962 -0.000607 1.000000 0.000541 -0.423901 0.004162 -0.000539 0.999991 22.868823
0.999988 -0.000155 -0.004946 -0.089408 0.000158 1.000000 0.000541 -0.443322 0.004946 -0.000542 0.999988 24.017524
0.999983 0.000481 -0.005876 -0.103219 -0.000475 0.999999 0.000995 -0.460917 0.005877 -0.000993 0.999982 25.167267
0.999975 0.002225 -0.006673 -0.115319 -0.002228 0.999997 -0.000436 -0.481238 0.006672 0.000451 0.999978 26.312874
0.999970 0.002275 -0.007387 -0.131652 -0.002276 0.999997 -0.000103 -0.504428 0.007387 0.000119 0.999973 27.514280
0.999966 0.001445 -0.008100 -0.147045 -0.001450 0.999999 -0.000676 -0.525973 0.008099 0.000688 0.999967 28.669775
0.999960 0.000350 -0.008921 -0.163403 -0.000359 0.999999 -0.001012 -0.547242 0.008920 0.001015 0.999960 29.817727
0.999955 0.000321 -0.009482 -0.181480 -0.000325 1.000000 -0.000515 -0.567507 0.009482 0.000518 0.999955 30.970232
0.999949 0.000897 -0.010094 -0.198104 -0.000909 0.999999 -0.001131 -0.589502 0.010093 0.001140 0.999948 32.116829
0.999942 0.001205 -0.010732 -0.216129 -0.001221 0.999998 -0.001474 -0.612543 0.010730 0.001487 0.999941 33.272429
0.999935 0.001126 -0.011369 -0.234315 -0.001149 0.999997 -0.002013 -0.636058 0.011367 0.002026 0.999933 34.425313
0.999931 0.001060 -0.011739 -0.253510 -0.001087 0.999997 -0.002284 -0.659052 0.011737 0.002296 0.999929 35.594094
0.999928 0.001574 -0.011896 -0.271745 -0.001612 0.999994 -0.003154 -0.682107 0.011891 0.003173 0.999924 36.747026
0.999926 0.002916 -0.011785 -0.292073 -0.002948 0.999992 -0.002702 -0.706496 0.011777 0.002736 0.999927 37.898965
0.999925 0.003812 -0.011610 -0.312458 -0.003838 0.999990 -0.002221 -0.730169 0.011601 0.002265 0.999930 39.044856
0.999928 0.003327 -0.011571 -0.332708 -0.003345 0.999993 -0.001548 -0.752850 0.011565 0.001586 0.999932 40.185281
0.999930 0.003254 -0.011387 -0.353128 -0.003260 0.999994 -0.000493 -0.771873 0.011385 0.000530 0.999935 41.322024
0.999931 0.005134 -0.010573 -0.375089 -0.005110 0.999984 0.002299 -0.788788 0.010585 -0.002245 0.999942 42.476031
0.999926 0.008242 -0.008988 -0.389891 -0.008223 0.999964 0.002151 -0.806938 0.009006 -0.002077 0.999957 43.630186
0.999912 0.011155 -0.007189 -0.403519 -0.011135 0.999934 0.002765 -0.823841 0.007219 -0.002685 0.999971 44.778199
0.999879 0.014570 -0.005509 -0.415065 -0.014552 0.999888 0.003397 -0.840329 0.005558 -0.003316 0.999979 45.936792
0.999867 0.015775 -0.004219 -0.422915 -0.015764 0.999872 0.002638 -0.858560 0.004260 -0.002571 0.999988 47.099551
0.999893 0.014390 -0.002753 -0.427242 -0.014388 0.999896 0.000908 -0.878150 0.002766 -0.000869 0.999996 48.265728
0.999918 0.012710 -0.001709 -0.435398 -0.012707 0.999917 0.002132 -0.896023 0.001736 -0.002110 0.999996 49.431902
0.999924 0.012300 -0.000927 -0.441644 -0.012297 0.999921 0.002623 -0.912494 0.000960 -0.002612 0.999996 50.585947
0.999930 0.011809 -0.000949 -0.447521 -0.011807 0.999927 0.002298 -0.929933 0.000977 -0.002287 0.999997 51.752571
0.999942 0.010679 -0.001812 -0.455362 -0.010675 0.999941 0.001885 -0.947388 0.001832 -0.001865 0.999997 52.910083
0.999933 0.011035 -0.003466 -0.467277 -0.011027 0.999936 0.002321 -0.963810 0.003491 -0.002282 0.999991 54.073500
0.999911 0.012404 -0.004921 -0.480267 -0.012392 0.999920 0.002386 -0.982035 0.004951 -0.002325 0.999985 55.238636
0.999901 0.012831 -0.005874 -0.494664 -0.012816 0.999915 0.002472 -1.001434 0.005905 -0.002396 0.999980 56.404787
0.999893 0.012789 -0.007082 -0.511315 -0.012769 0.999914 0.002942 -1.021596 0.007119 -0.002851 0.999971 57.568818
0.999890 0.012786 -0.007571 -0.527416 -0.012761 0.999913 0.003327 -1.040901 0.007613 -0.003230 0.999966 58.730332
0.999895 0.012240 -0.007761 -0.541564 -0.012220 0.999922 0.002645 -1.060212 0.007793 -0.002550 0.999967 59.895957
0.999905 0.011263 -0.007947 -0.555059 -0.011250 0.999935 0.001722 -1.079616 0.007966 -0.001632 0.999967 61.055059
0.999886 0.012625 -0.008270 -0.570131 -0.012615 0.999919 0.001324 -1.099906 0.008286 -0.001219 0.999965 62.222788
0.999862 0.014230 -0.008581 -0.587126 -0.014220 0.999898 0.001131 -1.121319 0.008597 -0.001008 0.999963 63.390526
0.999879 0.012781 -0.008851 -0.605343 -0.012764 0.999916 0.001976 -1.143587 0.008875 -0.001863 0.999959 64.524070
0.999891 0.011788 -0.008850 -0.624789 -0.011755 0.999924 0.003777 -1.160339 0.008894 -0.003672 0.999954 65.677008
0.999887 0.012169 -0.008843 -0.645154 -0.012115 0.999908 0.006109 -1.174888 0.008916 -0.006002 0.999942 66.830822
0.999888 0.012241 -0.008674 -0.664638 -0.012171 0.999893 0.008053 -1.186394 0.008772 -0.007946 0.999930 67.988896
0.999882 0.012794 -0.008499 -0.683550 -0.012712 0.999872 0.009652 -1.196734 0.008621 -0.009543 0.999917 69.154736
0.999881 0.013656 -0.007234 -0.697924 -0.013581 0.999854 0.010296 -1.205679 0.007374 -0.010196 0.999921 70.310637
0.999882 0.014504 -0.005147 -0.711533 -0.014441 0.999823 0.012043 -1.213989 0.005320 -0.011968 0.999914 71.470542
0.999917 0.012594 -0.002797 -0.716701 -0.012564 0.999865 0.010540 -1.228567 0.002929 -0.010504 0.999941 72.614758
0.999972 0.007477 -0.000481 -0.716384 -0.007473 0.999942 0.007771 -1.241072 0.000539 -0.007767 0.999970 73.750600
0.999971 0.007314 0.002017 -0.719300 -0.007331 0.999937 0.008463 -1.253831 -0.001955 -0.008478 0.999962 74.932671
0.999930 0.010886 0.004731 -0.717019 -0.010922 0.999912 0.007522 -1.265780 -0.004648 -0.007573 0.999961 76.092257
0.999895 0.012183 0.007913 -0.712671 -0.012246 0.999892 0.008030 -1.277359 -0.007815 -0.008126 0.999937 77.269302
0.999879 0.010476 0.011488 -0.703376 -0.010575 0.999907 0.008581 -1.291915 -0.011397 -0.008702 0.999897 78.431509
0.999866 0.007381 0.014642 -0.688485 -0.007497 0.999941 0.007879 -1.305863 -0.014583 -0.007988 0.999862 79.595952
0.999831 0.004000 0.017932 -0.668733 -0.004116 0.999970 0.006448 -1.321812 -0.017905 -0.006520 0.999818 80.745041
0.999768 0.002995 0.021357 -0.646264 -0.003121 0.999978 0.005867 -1.337232 -0.021339 -0.005933 0.999755 81.877846
0.999677 0.004791 0.024949 -0.620353 -0.004938 0.999970 0.005821 -1.352227 -0.024920 -0.005943 0.999672 83.018992
0.999574 0.005244 0.028708 -0.591820 -0.005441 0.999962 0.006770 -1.367346 -0.028672 -0.006924 0.999565 84.144409
0.999469 0.003140 0.032440 -0.556829 -0.003344 0.999975 0.006233 -1.382575 -0.032419 -0.006338 0.999454 85.259033
0.999358 0.000897 0.035808 -0.519252 -0.001112 0.999981 0.005968 -1.397154 -0.035802 -0.006004 0.999341 86.362541
0.999241 0.000619 0.038948 -0.478321 -0.000853 0.999981 0.005994 -1.410033 -0.038943 -0.006023 0.999223 87.467374
0.999126 0.001954 0.041756 -0.432510 -0.002151 0.999986 0.004660 -1.424226 -0.041746 -0.004746 0.999117 88.578116
0.999006 0.003386 0.044453 -0.384414 -0.003571 0.999985 0.004090 -1.437927 -0.044439 -0.004245 0.999003 89.700035
0.998876 0.005214 0.047113 -0.332179 -0.005381 0.999979 0.003438 -1.452765 -0.047094 -0.003688 0.998884 90.836865
0.998753 0.006175 0.049550 -0.275608 -0.006278 0.999978 0.001925 -1.470611 -0.049537 -0.002234 0.998770 91.987611
0.998652 0.004033 0.051749 -0.217649 -0.004081 0.999991 0.000823 -1.492921 -0.051745 -0.001033 0.998660 93.123559
0.998547 0.000514 0.053887 -0.156254 -0.000470 0.999999 -0.000817 -1.512476 -0.053887 0.000790 0.998547 94.266448
0.998424 -0.002314 0.056068 -0.096174 0.002327 0.999997 -0.000177 -1.530287 -0.056068 0.000307 0.998427 95.405343
0.998325 -0.003232 0.057760 -0.034241 0.003246 0.999994 -0.000147 -1.547769 -0.057759 0.000334 0.998331 96.536909
0.998301 -0.002706 0.058209 0.026343 0.002713 0.999996 -0.000042 -1.564828 -0.058209 0.000199 0.998304 97.664776
0.998340 -0.000873 0.057592 0.085185 0.000851 0.999999 0.000405 -1.581353 -0.057593 -0.000355 0.998340 98.803589
0.998410 0.000522 0.056362 0.143645 -0.000507 0.999999 -0.000281 -1.598625 -0.056362 0.000252 0.998410 99.949236
0.998523 0.001343 0.054322 0.198493 -0.001337 0.999999 -0.000160 -1.615155 -0.054322 0.000087 0.998523 101.100353
0.998657 0.001723 0.051783 0.250140 -0.001735 0.999998 0.000195 -1.631496 -0.051783 -0.000285 0.998658 102.259071
0.998817 0.001675 0.048593 0.296721 -0.001714 0.999998 0.000769 -1.648843 -0.048591 -0.000851 0.998818 103.417981
0.998994 0.001187 0.044827 0.337150 -0.001284 0.999996 0.002133 -1.665195 -0.044824 -0.002188 0.998993 104.572237
0.999162 0.001563 0.040904 0.374762 -0.001663 0.999995 0.002399 -1.680592 -0.040900 -0.002465 0.999160 105.734780
0.999321 0.002567 0.036746 0.407171 -0.002679 0.999991 0.003007 -1.695849 -0.036738 -0.003103 0.999320 106.905435
0.999470 0.003335 0.032386 0.434513 -0.003446 0.999988 0.003367 -1.710273 -0.032374 -0.003477 0.999470 108.074659
0.999606 0.003891 0.027785 0.457368 -0.003984 0.999986 0.003264 -1.724369 -0.027772 -0.003373 0.999609 109.253656
0.999731 0.003956 0.022838 0.472674 -0.004045 0.999984 0.003865 -1.739295 -0.022822 -0.003957 0.999732 110.425986
0.999833 0.003830 0.017878 0.481632 -0.003915 0.999980 0.004742 -1.753011 -0.017859 -0.004812 0.999829 111.607894
0.999910 0.003557 0.012918 0.485234 -0.003623 0.999980 0.005119 -1.768828 -0.012899 -0.005165 0.999903 112.791200
0.999962 0.002938 0.008190 0.482957 -0.002988 0.999976 0.006139 -1.781734 -0.008171 -0.006163 0.999948 113.978723
0.999985 0.002894 0.004704 0.476756 -0.002931 0.999963 0.008037 -1.791702 -0.004681 -0.008051 0.999957 115.167095
0.999992 0.002978 0.002676 0.469033 -0.003005 0.999944 0.010116 -1.801137 -0.002646 -0.010124 0.999945 116.346605
0.999996 0.002639 0.001365 0.461965 -0.002655 0.999932 0.011308 -1.808423 -0.001335 -0.011312 0.999935 117.534472
0.999996 0.002863 0.000325 0.452377 -0.002867 0.999905 0.013472 -1.812460 -0.000286 -0.013472 0.999909 118.719631
0.999992 0.003854 -0.000613 0.442706 -0.003845 0.999881 0.014907 -1.815631 0.000671 -0.014905 0.999889 119.904372
0.999990 0.004191 -0.001277 0.434023 -0.004172 0.999880 0.014916 -1.817210 0.001340 -0.014911 0.999888 121.091616
0.999978 0.006277 -0.002180 0.419475 -0.006236 0.999806 0.018657 -1.814084 0.002297 -0.018643 0.999824 122.281604
0.999951 0.009474 -0.003019 0.406952 -0.009413 0.999761 0.019697 -1.808725 0.003204 -0.019668 0.999801 123.493785
0.999953 0.009073 -0.003579 0.397858 -0.009005 0.999789 0.018421 -1.807816 0.003746 -0.018388 0.999824 124.702626
0.999962 0.007813 -0.003829 0.387164 -0.007741 0.999801 0.018353 -1.805421 0.003972 -0.018322 0.999824 125.927279
0.999949 0.008936 -0.004676 0.378938 -0.008863 0.999840 0.015487 -1.806433 0.004814 -0.015445 0.999869 127.142762
0.999925 0.010670 -0.005960 0.368905 -0.010593 0.999861 0.012820 -1.808287 0.006096 -0.012756 0.999900 128.351855
0.999897 0.012704 -0.006623 0.358614 -0.012641 0.999874 0.009510 -1.816812 0.006743 -0.009426 0.999933 129.544957
0.999883 0.013641 -0.006920 0.346757 -0.013589 0.999879 0.007518 -1.827747 0.007022 -0.007423 0.999948 130.778962
0.999909 0.011721 -0.006735 0.338902 -0.011699 0.999926 0.003268 -1.844663 0.006773 -0.003189 0.999972 132.004449
0.999920 0.010661 -0.006756 0.328611 -0.010656 0.999943 0.000753 -1.864178 0.006764 -0.000680 0.999977 133.225992
0.999924 0.010465 -0.006581 0.317262 -0.010469 0.999945 -0.000622 -1.885081 0.006574 0.000691 0.999978 134.446638
0.999921 0.010967 -0.006149 0.304186 -0.010971 0.999939 -0.000736 -1.906870 0.006140 0.000803 0.999981 135.680109
0.999900 0.013022 -0.005495 0.291424 -0.013023 0.999915 -0.000235 -1.927803 0.005492 0.000307 0.999985 136.925181
0.999880 0.014726 -0.004770 0.276166 -0.014716 0.999889 0.002164 -1.949133 0.004802 -0.002094 0.999986 138.172067
0.999905 0.013117 -0.004139 0.265027 -0.013108 0.999911 0.002126 -1.970600 0.004166 -0.002071 0.999989 139.427898
0.999929 0.011288 -0.003704 0.253366 -0.011278 0.999933 0.002638 -1.990503 0.003733 -0.002596 0.999990 140.686662
0.999956 0.008896 -0.003160 0.243521 -0.008888 0.999957 0.002560 -2.012008 0.003182 -0.002532 0.999992 141.939068
0.999985 0.004837 -0.002750 0.235251 -0.004833 0.999987 0.001379 -2.035510 0.002756 -0.001366 0.999995 143.184207
0.999997 0.001452 -0.002190 0.226330 -0.001449 0.999997 0.001487 -2.058037 0.002192 -0.001483 0.999997 144.404553
0.999998 0.000573 -0.001862 0.218381 -0.000570 0.999999 0.001282 -2.079126 0.001862 -0.001281 0.999998 145.625677
0.999998 0.000755 -0.001918 0.209760 -0.000752 0.999999 0.001195 -2.098891 0.001919 -0.001194 0.999998 146.846791
0.999998 0.001267 -0.001885 0.200521 -0.001264 0.999997 0.001863 -2.118908 0.001887 -0.001860 0.999997 148.065762
0.999995 0.002308 -0.002048 0.191160 -0.002302 0.999993 0.002705 -2.137391 0.002054 -0.002700 0.999994 149.287275
0.999993 0.002788 -0.002469 0.181419 -0.002780 0.999991 0.003198 -2.155948 0.002478 -0.003191 0.999992 150.498653
0.999993 0.002487 -0.003014 0.170995 -0.002477 0.999991 0.003405 -2.174818 0.003022 -0.003397 0.999990 151.722630
0.999990 0.002710 -0.003664 0.159061 -0.002695 0.999988 0.003944 -2.191585 0.003674 -0.003934 0.999986 152.941366
0.999984 0.003877 -0.004264 0.147719 -0.003862 0.999986 0.003535 -2.208948 0.004277 -0.003518 0.999985 154.174215
0.999979 0.004206 -0.004928 0.133349 -0.004184 0.999981 0.004520 -2.226865 0.004947 -0.004500 0.999978 155.408315
0.999979 0.003225 -0.005617 0.119958 -0.003197 0.999982 0.004952 -2.243031 0.005633 -0.004934 0.999972 156.631581
0.999977 0.002047 -0.006437 0.104816 -0.002012 0.999982 0.005512 -2.258928 0.006448 -0.005499 0.999964 157.850391
0.999973 0.002087 -0.007088 0.087926 -0.002043 0.999978 0.006208 -2.273683 0.007101 -0.006193 0.999956 159.079842
0.999970 0.001289 -0.007628 0.071474 -0.001242 0.999980 0.006176 -2.289037 0.007636 -0.006166 0.999952 160.319873
0.999966 0.000479 -0.008239 0.053703 -0.000423 0.999976 0.006817 -2.304811 0.008242 -0.006813 0.999943 161.543888
0.999960 0.000786 -0.008945 0.035563 -0.000723 0.999974 0.007102 -2.317883 0.008951 -0.007095 0.999935 162.761946
0.999951 0.002072 -0.009685 0.016337 -0.002000 0.999970 0.007405 -2.329738 0.009700 -0.007386 0.999926 163.980640
0.999943 0.002549 -0.010422 -0.003174 -0.002471 0.999969 0.007425 -2.343302 0.010440 -0.007399 0.999918 165.202248
0.999934 0.002838 -0.011183 -0.024082 -0.002752 0.999966 0.007690 -2.355293 0.011204 -0.007659 0.999908 166.431832
0.999924 0.003141 -0.011922 -0.045706 -0.003046 0.999963 0.007991 -2.368299 0.011946 -0.007954 0.999897 167.651635
0.999918 0.002381 -0.012562 -0.068298 -0.002277 0.999963 0.008244 -2.382161 0.012581 -0.008215 0.999887 168.864493
0.999912 0.001943 -0.013156 -0.092525 -0.001821 0.999955 0.009284 -2.392968 0.013174 -0.009259 0.999870 170.083965
0.999904 0.002372 -0.013644 -0.116327 -0.002242 0.999952 0.009536 -2.403252 0.013666 -0.009504 0.999861 171.305600
0.999902 0.001300 -0.013938 -0.139590 -0.001168 0.999954 0.009450 -2.415071 0.013950 -0.009433 0.999858 172.526854
0.999899 -0.000382 -0.014191 -0.160947 0.000496 0.999967 0.008044 -2.426478 0.014187 -0.008050 0.999867 173.740598
0.999896 -0.000505 -0.014404 -0.180364 0.000579 0.999986 0.005139 -2.439378 0.014402 -0.005146 0.999883 174.954888
0.999888 0.003169 -0.014631 -0.205599 -0.003088 0.999979 0.005562 -2.453290 0.014649 -0.005516 0.999877 176.182733
0.999868 0.007362 -0.014492 -0.229968 -0.007290 0.999960 0.005015 -2.468232 0.014528 -0.004909 0.999882 177.422307
0.999872 0.006820 -0.014485 -0.256858 -0.006731 0.999958 0.006184 -2.485079 0.014527 -0.006085 0.999876 178.661300
0.999890 0.003803 -0.014323 -0.283720 -0.003691 0.999962 0.007824 -2.498958 0.014352 -0.007771 0.999867 179.878799
0.999891 0.001881 -0.014637 -0.308970 -0.001756 0.999962 0.008498 -2.510712 0.014653 -0.008472 0.999857 181.096706
0.999888 0.002067 -0.014853 -0.333205 -0.001946 0.999964 0.008193 -2.523728 0.014869 -0.008163 0.999856 182.307090
0.999889 0.003181 -0.014543 -0.356481 -0.003062 0.999961 0.008199 -2.536413 0.014569 -0.008153 0.999861 183.506565
0.999883 0.005243 -0.014359 -0.380324 -0.005121 0.999950 0.008494 -2.548410 0.014403 -0.008420 0.999861 184.722012
0.999887 0.006129 -0.013756 -0.401570 -0.006020 0.999950 0.007928 -2.563351 0.013803 -0.007845 0.999874 185.931153
0.999907 0.005548 -0.012494 -0.420858 -0.005449 0.999953 0.007944 -2.578279 0.012537 -0.007875 0.999890 187.134099
0.999929 0.004138 -0.011169 -0.437584 -0.004061 0.999967 0.006917 -2.595513 0.011198 -0.006872 0.999914 188.342178
0.999947 0.002747 -0.009933 -0.454295 -0.002678 0.999972 0.006929 -2.611518 0.009952 -0.006902 0.999927 189.534085
0.999961 0.002164 -0.008575 -0.468150 -0.002110 0.999978 0.006213 -2.626971 0.008588 -0.006195 0.999944 190.711901
0.999970 0.002948 -0.007231 -0.482161 -0.002901 0.999974 0.006493 -2.641210 0.007250 -0.006472 0.999953 191.923899
0.999971 0.004846 -0.005915 -0.493116 -0.004810 0.999969 0.006069 -2.656854 0.005944 -0.006041 0.999964 193.091095
0.999975 0.005114 -0.004836 -0.505037 -0.005079 0.999961 0.007122 -2.671032 0.004872 -0.007097 0.999963 194.255991
0.999980 0.005248 -0.003585 -0.514716 -0.005223 0.999961 0.007002 -2.686248 0.003621 -0.006983 0.999969 195.425419
0.999983 0.005448 -0.002280 -0.524046 -0.005431 0.999957 0.007499 -2.702484 0.002320 -0.007486 0.999969 196.597465
0.999983 0.005726 -0.001098 -0.530885 -0.005718 0.999956 0.007409 -2.718689 0.001140 -0.007402 0.999972 197.738933
0.999984 0.005584 -0.000032 -0.537270 -0.005583 0.999954 0.007760 -2.732241 0.000075 -0.007760 0.999970 198.869044
0.999984 0.005558 0.000807 -0.541894 -0.005564 0.999955 0.007568 -2.746181 -0.000765 -0.007573 0.999971 199.996313
0.999984 0.005514 0.001460 -0.544585 -0.005523 0.999962 0.006632 -2.762168 -0.001423 -0.006640 0.999977 201.112581
0.999979 0.006208 0.001608 -0.548473 -0.006218 0.999959 0.006449 -2.777536 -0.001568 -0.006459 0.999978 202.219778
0.999973 0.007253 0.001275 -0.553043 -0.007260 0.999956 0.005939 -2.795359 -0.001231 -0.005948 0.999982 203.323275
0.999974 0.007217 0.000689 -0.559820 -0.007221 0.999954 0.006172 -2.812212 -0.000644 -0.006176 0.999981 204.421395
0.999981 0.006079 0.000370 -0.567167 -0.006082 0.999959 0.006681 -2.828398 -0.000330 -0.006683 0.999978 205.485829
0.999986 0.005267 0.000064 -0.574900 -0.005267 0.999959 0.007337 -2.841197 -0.000025 -0.007337 0.999973 206.569764
0.999988 0.004883 -0.000689 -0.582213 -0.004878 0.999962 0.007214 -2.855564 0.000725 -0.007211 0.999974 207.613718
0.999987 0.004786 -0.001880 -0.591022 -0.004773 0.999964 0.006887 -2.870297 0.001913 -0.006878 0.999974 208.631530
0.999979 0.005520 -0.003484 -0.602056 -0.005497 0.999963 0.006560 -2.885583 0.003520 -0.006541 0.999972 209.641944
0.999960 0.007169 -0.005400 -0.614357 -0.007140 0.999959 0.005465 -2.901676 0.005439 -0.005426 0.999970 210.658106
0.999932 0.008916 -0.007486 -0.631399 -0.008872 0.999943 0.005884 -2.918438 0.007538 -0.005817 0.999955 211.648377
0.999912 0.008972 -0.009734 -0.650923 -0.008910 0.999940 0.006345 -2.935225 0.009790 -0.006258 0.999932 212.624507
0.999888 0.008476 -0.012332 -0.672563 -0.008392 0.999941 0.006830 -2.950906 0.012389 -0.006726 0.999900 213.581477
0.999848 0.008557 -0.015155 -0.695548 -0.008455 0.999941 0.006776 -2.966749 0.015212 -0.006647 0.999862 214.515781
0.999801 0.009016 -0.017771 -0.722129 -0.008884 0.999932 0.007528 -2.983393 0.017837 -0.007369 0.999814 215.450689
0.999746 0.008794 -0.020734 -0.750061 -0.008632 0.999931 0.007897 -2.999570 0.020802 -0.007716 0.999754 216.356862
0.999679 0.008358 -0.023909 -0.779973 -0.008173 0.999935 0.007853 -3.014346 0.023973 -0.007655 0.999683 217.245262
0.999602 0.007644 -0.027137 -0.812691 -0.007434 0.999941 0.007831 -3.028707 0.027195 -0.007627 0.999601 218.114814
0.999513 0.007575 -0.030250 -0.848615 -0.007305 0.999932 0.009027 -3.042156 0.030316 -0.008802 0.999501 218.952679
0.999426 0.006791 -0.033188 -0.885309 -0.006477 0.999933 0.009570 -3.053419 0.033251 -0.009349 0.999403 219.767360
0.999349 0.006756 -0.035428 -0.923125 -0.006352 0.999913 0.011495 -3.063100 0.035502 -0.011263 0.999306 220.558769
0.999319 0.007423 -0.036139 -0.957689 -0.006982 0.999899 0.012324 -3.073148 0.036227 -0.012064 0.999271 221.339209
0.999321 0.008373 -0.035872 -0.989409 -0.007940 0.999894 0.012204 -3.082210 0.035970 -0.011911 0.999282 222.109508
0.999330 0.009103 -0.035431 -1.019652 -0.008676 0.999888 0.012168 -3.092031 0.035538 -0.011852 0.999298 222.861074
0.999348 0.008717 -0.035035 -1.049551 -0.008297 0.999892 0.012114 -3.102566 0.035137 -0.011816 0.999312 223.605615
0.999373 0.006944 -0.034719 -1.079606 -0.006513 0.999900 0.012491 -3.111168 0.034802 -0.012258 0.999319 224.345209
0.999415 0.004861 -0.033831 -1.107959 -0.004436 0.999910 0.012625 -3.118317 0.033890 -0.012467 0.999348 225.075039
0.999461 0.003722 -0.032606 -1.134474 -0.003305 0.999912 0.012850 -3.124732 0.032651 -0.012735 0.999385 225.798145
0.999504 0.003408 -0.031284 -1.159509 -0.002988 0.999905 0.013449 -3.130285 0.031327 -0.013349 0.999420 226.495824
0.999556 0.003293 -0.029599 -1.180542 -0.002918 0.999914 0.012720 -3.135758 0.029638 -0.012628 0.999481 227.191881
0.999608 0.003352 -0.027791 -1.201117 -0.003008 0.999918 0.012420 -3.141822 0.027830 -0.012331 0.999536 227.888000
0.999659 0.003177 -0.025915 -1.220280 -0.002855 0.999918 0.012419 -3.147277 0.025952 -0.012341 0.999587 228.571221
0.999710 0.002933 -0.023868 -1.237473 -0.002641 0.999921 0.012266 -3.152333 0.023902 -0.012199 0.999640 229.252051
0.999773 0.003400 -0.021020 -1.251578 -0.003143 0.999919 0.012268 -3.156451 0.021060 -0.012199 0.999704 229.919202
0.999830 0.004094 -0.017961 -1.261949 -0.003892 0.999929 0.011266 -3.162278 0.018006 -0.011194 0.999775 230.589097
0.999877 0.004376 -0.015070 -1.270529 -0.004221 0.999938 0.010268 -3.169090 0.015114 -0.010203 0.999833 231.257558
0.999912 0.004493 -0.012447 -1.279592 -0.004367 0.999939 0.010111 -3.176160 0.012491 -0.010056 0.999871 231.932463
0.999946 0.004181 -0.009504 -1.285650 -0.004088 0.999944 0.009774 -3.183133 0.009545 -0.009735 0.999907 232.592491
0.999970 0.003971 -0.006565 -1.290159 -0.003908 0.999946 0.009579 -3.188618 0.006603 -0.009553 0.999932 233.255831
0.999988 0.003178 -0.003701 -1.294659 -0.003139 0.999940 0.010434 -3.193643 0.003734 -0.010422 0.999939 233.928760
0.999996 0.002690 -0.000729 -1.296171 -0.002682 0.999941 0.010522 -3.198688 0.000757 -0.010520 0.999944 234.612391
0.999991 0.003647 0.002033 -1.296303 -0.003669 0.999934 0.010878 -3.201616 -0.001993 -0.010885 0.999939 235.302230
0.999980 0.004174 0.004637 -1.294818 -0.004226 0.999928 0.011176 -3.205626 -0.004590 -0.011196 0.999927 235.998144
0.999967 0.004051 0.007000 -1.291841 -0.004128 0.999931 0.011010 -3.211336 -0.006955 -0.011039 0.999915 236.704198
0.999952 0.002652 0.009394 -1.287745 -0.002755 0.999936 0.010916 -3.217191 -0.009364 -0.010941 0.999896 237.409665
0.999937 0.000387 0.011234 -1.282696 -0.000512 0.999937 0.011171 -3.220965 -0.011229 -0.011176 0.999874 238.117153
0.999926 -0.001099 0.012102 -1.276635 0.000975 0.999946 0.010293 -3.223579 -0.012113 -0.010281 0.999874 238.839967
0.999921 -0.001528 0.012494 -1.274289 0.001384 0.999933 0.011512 -3.226691 -0.012510 -0.011494 0.999856 239.550589
0.999918 -0.001959 0.012613 -1.269424 0.001820 0.999937 0.011030 -3.229842 -0.012634 -0.011006 0.999859 240.294362
0.999917 -0.002221 0.012694 -1.266609 0.002066 0.999923 0.012195 -3.231829 -0.012720 -0.012168 0.999845 241.046543
0.999911 -0.002540 0.013090 -1.262854 0.002371 0.999914 0.012876 -3.233213 -0.013121 -0.012844 0.999831 241.789409
0.999902 -0.004397 0.013294 -1.256891 0.004232 0.999914 0.012421 -3.233669 -0.013347 -0.012364 0.999834 242.539947
0.999888 -0.006264 0.013599 -1.245349 0.006148 0.999944 0.008572 -3.239661 -0.013652 -0.008488 0.999871 243.290683
0.999874 -0.007145 0.014153 -1.234129 0.007068 0.999960 0.005465 -3.243063 -0.014192 -0.005365 0.999885 244.045075
0.999885 -0.003151 0.014806 -1.230834 0.003026 0.999959 0.008471 -3.242597 -0.014832 -0.008425 0.999854 244.813387
0.999875 0.002679 0.015543 -1.228683 -0.002868 0.999922 0.012127 -3.242750 -0.015509 -0.012170 0.999806 245.559412
0.999846 0.006104 0.016450 -1.218736 -0.006297 0.999912 0.011676 -3.245577 -0.016377 -0.011778 0.999796 246.341299
0.999815 0.004008 0.018787 -1.204842 -0.004217 0.999930 0.011077 -3.250173 -0.018741 -0.011154 0.999762 247.136020
0.999738 -0.002084 0.022792 -1.189563 0.001803 0.999922 0.012323 -3.250968 -0.022816 -0.012279 0.999664 247.917464
0.999632 -0.005570 0.026524 -1.172700 0.005187 0.999881 0.014480 -3.249056 -0.026602 -0.014337 0.999543 248.703583
0.999544 -0.005395 0.029694 -1.152355 0.004916 0.999857 0.016185 -3.245090 -0.029777 -0.016032 0.999428 249.495923
0.999457 -0.002960 0.032809 -1.124653 0.002479 0.999889 0.014702 -3.243875 -0.032849 -0.014612 0.999353 250.294607
0.999360 0.000328 0.035757 -1.092420 -0.000749 0.999930 0.011759 -3.245965 -0.035751 -0.011779 0.999291 251.101341
0.999255 0.001941 0.038545 -1.058826 -0.002303 0.999954 0.009340 -3.250550 -0.038525 -0.009422 0.999213 251.914196
0.999130 0.002436 0.041621 -1.027025 -0.002842 0.999949 0.009704 -3.257255 -0.041595 -0.009814 0.999086 252.730618
0.999020 0.000242 0.044257 -0.997165 -0.000770 0.999929 0.011914 -3.262928 -0.044251 -0.011936 0.998949 253.541075
0.998910 -0.002073 0.046617 -0.963597 0.001472 0.999915 0.012930 -3.264284 -0.046640 -0.012848 0.998829 254.354387
0.998788 -0.002118 0.049172 -0.927314 0.001461 0.999909 0.013393 -3.266354 -0.049196 -0.013305 0.998700 255.160787
0.998646 0.000008 0.052020 -0.889063 -0.000773 0.999892 0.014673 -3.267340 -0.052014 -0.014693 0.998538 255.977976
0.998476 0.001518 0.055158 -0.848970 -0.002431 0.999861 0.016498 -3.268494 -0.055125 -0.016607 0.998341 256.798837
0.998314 0.001576 0.058019 -0.805633 -0.002583 0.999847 0.017298 -3.270543 -0.057983 -0.017418 0.998166 257.612483
0.998160 0.001231 0.060617 -0.758333 -0.002274 0.999850 0.017134 -3.270363 -0.060586 -0.017240 0.998014 258.429179
0.998010 0.001042 0.063044 -0.705405 -0.002018 0.999879 0.015413 -3.271410 -0.063021 -0.015510 0.997892 259.253638
0.997903 0.002014 0.064693 -0.649335 -0.002804 0.999922 0.012119 -3.275405 -0.064663 -0.012275 0.997832 260.082757
0.997848 0.001887 0.065544 -0.597520 -0.002633 0.999933 0.011290 -3.279965 -0.065519 -0.011438 0.997786 260.905994
0.997808 0.001904 0.066149 -0.545992 -0.002615 0.999940 0.010665 -3.284884 -0.066125 -0.010815 0.997753 261.728751
0.997783 0.001916 0.066520 -0.495360 -0.002642 0.999938 0.010833 -3.288746 -0.066495 -0.010985 0.997726 262.555608
0.997798 0.002364 0.066276 -0.445269 -0.003117 0.999932 0.011261 -3.291826 -0.066245 -0.011443 0.997738 263.386679
0.997842 0.002872 0.065598 -0.395871 -0.003648 0.999925 0.011715 -3.297946 -0.065559 -0.011929 0.997777 264.217702
0.997929 0.002156 0.064287 -0.347322 -0.002893 0.999931 0.011381 -3.303746 -0.064258 -0.011543 0.997866 265.038072
0.998040 0.001272 0.062565 -0.301642 -0.001996 0.999932 0.011510 -3.309786 -0.062546 -0.011612 0.997974 265.856987
0.998143 0.000673 0.060909 -0.258610 -0.001433 0.999922 0.012433 -3.313774 -0.060896 -0.012498 0.998066 266.680543
0.998243 0.000518 0.059250 -0.217563 -0.001319 0.999908 0.013489 -3.319233 -0.059237 -0.013544 0.998152 267.500884
0.998351 0.000255 0.057407 -0.179432 -0.001113 0.999888 0.014914 -3.322239 -0.057397 -0.014953 0.998239 268.315458
0.998470 0.000753 0.055288 -0.142439 -0.001604 0.999881 0.015351 -3.324026 -0.055270 -0.015416 0.998352 269.123043
0.998621 0.002213 0.052458 -0.107455 -0.003015 0.999880 0.015203 -3.326033 -0.052418 -0.015340 0.998507 269.931071
0.998826 0.004647 0.048223 -0.075497 -0.005330 0.999887 0.014051 -3.329630 -0.048152 -0.014291 0.998738 270.746744
0.999034 0.006258 0.043501 -0.048028 -0.006837 0.999890 0.013179 -3.333669 -0.043413 -0.013464 0.998966 271.560257
0.999221 0.007595 0.038733 -0.025406 -0.008094 0.999886 0.012739 -3.339490 -0.038632 -0.013042 0.999168 272.367570
0.999390 0.008401 0.033893 -0.006960 -0.008827 0.999883 0.012456 -3.345329 -0.033784 -0.012748 0.999348 273.170826
0.999534 0.008883 0.029183 0.008536 -0.009224 0.999890 0.011557 -3.353060 -0.029077 -0.011821 0.999507 273.973776
0.999657 0.009270 0.024482 0.019896 -0.009527 0.999900 0.010410 -3.362217 -0.024383 -0.010640 0.999646 274.749918
0.999756 0.008805 0.020250 0.026842 -0.009012 0.999908 0.010154 -3.369706 -0.020159 -0.010334 0.999743 275.515580
0.999830 0.008576 0.016305 0.029456 -0.008752 0.999903 0.010764 -3.377438 -0.016211 -0.010905 0.999809 276.262344
0.999886 0.008728 0.012306 0.029435 -0.008862 0.999901 0.010876 -3.387747 -0.012210 -0.010984 0.999865 276.994602
0.999924 0.008885 0.008542 0.027909 -0.008972 0.999907 0.010233 -3.398324 -0.008450 -0.010308 0.999911 277.705035
0.999957 0.008144 0.004393 0.023704 -0.008184 0.999924 0.009182 -3.408742 -0.004317 -0.009217 0.999948 278.399460
0.999976 0.006821 -0.000469 0.011569 -0.006816 0.999922 0.010463 -3.418941 0.000540 -0.010460 0.999945 279.076402
0.999964 0.004982 -0.006900 -0.006921 -0.004899 0.999915 0.012048 -3.427387 0.006960 -0.012014 0.999903 279.738614
0.999878 0.003499 -0.015225 -0.030908 -0.003309 0.999916 0.012533 -3.435010 0.015268 -0.012481 0.999805 280.383830
0.999666 0.002692 -0.025689 -0.062592 -0.002371 0.999918 0.012524 -3.444456 0.025721 -0.012459 0.999591 281.008764
0.999228 0.002630 -0.039195 -0.106367 -0.002125 0.999914 0.012906 -3.451081 0.039225 -0.012813 0.999148 281.626900
0.998428 0.003206 -0.055945 -0.164032 -0.002422 0.999898 0.014071 -3.455477 0.055985 -0.013914 0.998334 282.231880
0.997125 0.004304 -0.075648 -0.237508 -0.003067 0.999859 0.016466 -3.460203 0.075708 -0.016186 0.996998 282.814111
0.995166 0.004584 -0.098098 -0.324666 -0.002828 0.999833 0.018038 -3.464207 0.098164 -0.017674 0.995013 283.380437
0.992357 0.004764 -0.123303 -0.426537 -0.002372 0.999806 0.019540 -3.465461 0.123373 -0.019098 0.992176 283.926643
0.988542 0.005362 -0.150849 -0.544471 -0.002238 0.999779 0.020873 -3.465126 0.150927 -0.020297 0.988336 284.459839
0.983391 0.006783 -0.181373 -0.678434 -0.002856 0.999756 0.021908 -3.464330 0.181477 -0.021026 0.983170 284.971519
0.976622 0.008483 -0.214795 -0.827519 -0.003974 0.999763 0.021416 -3.465709 0.214925 -0.020062 0.976424 285.465927
0.968036 0.010158 -0.250606 -0.996534 -0.004944 0.999758 0.021426 -3.466324 0.250763 -0.019503 0.967852 285.948364
0.957591 0.012944 -0.287839 -1.183451 -0.006762 0.999725 0.022463 -3.467524 0.288051 -0.019564 0.957415 286.409583
0.945127 0.015560 -0.326333 -1.389328 -0.008302 0.999686 0.023622 -3.466735 0.326598 -0.019616 0.944959 286.857947
0.930581 0.017492 -0.365667 -1.609198 -0.009413 0.999671 0.023866 -3.465609 0.365964 -0.018767 0.930439 287.286438
0.913845 0.018696 -0.405632 -1.844544 -0.009991 0.999672 0.023567 -3.463385 0.405939 -0.017484 0.913733 287.696668
0.894451 0.019337 -0.446748 -2.098662 -0.010027 0.999681 0.023194 -3.461444 0.447054 -0.016266 0.894359 288.090881
0.872206 0.019602 -0.488746 -2.369344 -0.009906 0.999700 0.022416 -3.461452 0.489039 -0.014710 0.872138 288.467011
0.847046 0.019828 -0.531149 -2.658375 -0.010033 0.999722 0.021320 -3.459703 0.531425 -0.012730 0.847010 288.826559
0.818754 0.021172 -0.573754 -2.967830 -0.010985 0.999715 0.021213 -3.460205 0.574039 -0.011066 0.818753 289.169028
0.787323 0.022654 -0.616124 -3.294198 -0.010784 0.999678 0.022976 -3.459913 0.616446 -0.011445 0.787314 289.486103
0.752762 0.021877 -0.657929 -3.630862 -0.009825 0.999710 0.022001 -3.458255 0.658219 -0.010097 0.752758 289.783175
0.714082 0.021218 -0.699740 -3.992021 -0.010744 0.999755 0.019351 -3.455572 0.699979 -0.006300 0.714135 290.068434
0.671020 0.020381 -0.741159 -4.359462 -0.013545 0.999792 0.015229 -3.455756 0.741316 -0.000180 0.671156 290.323238
0.623611 0.020621 -0.781462 -4.738912 -0.016152 0.999778 0.013492 -3.457842 0.781567 0.004208 0.623806 290.544718
0.572937 0.024813 -0.819224 -5.131852 -0.018813 0.999676 0.017121 -3.458571 0.819383 0.005602 0.573218 290.731592
0.520020 0.032816 -0.853523 -5.535413 -0.021746 0.999446 0.025177 -3.457404 0.853877 0.005468 0.520446 290.885117
0.465039 0.038289 -0.884462 -5.932969 -0.022743 0.999251 0.031300 -3.451644 0.884998 0.005559 0.465562 291.008060
0.408205 0.041513 -0.911946 -6.331813 -0.022700 0.999118 0.035320 -3.443837 0.912608 0.006283 0.408788 291.106359
0.350465 0.043028 -0.935587 -6.728287 -0.023104 0.999037 0.037292 -3.433444 0.936291 0.008546 0.351122 291.181228
0.291885 0.044428 -0.955421 -7.128326 -0.024366 0.998942 0.039008 -3.422211 0.956143 0.011894 0.292659 291.232085
0.232617 0.046234 -0.971469 -7.527865 -0.026267 0.998804 0.041246 -3.412404 0.972213 0.015923 0.233553 291.257469
0.170792 0.047410 -0.984166 -7.932672 -0.027311 0.998686 0.043370 -3.400229 0.984928 0.019472 0.171863 291.257383
0.107593 0.050261 -0.992923 -8.363268 -0.028619 0.998464 0.047441 -3.383425 0.993783 0.023312 0.108867 291.231403
0.042579 0.052375 -0.997719 -8.777539 -0.031403 0.998202 0.051061 -3.364092 0.998599 0.029158 0.044148 291.176537
-0.023898 0.054597 -0.998222 -9.200916 -0.035041 0.997848 0.055416 -3.342453 0.999100 0.036304 -0.021934 291.091502
-0.090792 0.056155 -0.994285 -9.635461 -0.038734 0.997454 0.059871 -3.320446 0.995116 0.043949 -0.088385 290.975916
-0.157730 0.057408 -0.985812 -10.070596 -0.041790 0.997026 0.064747 -3.298030 0.986597 0.051409 -0.154862 290.829203
-0.223847 0.056824 -0.972966 -10.502292 -0.043873 0.996699 0.068303 -3.273131 0.973636 0.057976 -0.220615 290.653225
-0.288050 0.056020 -0.955975 -10.926508 -0.044231 0.996444 0.071719 -3.246797 0.956593 0.062942 -0.284547 290.449792
-0.349939 0.055635 -0.935119 -11.351882 -0.042512 0.996263 0.075181 -3.214017 0.935807 0.066062 -0.346266 290.214081
-0.407184 0.055220 -0.911675 -11.761927 -0.039090 0.996202 0.077799 -3.179686 0.912509 0.067315 -0.403479 289.956815
-0.462969 0.056109 -0.884597 -12.175690 -0.035417 0.996026 0.081713 -3.140024 0.885666 0.069160 -0.459142 289.662573
-0.514490 0.056583 -0.855627 -12.593228 -0.032192 0.995843 0.085212 -3.095699 0.856891 0.071385 -0.510530 289.333575
-0.561013 0.056983 -0.825843 -13.012203 -0.029258 0.995640 0.088574 -3.049282 0.827289 0.073854 -0.556900 288.974264
-0.601846 0.056816 -0.796589 -13.432072 -0.027375 0.995412 0.091679 -2.998670 0.798143 0.076983 -0.597529 288.586325
-0.639868 0.053412 -0.766626 -13.860352 -0.026479 0.995457 0.091455 -2.945350 0.768028 0.078818 -0.635547 288.163355
-0.677692 0.046976 -0.733843 -14.289685 -0.026360 0.995764 0.088085 -2.890086 0.734873 0.079039 -0.673583 287.702809
-0.712220 0.041218 -0.700745 -14.784466 -0.026843 0.995945 0.085864 -2.826078 0.701443 0.079964 -0.708225 287.132689
-0.745671 0.038854 -0.665180 -15.194870 -0.025694 0.995879 0.086973 -2.772806 0.665818 0.081945 -0.741600 286.592971
-0.775916 0.041386 -0.629477 -15.597438 -0.020833 0.995620 0.091138 -2.714132 0.630492 0.083829 -0.771655 286.006874
-0.803420 0.043902 -0.593792 -15.982159 -0.014539 0.995534 0.093277 -2.653028 0.595235 0.083574 -0.799193 285.397764
-0.828802 0.046559 -0.557601 -16.331279 -0.008395 0.995385 0.095591 -2.586587 0.559479 0.083907 -0.824586 284.787363
-0.851841 0.048827 -0.521520 -16.683856 -0.002600 0.995239 0.097426 -2.515649 0.523794 0.084348 -0.847658 284.118599
-0.872965 0.048295 -0.485385 -17.016915 -0.000456 0.995005 0.099821 -2.444176 0.487782 0.087361 -0.868583 283.418282
-0.892439 0.049259 -0.448471 -17.331074 0.002723 0.994592 0.103824 -2.365677 0.451160 0.091435 -0.887746 282.678387
-0.910449 0.048661 -0.410748 -17.625773 0.006252 0.994561 0.103968 -2.284538 0.413573 0.092089 -0.905801 281.913865
-0.927075 0.045711 -0.372077 -17.902757 0.008145 0.994760 0.101915 -2.203208 0.374786 0.091453 -0.922589 281.108026
-0.941695 0.042926 -0.333718 -18.151041 0.010283 0.995037 0.098973 -2.122513 0.336310 0.089771 -0.937462 280.282176
-0.954412 0.038992 -0.295933 -18.376141 0.010038 0.995063 0.098737 -2.037188 0.298322 0.091265 -0.950091 279.404595
-0.965336 0.035444 -0.258592 -18.576974 0.010710 0.995281 0.096437 -1.953325 0.260790 0.090324 -0.961160 278.492592
-0.974373 0.034117 -0.222335 -18.742396 0.012626 0.995168 0.097376 -1.870348 0.224582 0.092073 -0.970095 277.565706
-0.981535 0.035763 -0.187909 -18.882059 0.017517 0.995044 0.097882 -1.782766 0.190478 0.092783 -0.977296 276.612776
-0.987331 0.036873 -0.154329 -18.993081 0.021796 0.994921 0.098270 -1.695052 0.157168 0.093661 -0.983120 275.649176
-0.991829 0.035379 -0.122571 -19.079119 0.023298 0.994852 0.098628 -1.602852 0.125429 0.094966 -0.987547 274.644494
-0.995216 0.033449 -0.091792 -19.136690 0.024257 0.994743 0.099488 -1.509258 0.094638 0.096785 -0.990795 273.614705
-0.997468 0.033313 -0.062823 -19.168668 0.026959 0.994682 0.099405 -1.413045 0.065800 0.097460 -0.993061 272.568494
-0.998831 0.032297 -0.035953 -19.174943 0.028580 0.994629 0.099484 -1.315208 0.038973 0.098340 -0.994389 271.503097
-0.999502 0.029680 -0.010705 -19.152194 0.028446 0.994454 0.101256 -1.213292 0.013651 0.100901 -0.994802 270.412676
-0.999540 0.027471 0.012871 -19.105833 0.028647 0.994320 0.102507 -1.109013 -0.009981 0.102829 -0.994648 269.300973
-0.999059 0.027347 0.033663 -19.037479 0.030737 0.994030 0.104686 -1.002474 -0.030599 0.105622 -0.993935 268.178146
-0.998314 0.028741 0.050432 -18.949854 0.034108 0.993454 0.109017 -0.888360 -0.046968 0.110553 -0.992759 267.039603
-0.997602 0.028835 0.062907 -18.850612 0.035863 0.992877 0.113620 -0.766212 -0.059182 0.115604 -0.991530 265.889701
-0.997126 0.026333 0.071033 -18.746255 0.034615 0.992409 0.118007 -0.636606 -0.067386 0.120127 -0.990468 264.717762
-0.996871 0.024844 0.075030 -18.647674 0.033771 0.992179 0.120163 -0.510178 -0.071457 0.122320 -0.989914 263.575105
-0.996806 0.025937 0.075528 -18.547568 0.035083 0.991860 0.122405 -0.372710 -0.071738 0.124664 -0.989602 262.367747
-0.996899 0.027016 0.073909 -18.449826 0.036106 0.991553 0.124571 -0.229372 -0.069919 0.126854 -0.989453 261.146049
-0.997089 0.026085 0.071637 -18.357075 0.034906 0.991569 0.124787 -0.086240 -0.067778 0.126924 -0.989593 259.911778
-0.997284 0.025221 0.069200 -18.265556 0.033824 0.991439 0.126110 0.060088 -0.065427 0.128108 -0.989599 258.665287
-0.997549 0.024912 0.065387 -18.181949 0.033051 0.991415 0.126503 0.207168 -0.061674 0.128354 -0.989808 257.419835
