0.999979 0.000757 -0.006374 -0.008678 -0.000753 0.999999 0.000670 0.000836 0.006374 -0.000666 0.999979 0.133188
0.999911 0.001168 -0.013289 -0.019048 -0.001149 0.999998 0.001483 0.001716 0.013291 -0.001467 0.999911 0.268598
0.999780 0.001302 -0.020941 -0.031002 -0.001265 0.999998 0.001795 0.000680 0.020943 -0.001768 0.999779 0.410401
0.999537 0.000601 -0.030434 -0.046704 -0.000536 0.999998 0.002156 0.000229 0.030435 -0.002139 0.999535 0.570199
0.999108 -0.000415 -0.042226 -0.067147 0.000500 0.999998 0.002015 -0.001581 0.042226 -0.002034 0.999106 0.750864
0.998435 -0.000787 -0.055920 -0.092728 0.000913 0.999997 0.002228 -0.001965 0.055918 -0.002275 0.998433 0.936595
0.997384 0.000086 -0.072289 -0.125708 0.000105 0.999997 0.002647 -0.003057 0.072289 -0.002648 0.997380 1.133787
0.995884 0.001029 -0.090633 -0.164445 -0.000818 0.999997 0.002364 -0.006722 0.090635 -0.002280 0.995882 1.338553
0.993936 0.002100 -0.109942 -0.211255 -0.001878 0.999996 0.002124 -0.013450 0.109946 -0.001904 0.993936 1.569417
0.991291 0.003210 -0.131651 -0.272077 -0.002905 0.999993 0.002503 -0.018356 0.131658 -0.002099 0.991293 1.836567
0.987823 0.004007 -0.155533 -0.345294 -0.003327 0.999984 0.004632 -0.021110 0.155549 -0.004059 0.987820 2.105220
0.983279 0.004493 -0.182048 -0.432823 -0.003338 0.999972 0.006650 -0.021192 0.182073 -0.005931 0.983267 2.401485
0.977953 0.005501 -0.208753 -0.527549 -0.003980 0.999962 0.007709 -0.019907 0.208788 -0.006708 0.977938 2.697703
0.971649 0.007039 -0.236324 -0.635646 -0.005445 0.999958 0.007398 -0.021356 0.236366 -0.005901 0.971646 3.012531
0.964140 0.008869 -0.265247 -0.754829 -0.007012 0.999944 0.007947 -0.022004 0.265303 -0.005802 0.964148 3.318832
0.955416 0.010881 -0.295063 -0.894764 -0.008845 0.999927 0.008237 -0.023447 0.295131 -0.005260 0.955442 3.652965
0.945185 0.013415 -0.326261 -1.043683 -0.010736 0.999892 0.010009 -0.024007 0.326360 -0.005958 0.945227 3.964141
0.933659 0.015979 -0.357806 -1.207870 -0.012366 0.999847 0.012385 -0.021725 0.357949 -0.007139 0.933714 4.277605
0.920151 0.018826 -0.391111 -1.381593 -0.014090 0.999789 0.014977 -0.021773 0.391310 -0.008270 0.920222 4.573126
0.903501 0.022265 -0.428007 -1.575581 -0.016492 0.999716 0.017194 -0.022312 0.428268 -0.008476 0.903612 4.872364
0.883920 0.022042 -0.467117 -1.809421 -0.016373 0.999735 0.016194 -0.018574 0.467350 -0.006666 0.884047 5.215919
0.862133 0.020265 -0.506276 -2.044971 -0.014896 0.999782 0.014653 -0.015711 0.506462 -0.005091 0.862247 5.524491
0.836236 0.023842 -0.547850 -2.300546 -0.017667 0.999707 0.016540 -0.012651 0.548084 -0.004153 0.836413 5.812993
0.806280 0.028565 -0.590843 -2.596374 -0.020336 0.999581 0.020576 -0.012611 0.591184 -0.004574 0.806524 6.111225
0.774168 0.032279 -0.632157 -2.921918 -0.021780 0.999466 0.024361 -0.004143 0.632606 -0.005091 0.774457 6.413928
0.739480 0.033027 -0.672368 -3.236908 -0.021801 0.999447 0.025115 0.004749 0.672826 -0.003914 0.739791 6.673621
0.701814 0.032928 -0.711599 -3.613304 -0.021996 0.999457 0.024555 0.017665 0.712021 -0.001581 0.702157 6.964636
0.662090 0.033635 -0.748670 -3.973883 -0.022127 0.999434 0.025332 0.028384 0.749098 -0.000206 0.662459 7.205407
0.618946 0.035455 -0.784633 -4.359618 -0.022509 0.999371 0.027403 0.041720 0.785111 0.000700 0.619355 7.430264
0.575589 0.036798 -0.816911 -4.770771 -0.023667 0.999318 0.028339 0.055381 0.817397 0.003022 0.576067 7.647542
0.531092 0.039324 -0.846401 -5.192407 -0.025163 0.999214 0.030634 0.068858 0.846941 0.005029 0.531664 7.842180
0.484429 0.041121 -0.873863 -5.588155 -0.026233 0.999128 0.032473 0.078404 0.874437 0.007193 0.485086 7.994912
0.437451 0.042895 -0.898219 -6.057254 -0.027878 0.999029 0.034132 0.093572 0.898810 0.010110 0.438222 8.160531
0.390764 0.045420 -0.919370 -6.512743 -0.028855 0.998896 0.037085 0.108476 0.920039 0.012037 0.391643 8.292999
0.344413 0.046757 -0.937653 -7.028398 -0.030287 0.998793 0.038681 0.125675 0.938330 0.015076 0.345413 8.424952
0.298325 0.047355 -0.953289 -7.566616 -0.031063 0.998721 0.039891 0.148598 0.953959 0.017711 0.299415 8.539226
0.254647 0.048059 -0.965839 -8.148149 -0.031724 0.998642 0.041327 0.172820 0.966514 0.020117 0.255826 8.641937
0.215084 0.048334 -0.975399 -8.732757 -0.031195 0.998605 0.042605 0.198149 0.976097 0.021264 0.216292 8.725565
0.178434 0.049056 -0.982728 -9.312960 -0.030222 0.998559 0.044359 0.222913 0.983488 0.021785 0.179659 8.788956
0.144456 0.049967 -0.988249 -9.858209 -0.028232 0.998526 0.046360 0.248769 0.989108 0.021203 0.145654 8.830068
0.114338 0.050709 -0.992147 -10.443631 -0.025400 0.998519 0.048108 0.273169 0.993117 0.019700 0.115457 8.861911
0.086104 0.053555 -0.994846 -10.992277 -0.021832 0.998416 0.051857 0.297901 0.996047 0.017254 0.087137 8.872591
0.061384 0.057165 -0.996476 -11.560403 -0.019019 0.998245 0.056095 0.327760 0.997933 0.015508 0.062364 8.873338
0.041164 0.060138 -0.997341 -12.176175 -0.015832 0.998101 0.059531 0.362749 0.999027 0.013339 0.042038 8.869270
0.025251 0.062902 -0.997700 -12.744177 -0.014273 0.997940 0.062556 0.398674 0.999579 0.012660 0.026097 8.858197
0.012204 0.063891 -0.997882 -13.319637 -0.014079 0.997869 0.063718 0.436481 0.999826 0.013272 0.013078 8.844994
0.002525 0.065513 -0.997848 -13.896609 -0.014686 0.997747 0.065469 0.474138 0.999889 0.014489 0.003482 8.830568
-0.004505 0.068768 -0.997622 -14.473745 -0.015741 0.997504 0.068831 0.512100 0.999866 0.016013 -0.003412 8.812655
-0.008731 0.070848 -0.997449 -15.020484 -0.016295 0.997345 0.070983 0.550462 0.999829 0.016873 -0.007554 8.796632
-0.009663 0.070855 -0.997440 -15.585987 -0.016712 0.997336 0.071009 0.592017 0.999814 0.017355 -0.008454 8.786939
-0.008352 0.070304 -0.997491 -16.193931 -0.018911 0.997336 0.070451 0.635862 0.999786 0.019452 -0.007000 8.781034
-0.005943 0.072984 -0.997315 -16.822054 -0.021943 0.997084 0.073098 0.676510 0.999742 0.022318 -0.004324 8.772830
-0.003568 0.076667 -0.997050 -17.447826 -0.022537 0.996798 0.076728 0.717542 0.999740 0.022744 -0.001829 8.764970
-0.001184 0.079342 -0.996847 -18.098268 -0.020260 0.996641 0.079349 0.765962 0.999794 0.020290 0.000428 8.759838
0.000635 0.081067 -0.996708 -18.724409 -0.020522 0.996500 0.081037 0.817873 0.999789 0.020403 0.002297 8.757053
0.002531 0.081582 -0.996663 -19.372541 -0.023443 0.996398 0.081501 0.873311 0.999722 0.023159 0.004435 8.757105
0.004538 0.083421 -0.996504 -20.049588 -0.027452 0.996149 0.083266 0.929747 0.999613 0.026978 0.006811 8.757600
0.006635 0.084832 -0.996373 -20.735014 -0.030083 0.995961 0.084596 0.984568 0.999525 0.029413 0.009160 8.759924
0.009126 0.087717 -0.996104 -21.432333 -0.029793 0.995727 0.087410 1.041326 0.999515 0.028879 0.011701 8.761840
0.011397 0.089567 -0.995915 -22.163483 -0.027195 0.995640 0.089231 1.106775 0.999565 0.026067 0.013783 8.766577
0.013237 0.090522 -0.995806 -22.863722 -0.026942 0.995565 0.090141 1.169403 0.999549 0.025636 0.015618 8.773390
0.014344 0.089396 -0.995893 -23.557651 -0.029358 0.995604 0.088947 1.229610 0.999466 0.027961 0.016905 8.783723
0.014990 0.088925 -0.995925 -24.277024 -0.031284 0.995592 0.088424 1.292054 0.999398 0.029831 0.017706 8.793574
0.016425 0.089211 -0.995877 -25.009137 -0.032687 0.995528 0.088640 1.355032 0.999331 0.031096 0.019268 8.804842
0.017377 0.090186 -0.995773 -25.783161 -0.028302 0.995569 0.089673 1.411147 0.999448 0.026624 0.019852 8.813961
0.018342 0.090129 -0.995761 -26.573927 -0.021211 0.995740 0.089736 1.473258 0.999607 0.019476 0.020176 8.825273
0.019467 0.088084 -0.995923 -27.345590 -0.016674 0.996002 0.087765 1.539993 0.999672 0.014898 0.020858 8.840426
0.020090 0.087488 -0.995963 -28.083580 -0.017708 0.996039 0.087138 1.605704 0.999641 0.015886 0.021560 8.854191
0.020393 0.088205 -0.995893 -28.855048 -0.024434 0.995848 0.087700 1.674621 0.999493 0.022545 0.022464 8.866417
0.019642 0.088916 -0.995845 -29.650268 -0.031117 0.995610 0.088281 1.743895 0.999323 0.029254 0.022322 8.877573
0.019082 0.090325 -0.995729 -30.465423 -0.036498 0.995310 0.089587 1.814305 0.999152 0.034632 0.022289 8.888900
0.018435 0.091718 -0.995614 -31.329472 -0.037221 0.995157 0.090987 1.881127 0.999137 0.035381 0.021760 8.899444
0.018141 0.091497 -0.995640 -32.187723 -0.033837 0.995290 0.090848 1.946672 0.999263 0.032041 0.021151 8.911123
0.018382 0.092088 -0.995581 -33.029455 -0.031382 0.995312 0.091483 2.014204 0.999338 0.029562 0.021186 8.922655
0.018271 0.093987 -0.995406 -33.867708 -0.032687 0.995096 0.093358 2.088028 0.999299 0.030831 0.021254 8.932496
0.017790 0.095072 -0.995311 -34.720324 -0.035126 0.994914 0.094406 2.162273 0.999225 0.033282 0.021039 8.943297
0.017628 0.096297 -0.995196 -35.588915 -0.033521 0.994849 0.095670 2.232389 0.999283 0.031674 0.020765 8.952808
0.018454 0.096945 -0.995119 -36.404906 -0.028297 0.994941 0.096403 2.302392 0.999429 0.026380 0.021104 8.963696
0.019328 0.098142 -0.994985 -37.195115 -0.024094 0.994928 0.097668 2.377647 0.999523 0.022085 0.021594 8.974302
0.020178 0.097689 -0.995012 -37.982282 -0.024823 0.994958 0.097180 2.453057 0.999488 0.022738 0.022501 8.989139
0.020975 0.096467 -0.995115 -38.807122 -0.027229 0.995021 0.095884 2.529669 0.999409 0.025085 0.023497 9.007112
0.020695 0.095111 -0.995251 -39.643104 -0.032443 0.995005 0.094413 2.605681 0.999259 0.030335 0.023677 9.024092
0.020850 0.093775 -0.995375 -40.478370 -0.038266 0.994937 0.092933 2.678772 0.999050 0.036152 0.024332 9.041901
0.020691 0.094011 -0.995356 -41.303322 -0.041033 0.994811 0.093106 2.749854 0.998944 0.038916 0.024441 9.057156
0.021381 0.094328 -0.995312 -42.118885 -0.040564 0.994802 0.093408 2.816608 0.998948 0.038376 0.025096 9.073030
0.022508 0.094805 -0.995241 -42.953148 -0.036242 0.994917 0.093955 2.883023 0.999090 0.033955 0.025829 9.089074
0.023795 0.096330 -0.995065 -43.776756 -0.032231 0.994904 0.095544 2.951059 0.999197 0.029799 0.026779 9.103948
0.024335 0.101424 -0.994546 -44.561150 -0.029799 0.994472 0.100687 3.023247 0.999260 0.027186 0.027223 9.112585
0.024299 0.105634 -0.994108 -45.337610 -0.028245 0.994078 0.104940 3.097900 0.999306 0.025529 0.027138 9.122385
0.024073 0.104460 -0.994238 -46.130418 -0.026173 0.994251 0.103827 3.175043 0.999368 0.023522 0.026669 9.139683
0.023316 0.101811 -0.994530 -46.928855 -0.022401 0.994605 0.101294 3.251286 0.999477 0.019917 0.025471 9.157288
0.022915 0.098536 -0.994869 -47.704913 -0.020711 0.994965 0.098068 3.329113 0.999523 0.018357 0.024841 9.175501
0.021105 0.098407 -0.994922 -48.476066 -0.024012 0.994907 0.097896 3.404108 0.999489 0.021824 0.023361 9.186988
0.018663 0.096553 -0.995153 -49.260881 -0.029969 0.994934 0.095969 3.474970 0.999377 0.028033 0.021463 9.199368
0.016764 0.095830 -0.995257 -50.064848 -0.033423 0.994894 0.095232 3.542812 0.999301 0.031668 0.019881 9.209996
0.015915 0.096565 -0.995199 -50.864007 -0.032398 0.994853 0.096013 3.605939 0.999349 0.030714 0.018961 9.216759
0.016096 0.099814 -0.994876 -51.658827 -0.028607 0.994644 0.099327 3.674046 0.999461 0.026862 0.018865 9.220598
0.015501 0.104041 -0.994452 -52.460052 -0.025256 0.994296 0.103631 3.748811 0.999561 0.023509 0.018041 9.221753
0.014665 0.108937 -0.993940 -53.272243 -0.023938 0.993801 0.108568 3.830329 0.999606 0.022201 0.017182 9.222209
0.013617 0.110937 -0.993734 -54.084955 -0.024815 0.993558 0.110578 3.913331 0.999600 0.023154 0.016282 9.226890
0.011809 0.111108 -0.993738 -54.900244 -0.026224 0.993501 0.110769 3.995711 0.999586 0.024752 0.014646 9.231690
0.010530 0.112764 -0.993566 -55.730282 -0.025790 0.993322 0.112463 4.080626 0.999612 0.024440 0.013368 9.233808
0.009554 0.113007 -0.993548 -56.549365 -0.025233 0.993305 0.112737 4.168009 0.999636 0.023993 0.012341 9.237654
0.008720 0.111488 -0.993727 -57.359044 -0.026514 0.993442 0.111223 4.254799 0.999610 0.025377 0.011619 9.244685
0.007514 0.111261 -0.993763 -58.163877 -0.028896 0.993400 0.111002 4.340755 0.999554 0.027881 0.010680 9.248356
0.006869 0.112398 -0.993639 -58.929250 -0.033019 0.993147 0.112114 4.418435 0.999431 0.032038 0.010533 9.249226
0.005682 0.112710 -0.993612 -59.707651 -0.035051 0.993040 0.112445 4.498747 0.999369 0.034188 0.009593 9.249355
0.004737 0.112067 -0.993689 -60.491605 -0.035096 0.993107 0.111834 4.578454 0.999373 0.034345 0.008637 9.250211
0.004676 0.111415 -0.993763 -61.248747 -0.033459 0.993235 0.111198 4.655431 0.999429 0.032730 0.008372 9.251471
0.005602 0.111601 -0.993737 -61.954507 -0.030119 0.993321 0.111385 4.730428 0.999531 0.029307 0.008926 9.252716
0.006618 0.112094 -0.993675 -62.643161 -0.027535 0.993341 0.111873 4.804055 0.999599 0.026621 0.009660 9.255291
0.008357 0.112618 -0.993603 -63.319845 -0.025612 0.993337 0.112373 4.874974 0.999637 0.024509 0.011186 9.259547
0.010769 0.114367 -0.993380 -63.989021 -0.025422 0.993149 0.114065 4.948405 0.999619 0.024025 0.013602 9.265114
0.014376 0.114168 -0.993357 -64.647508 -0.026863 0.993146 0.113755 5.023037 0.999536 0.025049 0.017345 9.278230
0.019523 0.113053 -0.993397 -65.282171 -0.028925 0.993235 0.112466 5.096005 0.999391 0.026539 0.022661 9.298186
0.026126 0.111850 -0.993382 -65.884291 -0.030949 0.993335 0.111031 5.164261 0.999180 0.027843 0.029414 9.323449
0.034913 0.113140 -0.992965 -66.461375 -0.033128 0.993157 0.111997 5.228113 0.998841 0.028985 0.038422 9.351762
0.047045 0.115021 -0.992248 -67.023861 -0.035787 0.992905 0.113400 5.287874 0.998252 0.030175 0.050827 9.388425
0.061909 0.118401 -0.991034 -67.563359 -0.038410 0.992486 0.116175 5.345572 0.997343 0.030873 0.065992 9.432084
0.080484 0.119430 -0.989575 -68.093448 -0.041209 0.992346 0.116412 5.398242 0.995904 0.031410 0.084790 9.493013
0.102216 0.119922 -0.987507 -68.589133 -0.044101 0.992278 0.115936 5.446298 0.993784 0.031700 0.106715 9.566311
0.127162 0.118862 -0.984734 -69.097623 -0.046781 0.992408 0.113747 5.494738 0.990778 0.031602 0.131757 9.660115
0.157021 0.118030 -0.980517 -69.601153 -0.049527 0.992525 0.111544 5.546216 0.986353 0.031048 0.161693 9.774486
0.191624 0.116659 -0.974510 -70.103067 -0.053480 0.992677 0.108318 5.594429 0.980010 0.031360 0.196460 9.913361
0.230381 0.115666 -0.966202 -70.598470 -0.058005 0.992778 0.105016 5.642568 0.971370 0.031851 0.235427 10.076181
0.274864 0.115366 -0.954537 -71.093959 -0.063357 0.992791 0.101745 5.687814 0.959393 0.032510 0.280192 10.271773
0.322438 0.113565 -0.939753 -71.549202 -0.069969 0.992921 0.095983 5.728835 0.944001 0.034805 0.328102 10.487796
0.373168 0.113062 -0.920849 -72.007255 -0.074844 0.992981 0.091588 5.770647 0.924740 0.034743 0.379011 10.736343
0.423327 0.111197 -0.899127 -72.438575 -0.078093 0.993224 0.086067 5.806558 0.902605 0.033781 0.429142 11.005264
0.473739 0.111208 -0.873616 -72.812187 -0.081084 0.993290 0.082472 5.839344 0.876925 0.031766 0.479577 11.274977
0.523471 0.111761 -0.844682 -73.161246 -0.084883 0.993269 0.078816 5.870635 0.847805 0.030441 0.529434 11.561039
0.570034 0.112265 -0.813915 -73.500861 -0.089354 0.993216 0.074416 5.898228 0.816748 0.030307 0.576199 11.870164
0.613524 0.112814 -0.781576 -73.830882 -0.093039 0.993176 0.070323 5.922421 0.784176 0.029573 0.619833 12.201295
0.656013 0.112873 -0.746262 -74.123626 -0.096891 0.993168 0.065044 5.943021 0.748504 0.029637 0.662467 12.536673
0.696780 0.110453 -0.708730 -74.395453 -0.100660 0.993353 0.055848 5.956027 0.710187 0.032427 0.703266 12.894832
0.734072 0.110719 -0.669985 -74.661071 -0.102474 0.993382 0.051887 5.967895 0.671296 0.030568 0.740559 13.266671
0.770214 0.108601 -0.628472 -74.913309 -0.100561 0.993750 0.048480 5.984999 0.629808 0.025859 0.776320 13.660458
0.802418 0.104482 -0.587544 -75.135238 -0.097045 0.994295 0.044278 5.999502 0.588818 0.021489 0.807980 14.049833
0.831680 0.101877 -0.545829 -75.355782 -0.094346 0.994658 0.041894 6.008737 0.547181 0.016654 0.836849 14.470401
0.858400 0.099523 -0.503233 -75.557707 -0.093804 0.994912 0.036754 6.018493 0.504331 0.015656 0.863369 14.916640
0.883648 0.098651 -0.457639 -75.756223 -0.094355 0.995015 0.032302 6.027377 0.458544 0.014637 0.888551 15.410332
0.905876 0.097552 -0.412156 -75.912120 -0.094433 0.995138 0.027982 6.033061 0.412882 0.013573 0.910683 15.871137
0.924768 0.098400 -0.367589 -76.068974 -0.096323 0.995060 0.024041 6.034183 0.368139 0.013175 0.929678 16.394024
0.939635 0.100236 -0.327167 -76.226388 -0.097770 0.994920 0.024019 6.030345 0.327912 0.009418 0.944661 16.953538
0.952206 0.100573 -0.288424 -76.382459 -0.097448 0.994922 0.025212 6.027950 0.289495 0.004099 0.957171 17.573570
0.961717 0.102156 -0.254293 -76.519551 -0.098962 0.994769 0.025357 6.028343 0.255553 0.000779 0.966795 18.202742
0.968716 0.104163 -0.225254 -76.643596 -0.101547 0.994561 0.023199 6.030639 0.226445 0.000401 0.974024 18.862241
0.973830 0.106185 -0.200948 -76.762336 -0.104158 0.994346 0.020663 6.032059 0.202006 0.000808 0.979384 19.553346
0.977559 0.109089 -0.180216 -76.867880 -0.107470 0.994032 0.018748 6.029466 0.181185 0.001040 0.983449 20.227355
0.980357 0.112274 -0.162157 -76.966291 -0.110658 0.993677 0.018992 6.032442 0.163264 -0.000675 0.986582 20.899432
0.982547 0.114451 -0.146639 -77.057625 -0.112576 0.993421 0.021054 6.041399 0.148084 -0.004178 0.988966 21.564011
0.984257 0.116045 -0.133312 -77.146053 -0.114032 0.993219 0.022665 6.050823 0.135038 -0.007106 0.990815 22.260071
0.985878 0.115849 -0.120928 -77.220347 -0.114327 0.993253 0.019478 6.057726 0.122368 -0.005377 0.992470 22.971320
0.987469 0.115737 -0.107289 -77.285988 -0.114525 0.993268 0.017414 6.064708 0.108582 -0.004908 0.994076 23.690748
0.988827 0.116725 -0.092721 -77.339633 -0.115725 0.993151 0.016108 6.072536 0.093966 -0.005198 0.995562 24.400073
0.989952 0.117389 -0.078831 -77.389007 -0.116606 0.993073 0.014471 6.079339 0.079984 -0.005133 0.996783 25.171195
0.991218 0.114661 -0.065882 -77.433543 -0.114000 0.993387 0.013719 6.083383 0.067019 -0.006088 0.997733 25.988290
0.992466 0.109830 -0.054298 -77.471808 -0.109238 0.993921 0.013768 6.083474 0.055480 -0.007733 0.998430 26.802984
0.993533 0.104204 -0.045099 -77.504221 -0.103694 0.994518 0.013511 6.088541 0.046260 -0.008747 0.998891 27.607799
0.993861 0.104176 -0.037254 -77.530679 -0.103747 0.994516 0.013275 6.096272 0.038432 -0.009329 0.999218 28.401010
0.993428 0.110173 -0.031019 -77.556139 -0.109782 0.993857 0.014053 6.107565 0.032377 -0.010555 0.999420 29.224034
0.992675 0.117836 -0.026682 -77.583951 -0.117434 0.992949 0.016169 6.115908 0.028399 -0.012917 0.999513 30.111770
0.992311 0.121727 -0.022414 -77.604193 -0.121387 0.992477 0.015987 6.119593 0.024191 -0.013143 0.999621 30.954403
0.992499 0.120744 -0.019171 -77.617654 -0.120499 0.992623 0.013457 6.122157 0.020654 -0.011046 0.999726 31.766922
0.992641 0.119986 -0.016326 -77.631354 -0.119796 0.992724 0.012154 6.127529 0.017666 -0.010109 0.999793 32.611120
0.992418 0.122140 -0.013709 -77.641343 -0.122013 0.992481 0.009710 6.130872 0.014792 -0.007964 0.999859 33.452919
0.992126 0.124720 -0.011438 -77.649490 -0.124650 0.992179 0.006601 6.127318 0.012171 -0.005124 0.999913 34.296712
0.991841 0.127210 -0.008329 -77.655744 -0.127185 0.991873 0.003458 6.114966 0.008701 -0.002370 0.999959 35.154057
0.992231 0.124285 -0.005583 -77.659812 -0.124283 0.992247 0.000689 6.101374 0.005625 0.000010 0.999984 35.974602
0.992986 0.118182 -0.003405 -77.668427 -0.118178 0.992992 0.001390 6.084649 0.003545 -0.000978 0.999993 36.783992
0.993733 0.111769 -0.001400 -77.673709 -0.111768 0.993734 0.000776 6.072418 0.001478 -0.000614 0.999999 37.581231
0.994105 0.108424 0.000365 -77.678019 -0.108424 0.994105 0.000821 6.064802 -0.000274 -0.000855 1.000000 38.345453
0.993818 0.111001 0.002021 -77.680303 -0.111002 0.993821 0.000158 6.055364 -0.001991 -0.000381 0.999998 39.117020
0.993342 0.115104 0.004779 -77.681418 -0.115108 0.993353 0.000702 6.045543 -0.004666 -0.001247 0.999988 39.896517
0.992672 0.120630 0.007144 -77.681486 -0.120646 0.992694 0.001933 6.039226 -0.006859 -0.002781 0.999973 40.657273
0.992366 0.123012 0.008784 -77.674978 -0.123009 0.992406 -0.000826 6.030989 -0.008819 -0.000261 0.999961 41.436819
0.992323 0.123313 0.009386 -77.670036 -0.123288 0.992366 -0.003196 6.021165 -0.009709 0.002014 0.999951 42.224677
0.992253 0.123833 0.009924 -77.665907 -0.123793 0.992298 -0.004571 6.008591 -0.010414 0.003307 0.999940 43.055854
0.992383 0.122669 0.011366 -77.661346 -0.122623 0.992443 -0.004668 5.999258 -0.011853 0.003238 0.999925 43.860488
0.992481 0.121786 0.012263 -77.652972 -0.121711 0.992543 -0.006684 5.990160 -0.012985 0.005141 0.999903 44.698886
0.992431 0.122273 0.011425 -77.647886 -0.122185 0.992474 -0.008146 5.980314 -0.012335 0.006688 0.999902 45.498004
0.992216 0.123936 0.012115 -77.646738 -0.123876 0.992282 -0.005609 5.971545 -0.012717 0.004065 0.999911 46.289458
0.992280 0.123450 0.011853 -77.643702 -0.123390 0.992342 -0.005667 5.962199 -0.012461 0.004161 0.999914 47.112120
0.992280 0.123619 0.009891 -77.645936 -0.123587 0.992327 -0.003822 5.953672 -0.010288 0.002570 0.999944 47.924831
0.992203 0.124401 0.007564 -77.648946 -0.124380 0.992230 -0.003154 5.943344 -0.007897 0.002188 0.999967 48.730399
0.992225 0.124366 0.004779 -77.658668 -0.124370 0.992236 0.000469 5.941771 -0.004684 -0.001060 0.999989 49.593802
0.992178 0.124810 0.002193 -77.670651 -0.124818 0.992172 0.003949 5.940167 -0.001683 -0.004192 0.999990 50.488740
0.992768 0.120046 -0.000282 -77.681849 -0.120042 0.992752 0.005771 5.940262 0.000973 -0.005696 0.999983 51.402000
0.993112 0.117135 -0.002917 -77.692693 -0.117114 0.993098 0.006384 5.941169 0.003645 -0.005998 0.999975 52.246477
0.993250 0.115893 -0.004793 -77.701482 -0.115869 0.993252 0.005033 5.941748 0.005343 -0.004443 0.999976 53.074091
0.993060 0.117438 -0.006342 -77.714605 -0.117404 0.993070 0.005461 5.941077 0.006939 -0.004678 0.999965 53.871137
0.992967 0.118107 -0.008249 -77.727740 -0.118068 0.992993 0.005038 5.940221 0.008786 -0.004028 0.999953 54.683681
0.992725 0.120016 -0.009645 -77.742606 -0.119969 0.992764 0.005285 5.938298 0.010209 -0.004090 0.999940 55.516341
0.992304 0.123407 -0.010119 -77.757130 -0.123356 0.992348 0.005542 5.936777 0.010725 -0.004251 0.999934 56.357278
0.991732 0.127935 -0.010043 -77.773260 -0.127870 0.991768 0.006890 5.936145 0.010841 -0.005549 0.999926 57.216451
0.991473 0.130019 -0.008694 -77.786501 -0.129953 0.991490 0.007784 5.937653 0.009632 -0.006588 0.999932 58.089031
0.991451 0.130355 -0.005675 -77.800294 -0.130284 0.991412 0.011400 5.941261 0.007112 -0.010563 0.999919 58.962897
0.991579 0.129457 -0.003473 -77.808368 -0.129407 0.991518 0.012084 5.945526 0.005008 -0.011532 0.999921 59.864408
0.991875 0.127200 -0.002079 -77.811349 -0.127173 0.991832 0.009875 5.947359 0.003318 -0.009531 0.999949 60.761903
0.992108 0.125387 -0.000771 -77.808943 -0.125381 0.992095 0.005338 5.947289 0.001434 -0.005200 0.999986 61.644779
0.992191 0.124723 0.000968 -77.810092 -0.124726 0.992185 0.003680 5.947453 -0.000502 -0.003772 0.999993 62.507072
0.991892 0.127066 0.002197 -77.809118 -0.127070 0.991892 0.001950 5.948264 -0.001932 -0.002213 0.999996 63.368261
0.991622 0.129147 0.002506 -77.806567 -0.129144 0.991625 -0.001388 5.942633 -0.002664 0.001052 0.999996 64.234986
0.991621 0.129142 0.003222 -77.807539 -0.129136 0.991625 -0.002017 5.933250 -0.003456 0.001584 0.999993 65.147127
0.992012 0.126070 0.004253 -77.811142 -0.126069 0.992022 -0.000374 5.919837 -0.004266 -0.000166 0.999991 66.041504
0.992658 0.120860 0.004815 -77.816975 -0.120872 0.992666 0.002416 5.908192 -0.004488 -0.002980 0.999986 66.924272
0.993220 0.116119 0.005509 -77.817824 -0.116136 0.993229 0.002912 5.901851 -0.005134 -0.003532 0.999981 67.783219
0.993828 0.110757 0.006225 -77.819701 -0.110791 0.993830 0.005391 5.902669 -0.005590 -0.006047 0.999966 68.605599
0.993915 0.109930 0.006965 -77.813835 -0.109957 0.993930 0.003613 5.905964 -0.006525 -0.004357 0.999969 69.418121
0.993300 0.115340 0.007111 -77.806747 -0.115344 0.993326 0.000057 5.908888 -0.007057 -0.000877 0.999975 70.244476
0.992314 0.123529 0.007272 -77.805369 -0.123536 0.992341 0.000441 5.914490 -0.007161 -0.001336 0.999974 71.084936
0.991431 0.130528 0.005169 -77.804986 -0.130525 0.991445 -0.000814 5.911949 -0.005231 0.000133 0.999986 71.987265
0.991748 0.128175 0.002598 -77.808816 -0.128170 0.991751 -0.002002 5.903166 -0.002833 0.001652 0.999995 72.895327
0.992227 0.124437 -0.000118 -77.809979 -0.124435 0.992210 -0.006036 5.898793 -0.000634 0.006004 0.999982 73.772108
0.992428 0.122783 -0.003308 -77.819496 -0.122804 0.992405 -0.007188 5.888309 0.002400 0.007540 0.999969 74.661393
0.992724 0.120251 -0.006266 -77.835701 -0.120285 0.992725 -0.005376 5.878759 0.005574 0.006091 0.999966 75.536588
0.993091 0.116902 -0.010161 -77.854872 -0.116953 0.993127 -0.004582 5.868094 0.009555 0.005739 0.999938 76.391554
0.993433 0.113425 -0.015032 -77.878892 -0.113502 0.993529 -0.004394 5.856415 0.014436 0.006071 0.999878 77.270340
0.993846 0.109347 -0.017697 -77.905344 -0.109410 0.993994 -0.002610 5.849637 0.017305 0.004530 0.999840 78.126970
0.993762 0.109590 -0.020669 -77.934747 -0.109602 0.993976 0.000577 5.849469 0.020608 0.001692 0.999786 78.965193
0.993421 0.111742 -0.025063 -77.967184 -0.111734 0.993737 0.001751 5.850699 0.025101 0.001061 0.999684 79.833413
0.992579 0.117762 -0.030322 -78.005927 -0.117741 0.993042 0.002491 5.849846 0.030405 0.001098 0.999537 80.700086
0.991706 0.123373 -0.036013 -78.046289 -0.123397 0.992357 0.001571 5.844644 0.035932 0.002886 0.999350 81.563387
0.991029 0.126896 -0.041923 -78.090477 -0.127020 0.991901 -0.000295 5.836348 0.041546 0.005617 0.999121 82.422207
0.990651 0.127464 -0.048604 -78.144315 -0.127641 0.991821 -0.000547 5.829769 0.048137 0.006745 0.998818 83.301902
0.989902 0.130564 -0.055203 -78.201621 -0.130943 0.991385 -0.003288 5.816352 0.054298 0.010483 0.998470 84.196259
0.989656 0.129399 -0.061932 -78.269454 -0.129849 0.991529 -0.003274 5.805155 0.060983 0.011281 0.998075 85.079504
0.989396 0.128555 -0.067587 -78.346266 -0.128821 0.991668 0.000434 5.796806 0.067080 0.008277 0.997713 85.952753
0.989513 0.124300 -0.073574 -78.423440 -0.124383 0.992229 0.003477 5.798170 0.073435 0.005711 0.997284 86.789512
0.989454 0.120746 -0.080000 -78.499356 -0.120899 0.992661 0.002949 5.797287 0.079769 0.006754 0.996791 87.614339
0.989165 0.119377 -0.085446 -78.581420 -0.119445 0.992832 0.004331 5.799283 0.085350 0.005922 0.996333 88.432878
0.988014 0.124876 -0.090742 -78.668152 -0.124938 0.992152 0.005026 5.800695 0.090657 0.006371 0.995862 89.250448
0.986932 0.128338 -0.097439 -78.759558 -0.128440 0.991704 0.005245 5.803746 0.097304 0.007338 0.995228 90.060966
0.986050 0.129713 -0.104306 -78.855232 -0.130008 0.991505 0.003993 5.804884 0.103938 0.009623 0.994537 90.883810
0.985712 0.125457 -0.112391 -78.956963 -0.126024 0.992025 0.002071 5.798726 0.111754 0.012122 0.993662 91.695677
0.985538 0.118300 -0.121321 -79.067482 -0.118984 0.992895 0.001615 5.796453 0.120650 0.012843 0.992612 92.490748
0.984601 0.115964 -0.130819 -79.185882 -0.116925 0.993141 0.000340 5.794730 0.129961 0.014961 0.991406 93.301075
0.982741 0.118981 -0.141642 -79.316641 -0.119948 0.992779 0.001721 5.795637 0.140824 0.015298 0.989917 94.094150
0.980302 0.124381 -0.153415 -79.453948 -0.125426 0.992099 0.002885 5.801517 0.152562 0.016414 0.988158 94.866897
0.977558 0.130865 -0.165088 -79.606590 -0.132119 0.991228 0.003408 5.801214 0.164086 0.018480 0.986273 95.678586
0.975501 0.134192 -0.174325 -79.769281 -0.135300 0.990790 0.005572 5.793120 0.173467 0.018151 0.984673 96.483050
0.974006 0.131798 -0.184230 -79.958207 -0.132071 0.991181 0.010844 5.785919 0.184034 0.013770 0.982823 97.353772
0.973070 0.123712 -0.194498 -80.149326 -0.123262 0.992269 0.014460 5.780898 0.194783 0.009904 0.980796 98.190580
0.971247 0.118313 -0.206592 -80.340675 -0.117897 0.992922 0.014372 5.785016 0.206830 0.010398 0.978322 99.015822
0.968441 0.122388 -0.217125 -80.521964 -0.122446 0.992387 0.013235 5.791434 0.217092 0.013769 0.976054 99.766592
0.965286 0.128217 -0.227558 -80.723402 -0.128993 0.991579 0.011524 5.795478 0.227120 0.018230 0.973697 100.573852
0.962117 0.131842 -0.238640 -80.937851 -0.133629 0.990993 0.008749 5.795341 0.237644 0.023471 0.971069 101.395773
0.959823 0.128743 -0.249328 -81.153827 -0.131184 0.991335 0.006875 5.791066 0.248053 0.026109 0.968395 102.182242
0.958023 0.124381 -0.258303 -81.391572 -0.126414 0.991939 0.008792 5.775312 0.257314 0.024230 0.966024 102.994526
0.957063 0.117799 -0.264864 -81.622729 -0.119147 0.992816 0.011027 5.767238 0.264260 0.021004 0.964223 103.769106
0.956237 0.111869 -0.270362 -81.838089 -0.112984 0.993531 0.011485 5.766142 0.269897 0.019564 0.962691 104.489049
0.954620 0.110220 -0.276678 -82.057013 -0.111302 0.993717 0.011839 5.770616 0.276245 0.019494 0.960890 105.206522
0.952568 0.111856 -0.283022 -82.288204 -0.111844 0.993594 0.016255 5.780667 0.283027 0.016171 0.958976 105.929130
0.950284 0.113766 -0.289857 -82.517127 -0.114277 0.993333 0.015220 5.786123 0.289655 0.018661 0.956949 106.651670
0.947367 0.119654 -0.296949 -82.751695 -0.120975 0.992558 0.013996 5.787863 0.296414 0.022664 0.954791 107.371045
0.944396 0.127415 -0.303120 -83.007899 -0.129256 0.991512 0.014070 5.791351 0.302339 0.025892 0.952849 108.137482
0.942191 0.134225 -0.307017 -83.283271 -0.135909 0.990593 0.015991 5.790903 0.306275 0.026660 0.951570 108.946612
0.941186 0.134125 -0.310129 -83.585212 -0.133467 0.990777 0.023445 5.792414 0.310413 0.019326 0.950406 109.801284
0.941594 0.127391 -0.311725 -83.862291 -0.125566 0.991745 0.026007 5.801385 0.312465 0.014654 0.949817 110.604033
0.941933 0.120269 -0.313523 -84.111562 -0.117693 0.992678 0.027206 5.812403 0.314499 0.011273 0.949191 111.326747
0.941280 0.119890 -0.315623 -84.359124 -0.116900 0.992736 0.028463 5.830215 0.316742 0.010105 0.948458 112.042580
0.939445 0.125907 -0.318733 -84.624404 -0.122433 0.991993 0.030999 5.846982 0.320084 0.009902 0.947338 112.788676
0.937531 0.129675 -0.322829 -84.891922 -0.127035 0.991465 0.029332 5.855786 0.323877 0.013511 0.946003 113.546088
0.936726 0.126920 -0.326244 -85.197037 -0.124653 0.991808 0.027939 5.868683 0.327118 0.014497 0.944873 114.406504
0.936144 0.120974 -0.330150 -85.484745 -0.118139 0.992582 0.028719 5.878628 0.331175 0.012119 0.943492 115.193419
0.935893 0.115814 -0.332701 -85.764207 -0.111455 0.993247 0.032228 5.895640 0.334187 0.006919 0.942482 115.944653
0.934908 0.114811 -0.335805 -86.040475 -0.109809 0.993375 0.033915 5.919203 0.337474 0.005167 0.941321 116.687975
0.933441 0.118201 -0.338697 -86.304038 -0.113540 0.992965 0.033618 5.938597 0.340288 0.007076 0.940295 117.397627
0.932154 0.120205 -0.341525 -86.574397 -0.115240 0.992726 0.034869 5.957849 0.343232 0.006854 0.939226 118.111547
0.930804 0.120824 -0.344971 -86.848019 -0.115561 0.992653 0.035862 5.976261 0.346770 0.006485 0.937928 118.825441
0.929745 0.119545 -0.348257 -87.116578 -0.114471 0.992804 0.035191 5.994080 0.349957 0.007147 0.936739 119.526104
0.928705 0.118562 -0.351353 -87.387400 -0.113615 0.992918 0.034741 6.012858 0.352983 0.007655 0.935599 120.226386
0.927282 0.118993 -0.354949 -87.666461 -0.114097 0.992861 0.034776 6.031921 0.356553 0.008251 0.934239 120.935148
0.926007 0.120298 -0.357825 -87.946774 -0.114716 0.992714 0.036870 6.052430 0.359654 0.006907 0.933061 121.634042
0.924688 0.121054 -0.360966 -88.228459 -0.115020 0.992627 0.038243 6.069668 0.362934 0.006155 0.931795 122.332068
0.924277 0.118114 -0.362988 -88.521217 -0.111364 0.992993 0.039546 6.085263 0.365115 0.003873 0.930955 123.055922
0.923929 0.114148 -0.365136 -88.790241 -0.106908 0.993462 0.040058 6.108100 0.367321 0.002026 0.930092 123.721473
0.923652 0.112009 -0.366498 -89.058899 -0.104126 0.993708 0.041278 6.138007 0.368815 0.000035 0.929503 124.382560
0.923344 0.116296 -0.365937 -89.325966 -0.108150 0.993215 0.042759 6.159700 0.368427 0.000095 0.929657 125.046737
0.922019 0.124250 -0.366664 -89.613945 -0.117185 0.992241 0.041562 6.191010 0.368983 0.004646 0.929425 125.772797
0.919653 0.132102 -0.369846 -89.917366 -0.126802 0.991172 0.038725 6.218335 0.371697 0.011283 0.928286 126.525911
0.918093 0.134481 -0.372853 -90.197669 -0.131184 0.990764 0.034328 6.233954 0.374026 0.017396 0.927255 127.219763
0.917125 0.132829 -0.375815 -90.472479 -0.130782 0.990924 0.031080 6.246752 0.376532 0.020646 0.926174 127.891331
0.916655 0.129518 -0.378110 -90.744540 -0.127372 0.991377 0.030795 6.257359 0.378838 0.019932 0.925249 128.539109
0.916259 0.125943 -0.380273 -91.012020 -0.124212 0.991827 0.029196 6.273343 0.380842 0.020483 0.924414 129.179957
0.915483 0.124185 -0.382712 -91.283233 -0.123008 0.992021 0.027650 6.287825 0.383092 0.021763 0.923454 129.824353
0.914849 0.123062 -0.384586 -91.549136 -0.122655 0.992117 0.025695 6.300888 0.384717 0.023665 0.922732 130.456298
0.913807 0.123639 -0.386871 -91.816055 -0.123771 0.992004 0.024678 6.313774 0.386828 0.025332 0.921804 131.081568
0.912682 0.124472 -0.389253 -92.069584 -0.125449 0.991833 0.023018 6.324024 0.388939 0.027823 0.920844 131.671165
0.911673 0.124299 -0.391666 -92.323310 -0.126132 0.991788 0.021158 6.334806 0.391079 0.030112 0.919864 132.260098
0.910927 0.123682 -0.393592 -92.567578 -0.126537 0.991784 0.018802 6.341281 0.392683 0.032676 0.919093 132.826787
0.910362 0.122324 -0.395320 -92.799479 -0.125684 0.991916 0.017499 6.344297 0.394265 0.033755 0.918377 133.358341
0.909979 0.120050 -0.396895 -93.015145 -0.122463 0.992284 0.019363 6.346355 0.396157 0.030985 0.917660 133.836852
0.909380 0.116081 -0.399439 -93.219138 -0.118369 0.992788 0.019029 6.351019 0.398767 0.029977 0.916562 134.292762
0.908373 0.112777 -0.402664 -93.399122 -0.116203 0.993097 0.016000 6.353086 0.401689 0.032257 0.915208 134.700415
0.906830 0.111274 -0.406542 -93.581448 -0.116747 0.993096 0.011403 6.351855 0.405004 0.037122 0.913561 135.113307
0.904499 0.112763 -0.411297 -93.770642 -0.118408 0.992895 0.011819 6.350304 0.409708 0.038010 0.911425 135.511999
0.901921 0.115296 -0.416227 -93.980754 -0.119872 0.992673 0.015223 6.355482 0.414932 0.036164 0.909134 135.939313
0.899759 0.120512 -0.419415 -94.201424 -0.123668 0.992127 0.019769 6.366479 0.418495 0.034081 0.907579 136.389359
0.896258 0.127394 -0.424842 -94.400268 -0.131007 0.991163 0.020837 6.371750 0.423742 0.036982 0.905028 136.793233
0.892605 0.130182 -0.431633 -94.575870 -0.134619 0.990688 0.020407 6.373271 0.430270 0.039891 0.901818 137.141538
0.889270 0.129056 -0.438796 -94.740458 -0.134968 0.990690 0.017847 6.375081 0.437014 0.043353 0.898409 137.467753
0.884728 0.128075 -0.448166 -94.902126 -0.135076 0.990699 0.016463 6.379176 0.446106 0.045972 0.893799 137.772077
0.878667 0.127378 -0.460127 -95.066620 -0.135387 0.990669 0.015710 6.384383 0.457835 0.048491 0.887714 138.063029
0.870940 0.127034 -0.474683 -95.228844 -0.135452 0.990645 0.016589 6.391999 0.472350 0.049849 0.880000 138.326905
0.861959 0.126613 -0.490912 -95.400210 -0.134657 0.990709 0.019082 6.398346 0.488766 0.049657 0.871000 138.586337
0.852031 0.124411 -0.508491 -95.591392 -0.131761 0.991044 0.021696 6.405941 0.506636 0.048514 0.860794 138.862369
0.841486 0.121052 -0.526543 -95.774318 -0.126754 0.991609 0.025400 6.415383 0.525199 0.045368 0.849769 139.108655
0.830671 0.117348 -0.544255 -95.934666 -0.121375 0.992193 0.028680 6.424164 0.543372 0.042236 0.838429 139.310164
0.818794 0.115646 -0.562318 -96.092636 -0.117646 0.992514 0.032814 6.435565 0.561903 0.039286 0.826270 139.494094
0.806322 0.115760 -0.580037 -96.219980 -0.115307 0.992611 0.037809 6.446783 0.580128 0.036397 0.813712 139.624957
0.792737 0.116450 -0.598337 -96.328540 -0.114169 0.992577 0.041916 6.457212 0.598776 0.035083 0.800147 139.725308
0.778904 0.115758 -0.616367 -96.439381 -0.113242 0.992623 0.043317 6.471293 0.616834 0.036058 0.786267 139.831829
0.763705 0.114943 -0.635249 -96.559797 -0.112995 0.992632 0.043763 6.485554 0.635598 0.038358 0.771067 139.945081
0.745779 0.115868 -0.656038 -96.711866 -0.114136 0.992422 0.045531 6.502369 0.656342 0.040921 0.753353 140.078631
0.725251 0.120057 -0.677935 -96.884026 -0.116907 0.991854 0.050583 6.521336 0.678486 0.042570 0.733379 140.210836
0.703684 0.124904 -0.699448 -97.063496 -0.119320 0.991221 0.056964 6.541745 0.700422 0.043373 0.712410 140.338988
0.681770 0.128354 -0.720218 -97.250281 -0.120395 0.990751 0.062599 6.559564 0.721591 0.044032 0.690917 140.467366
0.658728 0.131528 -0.740794 -97.453850 -0.121017 0.990304 0.068217 6.581416 0.742584 0.044712 0.668258 140.600575
0.631683 0.136024 -0.763199 -97.690332 -0.122721 0.989618 0.074805 6.606007 0.765451 0.046408 0.641818 140.741828
0.602864 0.141922 -0.785119 -97.953951 -0.124598 0.988726 0.083053 6.632031 0.788054 0.047754 0.613751 140.886002
0.572472 0.143096 -0.807339 -98.245127 -0.123335 0.988478 0.087747 6.661912 0.810594 0.049340 0.583526 141.043128
0.542519 0.143732 -0.827655 -98.570905 -0.119619 0.988432 0.093243 6.695475 0.831483 0.048417 0.553436 141.209002
0.511953 0.144357 -0.846796 -98.925238 -0.115039 0.988421 0.098951 6.738188 0.851275 0.046756 0.522632 141.375408
0.479749 0.147107 -0.864985 -99.331681 -0.112320 0.988031 0.105737 6.784541 0.870186 0.046428 0.490530 141.551997
0.445359 0.150173 -0.882667 -99.752732 -0.110839 0.987498 0.112083 6.833748 0.888464 0.047917 0.456437 141.714366
0.408505 0.153364 -0.899779 -100.196234 -0.108348 0.986961 0.119033 6.888903 0.906302 0.048864 0.419796 141.865232
0.370029 0.154927 -0.916010 -100.690724 -0.105386 0.986633 0.124299 6.955531 0.923023 0.050540 0.381410 142.016822
0.327664 0.155539 -0.931903 -101.206872 -0.101781 0.986427 0.128852 7.029251 0.939296 0.052630 0.339047 142.149237
0.283610 0.155389 -0.946265 -101.748218 -0.099400 0.986232 0.132160 7.105376 0.953774 0.056577 0.295152 142.263502
0.236497 0.154433 -0.959280 -102.322369 -0.097658 0.986067 0.134669 7.184943 0.966712 0.061833 0.248284 142.357849
0.186741 0.152803 -0.970452 -102.917647 -0.096140 0.985931 0.136740 7.270696 0.977693 0.067765 0.198804 142.423568
0.136250 0.151977 -0.978947 -103.496975 -0.093617 0.985716 0.139998 7.351257 0.986241 0.072571 0.148532 142.454065
0.088042 0.151647 -0.984505 -104.146270 -0.090350 0.985486 0.143718 7.445142 0.992011 0.076297 0.100466 142.464682
0.038478 0.151935 -0.987640 -104.840122 -0.086470 0.985172 0.148186 7.546469 0.995511 0.079700 0.051046 142.442768
-0.011990 0.151572 -0.988373 -105.538894 -0.081810 0.984982 0.152045 7.650692 0.996575 0.082682 0.000590 142.384732
-0.062306 0.151671 -0.986464 -106.168939 -0.076050 0.984791 0.156217 7.750224 0.995155 0.084754 -0.049824 142.294717
-0.112314 0.150800 -0.982162 -106.808164 -0.069494 0.984805 0.159153 7.855286 0.991239 0.086130 -0.100128 142.171551
-0.162021 0.151329 -0.975114 -107.410309 -0.061938 0.984663 0.163102 7.957105 0.984841 0.086822 -0.150163 142.019690
-0.208005 0.150185 -0.966528 -108.010825 -0.055542 0.984734 0.164967 8.057693 0.976549 0.087997 -0.196488 141.844707
-0.251250 0.149604 -0.956290 -108.617159 -0.048399 0.984806 0.166781 8.165349 0.966711 0.088188 -0.240192 141.640522
-0.289177 0.149717 -0.945494 -109.360979 -0.041113 0.984841 0.168522 8.292532 0.956392 0.087605 -0.278638 141.372437
-0.320926 0.146392 -0.935721 -110.062191 -0.035907 0.985392 0.166478 8.414229 0.946423 0.087027 -0.310981 141.102405
-0.350333 0.145612 -0.925236 -110.728373 -0.030627 0.985533 0.166698 8.530760 0.936124 0.086737 -0.340805 140.817677
-0.375071 0.145763 -0.915464 -111.384060 -0.026022 0.985516 0.167578 8.652095 0.926631 0.086676 -0.365845 140.519150
-0.394448 0.146672 -0.907136 -111.989931 -0.021832 0.985406 0.168819 8.765199 0.918659 0.086395 -0.385489 140.231065
-0.408939 0.146758 -0.900683 -112.539245 -0.019387 0.985364 0.169358 8.872256 0.912355 0.086719 -0.400108 139.963761
-0.420977 0.145773 -0.895280 -113.103773 -0.017526 0.985511 0.168705 8.984283 0.906902 0.086712 -0.412323 139.685957
-0.430523 0.144847 -0.890880 -113.675697 -0.016589 0.985603 0.168264 9.097776 0.902427 0.087221 -0.421922 139.399632
-0.438471 0.143345 -0.887239 -114.268409 -0.015845 0.985813 0.167101 9.214018 0.898605 0.087328 -0.429979 139.099761
-0.445019 0.143641 -0.883925 -114.903226 -0.015407 0.985678 0.167933 9.336210 0.895388 0.088352 -0.436432 138.771852
-0.450954 0.143909 -0.880868 -115.575578 -0.015373 0.985518 0.168875 9.464640 0.892414 0.089697 -0.442211 138.420507
