0.999999 0.001619 0.000328 -0.006854 -0.001620 0.999995 0.002738 -0.014352 -0.000324 -0.002738 0.999996 0.768111
0.999998 0.002027 0.000640 -0.013734 -0.002031 0.999983 0.005458 -0.027683 -0.000628 -0.005460 0.999985 1.516624
0.999998 0.001749 0.001158 -0.018163 -0.001757 0.999974 0.006931 -0.039023 -0.001146 -0.006933 0.999975 2.253013
0.999998 0.001435 0.001387 -0.023298 -0.001448 0.999959 0.008976 -0.047396 -0.001374 -0.008978 0.999959 2.957519
0.999998 0.001230 0.001791 -0.024974 -0.001246 0.999958 0.009107 -0.057051 -0.001780 -0.009110 0.999957 3.653686
0.999995 0.002219 0.002094 -0.026473 -0.002238 0.999955 0.009270 -0.065073 -0.002073 -0.009275 0.999955 4.336465
0.999984 0.005011 0.002620 -0.027610 -0.005037 0.999938 0.009948 -0.071366 -0.002570 -0.009961 0.999947 5.007549
0.999952 0.009005 0.003991 -0.025842 -0.009043 0.999913 0.009647 -0.078418 -0.003903 -0.009683 0.999946 5.649760
0.999909 0.012415 0.005221 -0.022454 -0.012461 0.999883 0.008835 -0.087571 -0.005110 -0.008900 0.999947 6.270160
0.999874 0.014611 0.006220 -0.018706 -0.014660 0.999861 0.007899 -0.099618 -0.006103 -0.007989 0.999950 6.870337
0.999868 0.014426 0.007445 -0.017346 -0.014488 0.999860 0.008366 -0.111025 -0.007323 -0.008473 0.999937 7.443909
0.999893 0.011808 0.008681 -0.016193 -0.011888 0.999887 0.009271 -0.120879 -0.008571 -0.009374 0.999919 7.987363
0.999912 0.009215 0.009592 -0.012762 -0.009304 0.999914 0.009237 -0.131284 -0.009506 -0.009326 0.999911 8.494473
0.999907 0.007925 0.011124 -0.005181 -0.008009 0.999940 0.007450 -0.140008 -0.011064 -0.007539 0.999910 8.972502
0.999902 0.005545 0.012831 0.006856 -0.005592 0.999978 0.003654 -0.148031 -0.012811 -0.003725 0.999911 9.433564
0.999881 0.004451 0.014757 0.016398 -0.004478 0.999989 0.001829 -0.158695 -0.014749 -0.001894 0.999890 9.868564
0.999854 0.002533 0.016881 0.017281 -0.002634 0.999979 0.005994 -0.168585 -0.016865 -0.006038 0.999840 10.274245
0.999802 0.001742 0.019829 0.019808 -0.001948 0.999945 0.010373 -0.175528 -0.019810 -0.010409 0.999750 10.659123
0.999731 0.002820 0.023007 0.029158 -0.003069 0.999937 0.010812 -0.180702 -0.022975 -0.010880 0.999677 11.004053
0.999654 0.003430 0.026085 0.046488 -0.003606 0.999971 0.006694 -0.186288 -0.026061 -0.006786 0.999637 11.325229
0.999588 0.003396 0.028494 0.064081 -0.003454 0.999992 0.001968 -0.191530 -0.028488 -0.002066 0.999592 11.621969
0.999515 0.004820 0.030767 0.079380 -0.004781 0.999988 -0.001337 -0.198752 -0.030773 0.001189 0.999526 11.885453
0.999426 0.005899 0.033356 0.089173 -0.005853 0.999982 -0.001486 -0.206765 -0.033364 0.001290 0.999443 12.118493
0.999361 0.005020 0.035392 0.097257 -0.004996 0.999987 -0.000760 -0.214316 -0.035396 0.000583 0.999373 12.332178
0.999291 0.003750 0.037458 0.105222 -0.003758 0.999993 0.000135 -0.221568 -0.037457 -0.000275 0.999298 12.530558
0.999198 0.002948 0.039938 0.111736 -0.003037 0.999993 0.002158 -0.227358 -0.039932 -0.002277 0.999200 12.721605
0.999131 0.002278 0.041617 0.115801 -0.002483 0.999985 0.004894 -0.233240 -0.041605 -0.004993 0.999122 12.906931
0.999075 0.000863 0.042992 0.121862 -0.001126 0.999981 0.006110 -0.238687 -0.042986 -0.006153 0.999057 13.078917
0.998995 -0.000873 0.044810 0.132035 0.000640 0.999986 0.005215 -0.241630 -0.044814 -0.005181 0.998982 13.241802
0.998936 -0.002326 0.046055 0.142079 0.002147 0.999990 0.003952 -0.243651 -0.046064 -0.003848 0.998931 13.388613
0.998878 -0.003318 0.047248 0.151677 0.003167 0.999990 0.003254 -0.244755 -0.047259 -0.003101 0.998878 13.543117
0.998797 -0.004639 0.048820 0.159270 0.004451 0.999982 0.003964 -0.246354 -0.048838 -0.003742 0.998800 13.693011
0.998723 -0.006701 0.050077 0.165709 0.006462 0.999967 0.004933 -0.248443 -0.050108 -0.004603 0.998733 13.836824
0.998667 -0.008799 0.050860 0.173064 0.008560 0.999951 0.004906 -0.249375 -0.050900 -0.004464 0.998694 13.974926
0.998615 -0.011061 0.051437 0.181758 0.010874 0.999933 0.003915 -0.250196 -0.051477 -0.003350 0.998669 14.116710
0.998623 -0.012828 0.050876 0.188905 0.012702 0.999916 0.002793 -0.251105 -0.050907 -0.002143 0.998701 14.257911
0.998698 -0.013768 0.049123 0.193908 0.013680 0.999904 0.002127 -0.255484 -0.049148 -0.001452 0.998791 14.407555
0.998828 -0.014566 0.046162 0.196537 0.014483 0.999893 0.002131 -0.257191 -0.046188 -0.001460 0.998932 14.556564
0.998995 -0.015533 0.042057 0.196569 0.015432 0.999877 0.002727 -0.259735 -0.042094 -0.002075 0.999112 14.707210
0.999206 -0.016442 0.036284 0.194225 0.016344 0.999862 0.002991 -0.261976 -0.036328 -0.002395 0.999337 14.853700
0.999419 -0.016940 0.029592 0.190525 0.016862 0.999854 0.002886 -0.262976 -0.029637 -0.002385 0.999558 15.002452
0.999597 -0.017423 0.022425 0.185340 0.017364 0.999846 0.002816 -0.263344 -0.022471 -0.002425 0.999745 15.156007
0.999730 -0.018262 0.014363 0.178097 0.018226 0.999831 0.002633 -0.261226 -0.014409 -0.002371 0.999894 15.313130
0.999804 -0.019339 0.004300 0.169161 0.019334 0.999813 0.001111 -0.259956 -0.004321 -0.001028 0.999990 15.477632
0.999744 -0.020885 -0.008747 0.156220 0.020880 0.999782 -0.000717 -0.258821 0.008760 0.000534 0.999962 15.640546
0.999427 -0.022647 -0.025147 0.135333 0.022609 0.999743 -0.001786 -0.258641 0.025181 0.001216 0.999682 15.814090
0.998733 -0.023358 -0.044575 0.105487 0.023301 0.999727 -0.001791 -0.258739 0.044605 0.000750 0.999005 15.999862
0.997522 -0.022828 -0.066553 0.067455 0.022764 0.999740 -0.001710 -0.258379 0.066575 0.000191 0.997782 16.197424
0.995675 -0.021050 -0.090493 0.020726 0.020984 0.999779 -0.001679 -0.260891 0.090508 -0.000227 0.995896 16.413530
0.992894 -0.019306 -0.117429 -0.037396 0.019269 0.999814 -0.001454 -0.263542 0.117436 -0.000819 0.993080 16.642109
0.988887 -0.017014 -0.147691 -0.108449 0.017017 0.999855 -0.001244 -0.266526 0.147691 -0.001283 0.989033 16.880051
0.983392 -0.013747 -0.180971 -0.190727 0.013565 0.999906 -0.002242 -0.269958 0.180985 -0.000250 0.983486 17.127104
0.975914 -0.009836 -0.217932 -0.290237 0.009587 0.999952 -0.002200 -0.272649 0.217943 0.000057 0.975962 17.379498
0.966231 -0.004510 -0.257639 -0.408052 0.004253 0.999990 -0.001552 -0.275887 0.257643 0.000404 0.966240 17.641401
0.954185 0.001133 -0.299216 -0.553047 -0.000695 0.999999 0.001572 -0.281446 0.299218 -0.001292 0.954184 17.926228
0.939957 0.005961 -0.341241 -0.709697 -0.004671 0.999979 0.004602 -0.283483 0.341261 -0.002732 0.939965 18.199518
0.923069 0.011241 -0.384471 -0.883862 -0.009670 0.999935 0.006022 -0.284720 0.384513 -0.001841 0.923118 18.478478
0.903713 0.018224 -0.427751 -1.072542 -0.016402 0.999834 0.007943 -0.285504 0.427825 -0.000162 0.903862 18.750499
0.881750 0.024909 -0.471058 -1.282996 -0.022249 0.999690 0.011215 -0.288196 0.471191 0.000592 0.882031 19.023362
0.856853 0.030343 -0.514668 -1.518856 -0.025676 0.999540 0.016184 -0.289924 0.514922 -0.000653 0.857237 19.295190
0.829088 0.033816 -0.558094 -1.770040 -0.027317 0.999427 0.019975 -0.287840 0.558450 -0.001315 0.829537 19.557781
0.798428 0.037183 -0.600941 -2.043196 -0.027335 0.999301 0.025513 -0.283753 0.601470 -0.003944 0.798886 19.810991
0.764770 0.040139 -0.643051 -2.331728 -0.027896 0.999185 0.029193 -0.276252 0.643699 -0.004388 0.765267 20.054695
0.728150 0.044550 -0.683968 -2.652684 -0.029247 0.998996 0.033934 -0.264456 0.684793 -0.004705 0.728722 20.299291
0.690133 0.045926 -0.722224 -3.007114 -0.029849 0.998942 0.035001 -0.254524 0.723067 -0.002598 0.690773 20.554102
0.649719 0.045882 -0.758789 -3.371222 -0.028244 0.998945 0.036220 -0.243213 0.759650 -0.002102 0.650329 20.785493
0.606944 0.044164 -0.793516 -3.765161 -0.027275 0.999024 0.034741 -0.231568 0.794276 0.000557 0.607556 21.015132
0.561080 0.043282 -0.826629 -4.201409 -0.027468 0.999056 0.033666 -0.222728 0.827305 0.003816 0.561739 21.240303
0.514374 0.044535 -0.856409 -4.642201 -0.026976 0.998997 0.035747 -0.205792 0.857142 0.004716 0.515059 21.433985
0.465069 0.043992 -0.884180 -5.122105 -0.024562 0.999021 0.036787 -0.185154 0.884933 0.004608 0.465695 21.616593
0.412793 0.041670 -0.909871 -5.613177 -0.022508 0.999115 0.035545 -0.168906 0.910547 0.005807 0.413366 21.772957
0.359181 0.039266 -0.932441 -6.132687 -0.020505 0.999205 0.034178 -0.151620 0.933043 0.006843 0.359701 21.908507
0.305481 0.038916 -0.951402 -6.668262 -0.017578 0.999225 0.035228 -0.130572 0.952036 0.005962 0.305929 22.015455
0.251840 0.042423 -0.966838 -7.247704 -0.021620 0.999036 0.038204 -0.106335 0.967527 0.011282 0.252514 22.101158
0.199937 0.043903 -0.978824 -7.868579 -0.025285 0.998894 0.039638 -0.084155 0.979482 0.016824 0.200826 22.168020
0.151376 0.041631 -0.987599 -8.509345 -0.025324 0.998948 0.038227 -0.066208 0.988152 0.019223 0.152271 22.213771
0.106699 0.042173 -0.993396 -9.155361 -0.025073 0.998897 0.039714 -0.049629 0.993975 0.020670 0.107639 22.231395
0.064929 0.042799 -0.996971 -9.825755 -0.022370 0.998891 0.041424 -0.027178 0.997639 0.019613 0.065814 22.226076
0.028100 0.044454 -0.998616 -10.510620 -0.017165 0.998885 0.043983 0.003187 0.999458 0.015905 0.028831 22.201706
-0.000504 0.047768 -0.998858 -11.208872 -0.016097 0.998729 0.047769 0.037009 0.999870 0.016103 0.000265 22.164077
-0.021879 0.049936 -0.998512 -11.933507 -0.019370 0.998543 0.050362 0.071279 0.999573 0.020443 -0.020880 22.120180
-0.035421 0.049104 -0.998165 -12.700035 -0.024635 0.998446 0.049992 0.106230 0.999069 0.026360 -0.034156 22.076836
-0.043537 0.049639 -0.997818 -13.484028 -0.027089 0.998339 0.050847 0.135613 0.998684 0.029244 -0.042120 22.029991
-0.047456 0.048879 -0.997676 -14.293150 -0.023990 0.998458 0.050059 0.165385 0.998585 0.026310 -0.046210 21.986566
-0.047107 0.041612 -0.998022 -15.116458 -0.019814 0.998897 0.042583 0.193427 0.998693 0.021781 -0.046231 21.957218
-0.043447 0.030296 -0.998596 -15.935155 -0.018272 0.999349 0.031114 0.215628 0.998889 0.019598 -0.042865 21.940323
-0.037780 0.029632 -0.998846 -16.800353 -0.018685 0.999365 0.030354 0.234492 0.999111 0.019810 -0.037203 21.912598
-0.032451 0.031468 -0.998977 -17.695336 -0.017443 0.999334 0.032046 0.251052 0.999321 0.018465 -0.031880 21.882976
-0.029189 0.028073 -0.999179 -18.617326 -0.011197 0.999534 0.028410 0.267673 0.999511 0.012017 -0.028861 21.861605
-0.026774 0.030625 -0.999172 -19.532240 -0.000766 0.999530 0.030657 0.286409 0.999641 0.001586 -0.026738 21.832750
-0.025809 0.038387 -0.998929 -20.431558 0.007046 0.999245 0.038217 0.313472 0.999642 -0.006052 -0.026060 21.795791
-0.027100 0.044078 -0.998660 -21.337384 0.009861 0.998991 0.043825 0.353547 0.999584 -0.008660 -0.027507 21.756453
-0.030594 0.053347 -0.998107 -22.272300 0.003546 0.998574 0.053263 0.401031 0.999526 -0.001910 -0.030739 21.705240
-0.035688 0.058376 -0.997656 -23.239674 -0.004235 0.998275 0.058564 0.456506 0.999354 0.006315 -0.035379 21.652693
-0.040873 0.060027 -0.997359 -24.226632 -0.013409 0.998071 0.060619 0.515727 0.999074 0.015852 -0.039989 21.600761
-0.043247 0.061107 -0.997193 -25.250661 -0.023263 0.997796 0.062153 0.571654 0.998794 0.025885 -0.041730 21.549409
-0.044947 0.059070 -0.997241 -26.298012 -0.030661 0.997699 0.060479 0.623854 0.998519 0.033295 -0.043032 21.499621
-0.046583 0.058162 -0.997219 -27.357213 -0.031396 0.997725 0.059658 0.672035 0.998421 0.034088 -0.044651 21.446854
-0.048158 0.059597 -0.997060 -28.433000 -0.028794 0.997721 0.061027 0.719463 0.998425 0.031648 -0.046332 21.387333
-0.050793 0.060251 -0.996890 -29.522683 -0.023793 0.997822 0.061520 0.768687 0.998426 0.026843 -0.049249 21.324100
-0.055132 0.060607 -0.996638 -30.612019 -0.018548 0.997922 0.061712 0.817651 0.998307 0.021888 -0.053893 21.255228
-0.060704 0.060781 -0.996303 -31.682488 -0.013744 0.997999 0.061721 0.868290 0.998061 0.017440 -0.059747 21.180285
-0.067540 0.062085 -0.995783 -32.746682 -0.011600 0.997946 0.063006 0.923190 0.997649 0.015806 -0.066681 21.096157
-0.074443 0.062038 -0.995293 -33.824082 -0.013625 0.997907 0.063220 0.981915 0.997132 0.018268 -0.073442 21.005748
-0.081267 0.063444 -0.994671 -34.906944 -0.018299 0.997709 0.065133 1.039035 0.996524 0.023494 -0.079920 20.904138
-0.087657 0.066370 -0.993937 -35.980830 -0.021022 0.997433 0.068457 1.098759 0.995929 0.026896 -0.086036 20.794973
-0.092411 0.069659 -0.993281 -37.047744 -0.023301 0.997126 0.072096 1.161815 0.995448 0.029806 -0.090522 20.681936
-0.095056 0.074039 -0.992714 -38.118099 -0.024700 0.996748 0.076705 1.229244 0.995165 0.031811 -0.092918 20.566260
-0.096623 0.077806 -0.992275 -39.190805 -0.026316 0.996392 0.080692 1.298405 0.994973 0.033910 -0.094227 20.450325
-0.098140 0.079273 -0.992010 -40.269995 -0.026020 0.996277 0.082189 1.367805 0.994832 0.033878 -0.095712 20.336035
-0.099468 0.079815 -0.991834 -41.341390 -0.025070 0.996260 0.082685 1.439939 0.994725 0.033090 -0.097095 20.223468
-0.100570 0.080660 -0.991655 -42.392481 -0.024514 0.996205 0.083516 1.511007 0.994628 0.032709 -0.098211 20.110775
-0.101308 0.083027 -0.991384 -43.454961 -0.023756 0.996026 0.085843 1.585466 0.994571 0.032248 -0.098933 19.993526
-0.101774 0.087700 -0.990934 -44.523454 -0.021803 0.995671 0.090358 1.663620 0.994569 0.030802 -0.099421 19.871995
-0.101477 0.093522 -0.990432 -45.596188 -0.017306 0.995255 0.095751 1.749796 0.994687 0.026857 -0.099377 19.750130
-0.100691 0.095046 -0.990367 -46.673926 -0.016903 0.995119 0.097220 1.841915 0.994774 0.026530 -0.098593 19.636194
-0.099524 0.095207 -0.990470 -47.751933 -0.021419 0.994976 0.097793 1.933439 0.994805 0.030948 -0.096985 19.525209
-0.098321 0.094750 -0.990633 -48.822090 -0.024922 0.994911 0.097633 2.020658 0.994843 0.034288 -0.095460 19.417252
-0.097045 0.092724 -0.990951 -49.902820 -0.024585 0.995124 0.095522 2.107909 0.994976 0.033632 -0.094292 19.313269
-0.094572 0.092329 -0.991227 -50.978299 -0.023992 0.995189 0.094987 2.193527 0.995229 0.032764 -0.091902 19.211670
-0.090490 0.096365 -0.991224 -52.060713 -0.025198 0.994767 0.099010 2.285347 0.995579 0.033936 -0.087589 19.108006
-0.084902 0.100796 -0.991278 -53.151757 -0.027123 0.994268 0.103423 2.380104 0.996020 0.035668 -0.081681 19.010180
-0.078951 0.104278 -0.991409 -54.255162 -0.027627 0.993903 0.106740 2.481164 0.996496 0.035817 -0.075588 18.920351
-0.073447 0.105331 -0.991721 -55.362279 -0.027599 0.993812 0.107597 2.582759 0.996917 0.035273 -0.070086 18.839964
-0.067980 0.104687 -0.992179 -56.469523 -0.027555 0.993903 0.106757 2.681869 0.997306 0.034597 -0.064680 18.767938
-0.062809 0.102729 -0.992724 -57.589517 -0.027814 0.994122 0.104634 2.780912 0.997638 0.034184 -0.059582 18.702526
-0.057649 0.101465 -0.993167 -58.713124 -0.028997 0.994232 0.103257 2.879353 0.997916 0.034752 -0.054374 18.641555
-0.052311 0.099960 -0.993615 -59.836450 -0.031260 0.994326 0.101677 2.974556 0.998142 0.036380 -0.048889 18.587175
-0.047129 0.100339 -0.993836 -60.978865 -0.033162 0.994236 0.101952 3.072336 0.998338 0.037763 -0.043530 18.535668
-0.041954 0.099674 -0.994135 -62.132184 -0.033037 0.994329 0.101088 3.167725 0.998573 0.037084 -0.038423 18.491166
-0.036923 0.099860 -0.994316 -63.284054 -0.029134 0.994464 0.100957 3.263097 0.998893 0.032696 -0.033810 18.450995
-0.032399 0.099697 -0.994490 -64.434929 -0.024201 0.994643 0.100501 3.361563 0.999182 0.027324 -0.029812 18.414954
-0.028753 0.099595 -0.994612 -65.585356 -0.024011 0.994668 0.100295 3.461995 0.999298 0.026766 -0.026208 18.382541
-0.025867 0.098699 -0.994781 -66.757676 -0.026694 0.994691 0.099384 3.561569 0.999309 0.029125 -0.023095 18.353016
-0.023924 0.099028 -0.994797 -67.922247 -0.026398 0.994672 0.099650 3.662105 0.999365 0.028645 -0.021183 18.323077
-0.022887 0.100845 -0.994639 -69.085841 -0.026432 0.994491 0.101438 3.763176 0.999389 0.028612 -0.020095 18.291169
-0.022051 0.101981 -0.994542 -70.254675 -0.027379 0.994349 0.102569 3.866216 0.999382 0.029491 -0.019135 18.261538
-0.020971 0.102651 -0.994496 -71.427096 -0.027110 0.994291 0.103201 3.968536 0.999413 0.029125 -0.018069 18.233684
-0.019776 0.102975 -0.994487 -72.582889 -0.025162 0.994316 0.103457 4.069878 0.999488 0.027069 -0.017073 18.207346
-0.019101 0.101209 -0.994681 -73.747195 -0.024033 0.994529 0.101655 4.168590 0.999529 0.025847 -0.016564 18.183905
-0.018950 0.098137 -0.994992 -74.903013 -0.023936 0.994841 0.098578 4.263909 0.999534 0.025684 -0.016504 18.162169
-0.018997 0.096073 -0.995193 -76.066416 -0.024601 0.995026 0.096527 4.359056 0.999517 0.026316 -0.016539 18.139679
-0.019220 0.095832 -0.995212 -77.232587 -0.027432 0.994971 0.096338 4.452872 0.999439 0.029152 -0.016494 18.114029
-0.019104 0.098240 -0.994979 -78.417096 -0.031051 0.994623 0.098801 4.551297 0.999335 0.032783 -0.015951 18.084533
-0.018371 0.100550 -0.994762 -79.603012 -0.031143 0.994390 0.101087 4.649367 0.999346 0.032837 -0.015136 18.055908
-0.017771 0.101843 -0.994641 -80.764378 -0.029151 0.994323 0.102331 4.747657 0.999417 0.030814 -0.014702 18.029860
-0.017444 0.101782 -0.994654 -81.925272 -0.026865 0.994398 0.102227 4.845087 0.999487 0.028504 -0.014612 18.005708
-0.017608 0.099815 -0.994850 -83.100537 -0.026125 0.994619 0.100254 4.943452 0.999504 0.027756 -0.014905 17.983905
-0.017862 0.098511 -0.994975 -84.265366 -0.027733 0.994703 0.098982 5.037929 0.999456 0.029362 -0.015035 17.961656
-0.017979 0.097891 -0.995034 -85.434805 -0.030647 0.994674 0.098409 5.131959 0.999369 0.032264 -0.014883 17.937824
-0.017756 0.098501 -0.994978 -86.597963 -0.032895 0.994539 0.099045 5.227659 0.999301 0.034488 -0.014419 17.912715
-0.017441 0.099932 -0.994841 -87.768231 -0.033136 0.994388 0.100468 5.322573 0.999299 0.034717 -0.014032 17.885957
-0.016999 0.099610 -0.994881 -88.920824 -0.031084 0.994492 0.100102 5.415847 0.999372 0.032626 -0.013809 17.863404
-0.016799 0.098194 -0.995025 -90.051950 -0.029832 0.994674 0.098663 5.505648 0.999414 0.031341 -0.013781 17.843109
-0.016764 0.096261 -0.995215 -91.174337 -0.030785 0.994833 0.096742 5.595358 0.999386 0.032260 -0.013713 17.824465
-0.016951 0.093914 -0.995436 -92.310482 -0.033699 0.994960 0.094443 5.682449 0.999288 0.035146 -0.013700 17.805389
-0.017245 0.092830 -0.995532 -93.437406 -0.036214 0.994969 0.093405 5.767008 0.999195 0.037663 -0.013796 17.784454
-0.017087 0.093206 -0.995500 -94.570904 -0.037850 0.994872 0.093796 5.855202 0.999137 0.039283 -0.013472 17.762151
-0.017175 0.094926 -0.995336 -95.700816 -0.039482 0.994642 0.095541 5.943871 0.999073 0.040938 -0.013335 17.737328
-0.016580 0.097118 -0.995135 -96.837527 -0.038790 0.994460 0.097698 6.032483 0.999110 0.040221 -0.012721 17.711802
-0.015918 0.099758 -0.994884 -97.966738 -0.034831 0.994351 0.100262 6.124541 0.999267 0.036248 -0.012354 17.685321
-0.015181 0.101117 -0.994759 -99.070221 -0.033060 0.994279 0.101572 6.218175 0.999338 0.034428 -0.011751 17.662546
-0.014892 0.101353 -0.994739 -100.193769 -0.031349 0.994313 0.101779 6.314484 0.999398 0.032700 -0.011630 17.641482
-0.014913 0.100366 -0.994839 -101.317561 -0.031763 0.994400 0.100798 6.411398 0.999384 0.033103 -0.011641 17.622256
-0.015168 0.100597 -0.994811 -102.449319 -0.033848 0.994304 0.101062 6.508833 0.999312 0.035205 -0.011677 17.601143
-0.015159 0.099809 -0.994891 -103.582859 -0.035941 0.994308 0.100299 6.605886 0.999239 0.037278 -0.011486 17.581164
-0.015194 0.103836 -0.994478 -104.716965 -0.034916 0.993932 0.104313 6.707942 0.999275 0.036308 -0.011477 17.554410
-0.015525 0.108153 -0.994013 -105.860249 -0.036049 0.993426 0.108653 6.812890 0.999230 0.037520 -0.011524 17.526667
-0.015387 0.111709 -0.993622 -107.010502 -0.035300 0.993059 0.112193 6.922786 0.999259 0.036801 -0.011337 17.500275
-0.015153 0.112740 -0.993509 -108.156470 -0.031460 0.993078 0.113171 7.033048 0.999390 0.032970 -0.011501 17.477309
-0.015436 0.112931 -0.993483 -109.308958 -0.027566 0.993176 0.113324 7.146121 0.999501 0.029136 -0.012218 17.455138
-0.016414 0.109485 -0.993853 -110.472126 -0.026558 0.993589 0.109894 7.256312 0.999513 0.028198 -0.013401 17.436707
-0.017183 0.105230 -0.994299 -111.636397 -0.025695 0.994071 0.105650 7.364000 0.999522 0.027364 -0.014378 17.418549
-0.017821 0.104624 -0.994352 -112.807803 -0.027669 0.994078 0.105091 7.471987 0.999458 0.029385 -0.014821 17.394569
-0.018942 0.103821 -0.994415 -113.995855 -0.031746 0.994030 0.104386 7.579752 0.999317 0.033546 -0.015533 17.368800
-0.019694 0.102332 -0.994555 -115.191799 -0.031786 0.994181 0.102923 7.685261 0.999301 0.033639 -0.016326 17.342694
-0.019865 0.102573 -0.994527 -116.395451 -0.027397 0.994294 0.103096 7.790565 0.999427 0.029295 -0.016941 17.313225
-0.020368 0.102931 -0.994480 -117.593323 -0.023612 0.994359 0.103402 7.897823 0.999514 0.025587 -0.017822 17.282874
-0.021292 0.102154 -0.994540 -118.792882 -0.022146 0.994474 0.102622 8.004438 0.999528 0.024210 -0.018912 17.253017
-0.021937 0.103821 -0.994354 -119.973393 -0.023440 0.994267 0.104329 8.110518 0.999485 0.025596 -0.019378 17.219055
-0.022670 0.108493 -0.993839 -121.190971 -0.028149 0.993631 0.109112 8.229940 0.999347 0.030449 -0.019472 17.180245
-0.023045 0.114195 -0.993191 -122.414754 -0.031344 0.992884 0.114887 8.354152 0.999243 0.033778 -0.019301 17.139060
-0.022873 0.121394 -0.992341 -123.628832 -0.031370 0.992025 0.122078 8.482898 0.999246 0.033922 -0.018882 17.096950
-0.022408 0.124697 -0.991942 -124.853027 -0.029484 0.991677 0.125330 8.615293 0.999314 0.032055 -0.018545 17.061741
-0.022629 0.126954 -0.991650 -126.074995 -0.028268 0.991427 0.127571 8.750249 0.999344 0.030919 -0.018846 17.026543
-0.023245 0.127097 -0.991618 -127.294738 -0.027764 0.991421 0.127723 8.883331 0.999344 0.030500 -0.019517 16.993721
-0.023749 0.125009 -0.991871 -128.506471 -0.026856 0.991713 0.125632 9.012323 0.999357 0.029621 -0.020195 16.963294
-0.024415 0.125050 -0.991850 -129.700945 -0.027663 0.991681 0.125710 9.144952 0.999319 0.030507 -0.020752 16.930517
-0.025808 0.124955 -0.991827 -130.921618 -0.032689 0.991521 0.125767 9.279934 0.999132 0.035668 -0.021505 16.895762
-0.027053 0.123771 -0.991942 -132.154284 -0.036651 0.991515 0.124718 9.413398 0.998962 0.039729 -0.022287 16.860788
-0.026967 0.124455 -0.991859 -133.378047 -0.035365 0.991480 0.125369 9.546065 0.999011 0.038458 -0.022336 16.825026
-0.026355 0.124361 -0.991887 -134.608044 -0.034150 0.991540 0.125225 9.678738 0.999069 0.037173 -0.021885 16.792162
-0.025281 0.123324 -0.992044 -135.832302 -0.033843 0.991687 0.124142 9.808338 0.999107 0.036712 -0.020898 16.761727
-0.024369 0.123629 -0.992029 -137.046223 -0.033274 0.991674 0.124402 9.937856 0.999149 0.036041 -0.020052 16.730835
-0.023997 0.123637 -0.992037 -138.265038 -0.035487 0.991592 0.124440 10.069943 0.999082 0.038191 -0.019408 16.700057
-0.023583 0.124546 -0.991933 -139.474829 -0.039369 0.991324 0.125405 10.199920 0.998946 0.042009 -0.018475 16.668871
-0.022331 0.126136 -0.991761 -140.695052 -0.040601 0.991076 0.126963 10.332830 0.998926 0.043101 -0.017011 16.638648
-0.021218 0.128379 -0.991498 -141.901492 -0.038143 0.990895 0.129117 10.466265 0.999047 0.040558 -0.016128 16.608080
-0.020926 0.127375 -0.991634 -143.101989 -0.035163 0.991144 0.128054 10.596520 0.999163 0.037548 -0.016262 16.581744
-0.021007 0.124653 -0.991978 -144.312168 -0.033625 0.991547 0.125311 10.726769 0.999214 0.035988 -0.016638 16.557611
-0.021411 0.123357 -0.992131 -145.506498 -0.032988 0.991731 0.124020 10.853199 0.999226 0.035384 -0.017165 16.530775
-0.021731 0.120830 -0.992435 -146.709938 -0.033212 0.992035 0.121508 10.978912 0.999212 0.035601 -0.017545 16.505200
-0.021816 0.119432 -0.992602 -147.869604 -0.031537 0.992263 0.120085 11.098700 0.999264 0.033924 -0.017881 16.478842
-0.021951 0.118845 -0.992670 -149.058245 -0.031648 0.992329 0.119504 11.222341 0.999258 0.034039 -0.018022 16.451138
-0.022605 0.116418 -0.992943 -150.249620 -0.034229 0.992524 0.117148 11.342957 0.999158 0.036636 -0.018451 16.424419
-0.023139 0.112584 -0.993373 -151.433848 -0.035406 0.992923 0.113358 11.457871 0.999105 0.037794 -0.018989 16.398934
-0.023297 0.110650 -0.993586 -152.619960 -0.033806 0.993200 0.111399 11.569941 0.999157 0.036184 -0.019398 16.370437
-0.023800 0.112163 -0.993404 -153.805915 -0.033843 0.993026 0.112932 11.686466 0.999144 0.036308 -0.019838 16.336350
-0.024288 0.113029 -0.993295 -155.008778 -0.038576 0.992742 0.113909 11.805650 0.998960 0.041084 -0.019752 16.303193
-0.024451 0.117878 -0.992727 -156.208949 -0.045293 0.991873 0.118893 11.928996 0.998674 0.047871 -0.018913 16.265113
-0.023152 0.122381 -0.992213 -157.417631 -0.045537 0.991320 0.123334 12.056073 0.998694 0.048038 -0.017378 16.229610
-0.021300 0.126035 -0.991797 -158.638971 -0.042424 0.991015 0.126846 12.186821 0.998873 0.044778 -0.015761 16.197456
-0.020034 0.127760 -0.991602 -159.811592 -0.036756 0.991037 0.128430 12.318541 0.999123 0.039020 -0.015158 16.169600
-0.019112 0.130229 -0.991299 -161.025069 -0.035427 0.990770 0.130842 12.453501 0.999189 0.037620 -0.014322 16.141396
-0.017853 0.125025 -0.991993 -162.224536 -0.032553 0.991552 0.125555 12.577711 0.999311 0.034534 -0.013632 16.125014
-0.017287 0.121989 -0.992381 -163.432725 -0.028239 0.992074 0.122443 12.704517 0.999452 0.030141 -0.013705 16.104849
-0.017458 0.116004 -0.993095 -164.617358 -0.024939 0.992887 0.116418 12.821249 0.999537 0.026799 -0.014441 16.088626
-0.018887 0.113590 -0.993348 -165.807154 -0.027814 0.993081 0.114089 12.940289 0.999435 0.029784 -0.015597 16.065333
-0.019217 0.113899 -0.993306 -166.986127 -0.033814 0.992847 0.114501 13.059280 0.999243 0.035788 -0.015228 16.039741
-0.018183 0.115420 -0.993150 -168.186450 -0.037375 0.992542 0.116033 13.176278 0.999136 0.039229 -0.013734 16.014509
-0.016181 0.116450 -0.993064 -169.400698 -0.034198 0.992549 0.116947 13.297919 0.999284 0.035853 -0.012079 15.992605
-0.015575 0.118687 -0.992809 -170.624229 -0.034476 0.992276 0.119164 13.422929 0.999284 0.036084 -0.011363 15.969275
-0.015177 0.116711 -0.993050 -171.843322 -0.035649 0.992470 0.117187 13.542374 0.999249 0.037180 -0.010903 15.953038
-0.014579 0.116989 -0.993026 -173.043177 -0.033820 0.992506 0.117425 13.658948 0.999322 0.035296 -0.010513 15.933481
-0.013365 0.117598 -0.992971 -174.188776 -0.032534 0.992483 0.117978 13.771742 0.999381 0.033882 -0.009438 15.916311
-0.011996 0.119131 -0.992806 -175.322462 -0.034611 0.992233 0.119481 13.883004 0.999329 0.035795 -0.007780 15.899772
-0.011124 0.119105 -0.992819 -176.432302 -0.036698 0.992163 0.119437 13.988339 0.999265 0.037763 -0.006666 15.885880
-0.010865 0.119994 -0.992715 -177.506917 -0.038354 0.991993 0.120326 14.088822 0.999205 0.039382 -0.006176 15.870554
-0.010869 0.120361 -0.992670 -178.556445 -0.039807 0.991890 0.120703 14.186434 0.999148 0.040827 -0.005989 15.856071
-0.011132 0.119641 -0.992754 -179.574017 -0.040867 0.991932 0.120001 14.279767 0.999103 0.041907 -0.006153 15.842787
-0.010463 0.119910 -0.992729 -180.561599 -0.040141 0.991933 0.120237 14.373162 0.999139 0.041107 -0.005566 15.829809
-0.009051 0.120887 -0.992625 -181.516515 -0.040300 0.991815 0.121156 14.465245 0.999147 0.041099 -0.004105 15.818508
-0.007827 0.121458 -0.992565 -182.452567 -0.041537 0.991700 0.121680 14.552096 0.999106 0.042181 -0.002717 15.808542
-0.008342 0.119951 -0.992744 -183.378007 -0.039935 0.991947 0.120191 14.637744 0.999168 0.040648 -0.003485 15.798926
-0.011187 0.117909 -0.992961 -184.296639 -0.036629 0.992309 0.118244 14.723366 0.999266 0.037694 -0.006782 15.785018
-0.015517 0.118141 -0.992875 -185.186166 -0.032615 0.992407 0.118595 14.808275 0.999348 0.034222 -0.011546 15.763472
-0.019904 0.120143 -0.992557 -186.087988 -0.028943 0.992268 0.120688 14.902687 0.999383 0.031130 -0.016273 15.735018
-0.023612 0.122250 -0.992218 -186.981327 -0.027793 0.992031 0.122889 14.997280 0.999335 0.030479 -0.020026 15.703655
-0.026341 0.124198 -0.991907 -187.878950 -0.028262 0.991763 0.124930 15.093629 0.999254 0.031324 -0.022614 15.671470
-0.028552 0.123026 -0.991992 -188.778987 -0.029982 0.991845 0.123871 15.186992 0.999143 0.033279 -0.024631 15.643018
-0.030456 0.120273 -0.992273 -189.683303 -0.031321 0.992131 0.121217 15.279191 0.999045 0.034771 -0.026450 15.615321
-0.032000 0.118749 -0.992408 -190.593251 -0.031665 0.992298 0.119757 15.369222 0.998986 0.035257 -0.027994 15.583872
-0.032914 0.119161 -0.992329 -191.497403 -0.030399 0.992288 0.120164 15.461657 0.998996 0.034121 -0.029037 15.549688
-0.033399 0.121043 -0.992085 -192.398249 -0.029261 0.992095 0.122030 15.556084 0.999014 0.033105 -0.029593 15.513477
-0.033061 0.124626 -0.991653 -193.298933 -0.028782 0.991665 0.125587 15.653909 0.999039 0.032693 -0.029198 15.476041
-0.032026 0.127263 -0.991351 -194.193911 -0.027279 0.991380 0.128148 15.752774 0.999115 0.031147 -0.028278 15.441483
-0.030756 0.127678 -0.991338 -195.093524 -0.024789 0.991405 0.128456 15.854205 0.999220 0.028525 -0.027327 15.411382
-0.030029 0.127681 -0.991360 -195.991481 -0.022219 0.991477 0.128369 15.956411 0.999302 0.025882 -0.026936 15.382161
-0.029392 0.127826 -0.991361 -196.898475 -0.022038 0.991465 0.128493 16.059625 0.999325 0.025624 -0.026324 15.353649
-0.028844 0.124571 -0.991791 -197.837210 -0.025015 0.991803 0.125300 16.164298 0.999271 0.028424 -0.025492 15.330637
-0.028999 0.124041 -0.991853 -198.778713 -0.026524 0.991825 0.124813 16.265271 0.999228 0.029928 -0.025472 15.301186
-0.028092 0.119364 -0.992453 -199.721812 -0.022600 0.992515 0.120011 16.364959 0.999350 0.025801 -0.025184 15.277649
-0.027610 0.117879 -0.992644 -200.649879 -0.019301 0.992774 0.118431 16.465756 0.999433 0.022429 -0.025136 15.250266
-0.026872 0.122340 -0.992124 -201.578707 -0.019844 0.992222 0.122889 16.572935 0.999442 0.022990 -0.024235 15.216613
-0.026103 0.123658 -0.991981 -202.530803 -0.023931 0.991958 0.124285 16.679552 0.999373 0.026984 -0.022934 15.189176
-0.024488 0.121370 -0.992305 -203.481367 -0.023480 0.992259 0.121944 16.784125 0.999425 0.026286 -0.021448 15.168620
-0.022717 0.120158 -0.992495 -204.440044 -0.025045 0.992371 0.120716 16.891067 0.999428 0.027599 -0.019535 15.148747
-0.021653 0.120659 -0.992458 -205.418056 -0.030108 0.992161 0.121280 16.998605 0.999312 0.032507 -0.017851 15.126506
-0.020858 0.117538 -0.992849 -206.392844 -0.034148 0.992402 0.118203 17.101732 0.999199 0.036369 -0.016686 15.110588
-0.019697 0.117308 -0.992900 -207.374072 -0.034985 0.992404 0.117943 17.204787 0.999194 0.037060 -0.015443 15.091660
-0.017659 0.120545 -0.992551 -208.369164 -0.035809 0.991992 0.121115 17.314870 0.999203 0.037681 -0.013201 15.070792
-0.014920 0.123029 -0.992291 -209.371512 -0.037821 0.991622 0.123514 17.426962 0.999173 0.039372 -0.010142 15.054881
-0.011660 0.123767 -0.992243 -210.375332 -0.038594 0.991515 0.124130 17.535631 0.999187 0.039742 -0.006784 15.045226
-0.008394 0.126695 -0.991906 -211.371941 -0.036668 0.991235 0.126919 17.645535 0.999292 0.037437 -0.003675 15.034610
-0.005400 0.126494 -0.991952 -212.371479 -0.034127 0.991366 0.126605 17.756520 0.999403 0.034536 -0.001037 15.031262
-0.003650 0.125563 -0.992079 -213.381528 -0.033537 0.991512 0.125615 17.870067 0.999431 0.033730 0.000592 15.029408
-0.002443 0.126346 -0.991983 -214.399528 -0.035889 0.991336 0.126353 17.987298 0.999353 0.035910 0.002113 15.026020
-0.001468 0.128209 -0.991746 -215.430388 -0.039405 0.990969 0.128168 18.105092 0.999222 0.039268 0.003597 15.022443
-0.000321 0.128131 -0.991757 -216.455346 -0.039207 0.990993 0.128045 18.220031 0.999231 0.038925 0.004706 15.022753
0.000694 0.127102 -0.991889 -217.493736 -0.036613 0.991228 0.126992 18.336864 0.999329 0.036228 0.005341 15.024452
0.001061 0.124221 -0.992254 -218.534423 -0.033777 0.991693 0.124114 18.450724 0.999429 0.033383 0.005248 15.027820
0.000989 0.122539 -0.992463 -219.581380 -0.032764 0.991935 0.122441 18.565177 0.999463 0.032396 0.004996 15.029561
0.001223 0.122713 -0.992441 -220.629608 -0.031797 0.991945 0.122612 18.679952 0.999494 0.031407 0.005115 15.028630
0.001445 0.122877 -0.992421 -221.689164 -0.031824 0.991925 0.122770 18.797023 0.999493 0.031405 0.005344 15.027884
0.001326 0.124898 -0.992169 -222.755491 -0.032623 0.991647 0.124788 18.917639 0.999467 0.032202 0.005390 15.023986
0.000605 0.125533 -0.992089 -223.834509 -0.034926 0.991487 0.125436 19.039402 0.999390 0.034573 0.004984 15.021646
-0.000279 0.125984 -0.992032 -224.917573 -0.036448 0.991372 0.125911 19.162877 0.999336 0.036192 0.004316 15.018958
-0.001292 0.127030 -0.991898 -226.016029 -0.038211 0.991168 0.126986 19.288902 0.999269 0.038065 0.003573 15.014535
-0.002396 0.129438 -0.991585 -227.149422 -0.039152 0.990815 0.129432 19.419472 0.999231 0.039133 0.002694 15.006371
-0.003406 0.131691 -0.991285 -228.278612 -0.037855 0.990563 0.131725 19.551843 0.999278 0.037973 0.001611 14.996850
-0.004160 0.130531 -0.991435 -229.402459 -0.033247 0.990878 0.130597 19.679889 0.999439 0.033505 0.000217 14.990449
-0.005024 0.127740 -0.991795 -230.521162 -0.026849 0.991433 0.127829 19.807590 0.999627 0.027271 -0.001551 14.983914
-0.006756 0.123312 -0.992345 -231.645977 -0.022025 0.992108 0.123433 19.932932 0.999735 0.022690 -0.003987 14.977564
-0.009344 0.117293 -0.993053 -232.783313 -0.021816 0.992836 0.117472 20.052719 0.999719 0.022762 -0.006718 14.969542
-0.012307 0.112951 -0.993524 -233.928124 -0.025536 0.993240 0.113235 20.167761 0.999598 0.026764 -0.009339 14.955983
-0.014826 0.110982 -0.993712 -235.085641 -0.027826 0.993390 0.111361 20.281043 0.999503 0.029302 -0.011640 14.936193
-0.017222 0.109560 -0.993831 -236.243294 -0.026752 0.993572 0.109995 20.393147 0.999494 0.028482 -0.014181 14.913093
-0.019689 0.109678 -0.993772 -237.405261 -0.027329 0.993534 0.110194 20.506181 0.999433 0.029328 -0.016564 14.884758
-0.021975 0.108696 -0.993832 -238.590957 -0.028703 0.993594 0.109304 20.618971 0.999347 0.030928 -0.018714 14.854900
-0.024231 0.108009 -0.993854 -239.776368 -0.028146 0.993679 0.108677 20.730377 0.999310 0.030606 -0.021038 14.821853
-0.026429 0.108106 -0.993788 -240.959485 -0.026481 0.993711 0.108802 20.841575 0.999300 0.029192 -0.023400 14.784817
-0.028810 0.108208 -0.993711 -242.147522 -0.026063 0.993704 0.108963 20.954408 0.999245 0.029038 -0.025808 14.744657
-0.031368 0.108611 -0.993589 -243.342808 -0.026781 0.993630 0.109461 21.069254 0.999149 0.030043 -0.028260 14.700834
-0.033749 0.109161 -0.993451 -244.539146 -0.026900 0.993558 0.110087 21.183653 0.999068 0.030439 -0.030595 14.653906
-0.036401 0.110730 -0.993183 -245.744178 -0.027816 0.993345 0.111768 21.300057 0.998950 0.031695 -0.033079 14.602259
-0.038875 0.112549 -0.992885 -246.951682 -0.029530 0.993073 0.113727 21.418049 0.998808 0.033741 -0.035282 14.547327
-0.040495 0.114234 -0.992628 -248.164819 -0.030346 0.992844 0.115497 21.538699 0.998719 0.034799 -0.036739 14.491384
-0.041484 0.116755 -0.992294 -249.388529 -0.030735 0.992530 0.118068 21.662621 0.998667 0.035396 -0.037586 14.434051
-0.041838 0.117246 -0.992221 -250.608486 -0.030823 0.992467 0.118574 21.786054 0.998649 0.035544 -0.037909 14.379548
-0.041862 0.116535 -0.992304 -251.825230 -0.029663 0.992592 0.117820 21.907083 0.998683 0.034367 -0.038095 14.327189
-0.041918 0.113671 -0.992634 -253.028546 -0.028582 0.992964 0.114916 22.024044 0.998712 0.033188 -0.038374 14.277990
-0.042120 0.112539 -0.992754 -254.235319 -0.028233 0.993105 0.113777 22.141831 0.998714 0.032820 -0.038652 14.225913
-0.042304 0.112419 -0.992760 -255.445016 -0.028743 0.993101 0.113683 22.258487 0.998692 0.033344 -0.038781 14.171714
-0.041918 0.111708 -0.992857 -256.664674 -0.028771 0.993183 0.112959 22.374324 0.998707 0.033300 -0.038418 14.118439
-0.041839 0.111455 -0.992888 -257.874326 -0.029564 0.993185 0.112734 22.488946 0.998687 0.034070 -0.038259 14.064763
-0.041954 0.108788 -0.993179 -259.079266 -0.030393 0.993456 0.110102 22.601064 0.998658 0.034805 -0.038373 14.015356
-0.042603 0.104448 -0.993618 -260.288186 -0.032749 0.993840 0.105875 22.708338 0.998556 0.037051 -0.038920 13.967184
-0.043154 0.101253 -0.993924 -261.504492 -0.036092 0.994044 0.102832 22.811995 0.998417 0.040310 -0.039243 13.916644
-0.043310 0.099832 -0.994061 -262.711102 -0.038389 0.994094 0.101508 22.911868 0.998324 0.042557 -0.039222 13.863395
-0.043080 0.100366 -0.994018 -263.905840 -0.036926 0.994101 0.101975 23.009479 0.998389 0.041098 -0.039120 13.808491
-0.042544 0.102068 -0.993867 -265.074855 -0.035234 0.993996 0.103590 23.112576 0.998474 0.039425 -0.038692 13.753910
-0.043000 0.107964 -0.993225 -266.266910 -0.038424 0.993230 0.109628 23.225303 0.998336 0.042878 -0.038560 13.691082
-0.043634 0.112998 -0.992637 -267.475590 -0.044608 0.992372 0.114929 23.345074 0.998052 0.049294 -0.038261 13.629911
-0.043228 0.117200 -0.992167 -268.675320 -0.044315 0.991893 0.119098 23.464177 0.998082 0.049116 -0.037684 13.569285
-0.042247 0.117057 -0.992226 -269.854494 -0.037672 0.992220 0.118660 23.579302 0.998397 0.042392 -0.037508 13.517130
-0.041982 0.115492 -0.992421 -270.978361 -0.032341 0.992619 0.116884 23.692571 0.998595 0.037003 -0.037937 13.470097
-0.042208 0.109872 -0.993049 -272.151618 -0.031273 0.993303 0.111229 23.802102 0.998620 0.035751 -0.038490 13.427432
-0.041622 0.106691 -0.993421 -273.332205 -0.032787 0.993601 0.108084 23.909800 0.998596 0.037070 -0.037858 13.382528
-0.040308 0.105986 -0.993550 -274.525557 -0.034966 0.993600 0.107410 24.018163 0.998576 0.039070 -0.036344 13.335290
-0.039573 0.107053 -0.993466 -275.711529 -0.037589 0.993381 0.108541 24.127039 0.998510 0.041638 -0.035287 13.285834
-0.038855 0.108096 -0.993381 -276.900206 -0.039276 0.993198 0.109613 24.235801 0.998473 0.043275 -0.034345 13.237475
-0.038088 0.108914 -0.993321 -278.088672 -0.040606 0.993053 0.110442 24.343083 0.998450 0.044541 -0.033401 13.190166
-0.037488 0.108462 -0.993394 -279.282926 -0.040020 0.993132 0.109944 24.450731 0.998496 0.043877 -0.032890 13.144614
-0.037210 0.109028 -0.993342 -280.476553 -0.038421 0.993139 0.110445 24.560460 0.998569 0.042275 -0.032766 13.096904
-0.036825 0.109098 -0.993349 -281.663652 -0.037245 0.993183 0.110460 24.671086 0.998628 0.041065 -0.032511 13.050002
-0.036377 0.109268 -0.993347 -282.850889 -0.037173 0.993169 0.110609 24.784510 0.998647 0.040949 -0.032066 13.003908
-0.036048 0.109698 -0.993311 -284.036900 -0.037004 0.993129 0.111021 24.895517 0.998665 0.040758 -0.031741 12.957839
-0.035988 0.110258 -0.993251 -285.226583 -0.037438 0.993049 0.111592 25.005735 0.998651 0.041202 -0.031610 12.911283
-0.035999 0.109705 -0.993312 -286.418707 -0.037790 0.993096 0.111051 25.116046 0.998638 0.041535 -0.031604 12.866038
-0.035780 0.109447 -0.993349 -287.604551 -0.036116 0.993194 0.110731 25.225322 0.998707 0.039837 -0.031583 12.820131
-0.035686 0.109400 -0.993357 -288.786926 -0.033696 0.993293 0.110603 25.334530 0.998795 0.037419 -0.031760 12.773565
-0.035669 0.110544 -0.993231 -289.965924 -0.031004 0.993263 0.111661 25.445152 0.998883 0.034777 -0.032002 12.724874
-0.035666 0.111851 -0.993085 -291.123324 -0.029914 0.993152 0.112933 25.555653 0.998916 0.033735 -0.032076 12.676947
-0.035850 0.114912 -0.992729 -292.304492 -0.030101 0.992792 0.116007 25.673926 0.998904 0.034041 -0.032132 12.625729
-0.036141 0.118068 -0.992348 -293.495231 -0.031466 0.992370 0.119217 25.796644 0.998852 0.035534 -0.032150 12.573800
-0.036537 0.121858 -0.991875 -294.691816 -0.032719 0.991860 0.123061 25.923717 0.998797 0.036950 -0.032252 12.520510
-0.036899 0.123536 -0.991654 -295.893349 -0.032787 0.991646 0.124755 26.053560 0.998781 0.037117 -0.032540 12.469812
-0.037060 0.123553 -0.991646 -297.088800 -0.030778 0.991716 0.124712 26.180884 0.998839 0.035143 -0.032950 12.422069
-0.037562 0.121342 -0.991900 -298.284324 -0.028368 0.992071 0.122437 26.308914 0.998892 0.032737 -0.033821 12.376613
-0.038656 0.118664 -0.992182 -299.482012 -0.027799 0.992412 0.119775 26.434043 0.998866 0.032212 -0.035064 12.330341
-0.039829 0.116598 -0.992380 -300.683813 -0.029742 0.992590 0.117816 26.556256 0.998764 0.034207 -0.036066 12.281324
-0.040684 0.115430 -0.992482 -301.883897 -0.030860 0.992686 0.116719 26.676828 0.998696 0.035376 -0.036825 12.229925
-0.041287 0.116760 -0.992302 -303.090143 -0.030345 0.992544 0.118051 26.798524 0.998687 0.034985 -0.037436 12.173685
-0.041164 0.118151 -0.992142 -304.301308 -0.028914 0.992427 0.119385 26.924034 0.998734 0.033601 -0.037436 12.117601
-0.040638 0.118269 -0.992150 -305.514565 -0.028724 0.992421 0.119478 27.049416 0.998761 0.033354 -0.036933 12.064944
-0.039858 0.116636 -0.992375 -306.723711 -0.028386 0.992631 0.117807 27.172032 0.998803 0.032865 -0.036254 12.016639
