0.999937 0.001173 0.011159 0.017881 -0.001143 0.999996 -0.002627 -0.006847 -0.011162 0.002614 0.999934 0.283589
0.999843 0.001263 0.017681 0.032138 -0.001177 0.999988 -0.004852 -0.012245 -0.017687 0.004830 0.999832 0.566366
0.999810 -0.000083 0.019476 0.042818 0.000232 0.999971 -0.007674 -0.016374 -0.019475 0.007677 0.999781 0.859475
0.999850 -0.001523 0.017255 0.046749 0.001682 0.999956 -0.009180 -0.020064 -0.017240 0.009208 0.999809 1.159745
0.999940 -0.002769 0.010641 0.044974 0.002895 0.999926 -0.011824 -0.024405 -0.010608 0.011855 0.999874 1.468640
0.999989 -0.004512 -0.001507 0.031802 0.004491 0.999899 -0.013453 -0.031581 0.001568 0.013446 0.999908 1.785361
0.999827 -0.004351 -0.018060 0.004564 0.004124 0.999912 -0.012596 -0.038877 0.018113 0.012520 0.999758 2.113835
0.999328 -0.002984 -0.036533 -0.036224 0.002681 0.999962 -0.008348 -0.050008 0.036556 0.008245 0.999298 2.440540
0.998438 -0.003641 -0.055752 -0.084384 0.003387 0.999983 -0.004664 -0.057051 0.055769 0.004468 0.998434 2.774995
0.997129 -0.003853 -0.075629 -0.135393 0.003526 0.999984 -0.004460 -0.059901 0.075645 0.004181 0.997126 3.120509
0.995386 -0.003672 -0.095884 -0.194346 0.003168 0.999980 -0.005408 -0.062026 0.095902 0.005079 0.995378 3.482189
0.993311 -0.003007 -0.115432 -0.259869 0.002233 0.999974 -0.006836 -0.065365 0.115450 0.006532 0.993292 3.851009
0.991129 -0.002141 -0.132886 -0.335453 0.001369 0.999982 -0.005906 -0.071505 0.132897 0.005672 0.991114 4.232014
0.988942 -0.000951 -0.148299 -0.416689 0.000238 0.999988 -0.004822 -0.079770 0.148302 0.004734 0.988931 4.625795
0.986840 -0.000934 -0.161699 -0.503066 0.000259 0.999991 -0.004200 -0.085844 0.161701 0.004103 0.986831 5.034995
0.984792 -0.002178 -0.173725 -0.590812 0.001223 0.999984 -0.005607 -0.091627 0.173734 0.005309 0.984778 5.452690
0.983024 -0.005111 -0.183408 -0.680117 0.003496 0.999952 -0.009129 -0.097688 0.183446 0.008333 0.982995 5.888191
0.981615 -0.006311 -0.190770 -0.775870 0.004911 0.999957 -0.007812 -0.105590 0.190811 0.006731 0.981604 6.315076
0.980148 -0.007451 -0.198127 -0.880396 0.006137 0.999955 -0.007248 -0.114165 0.198172 0.005889 0.980150 6.769926
0.978485 -0.010190 -0.206069 -0.991162 0.008877 0.999934 -0.007294 -0.120391 0.206129 0.005308 0.978510 7.239391
0.976791 -0.012583 -0.213826 -1.102873 0.010456 0.999884 -0.011074 -0.129241 0.213941 0.008582 0.976809 7.722532
0.975056 -0.015336 -0.221428 -1.219518 0.011785 0.999780 -0.017347 -0.141213 0.221645 0.014305 0.975023 8.223160
0.973053 -0.017525 -0.229917 -1.353904 0.013910 0.999753 -0.017334 -0.155095 0.230164 0.013668 0.973056 8.733928
0.970879 -0.019879 -0.238743 -1.505113 0.017452 0.999772 -0.012276 -0.166996 0.238933 0.007751 0.971005 9.256414
0.968648 -0.021650 -0.247493 -1.662331 0.020130 0.999760 -0.008673 -0.176324 0.247622 0.003419 0.968851 9.794977
0.966462 -0.023976 -0.255689 -1.816884 0.021874 0.999700 -0.011061 -0.185869 0.255878 0.005097 0.966696 10.342221
0.964165 -0.026859 -0.263939 -1.981230 0.024191 0.999618 -0.013355 -0.196591 0.264197 0.006491 0.964447 10.905032
0.961877 -0.028883 -0.271953 -2.161929 0.026484 0.999571 -0.012487 -0.208950 0.272197 0.004808 0.962230 11.491348
0.959410 -0.031491 -0.280251 -2.355989 0.029613 0.999502 -0.010934 -0.223040 0.280455 0.002191 0.959865 12.100162
0.956985 -0.036096 -0.287885 -2.553422 0.034386 0.999348 -0.010995 -0.236806 0.288094 0.000623 0.957602 12.712427
0.954913 -0.042937 -0.293765 -2.759652 0.041704 0.999075 -0.010463 -0.251209 0.293943 -0.002260 0.955821 13.344854
0.953230 -0.049774 -0.298120 -2.972175 0.049371 0.998741 -0.008886 -0.265880 0.298187 -0.006248 0.954487 13.986478
0.951439 -0.057124 -0.302492 -3.200193 0.057953 0.998300 -0.006243 -0.278693 0.302334 -0.011591 0.953132 14.660741
0.949511 -0.064168 -0.307103 -3.427625 0.066447 0.997785 -0.003041 -0.287205 0.306618 -0.017519 0.951672 15.318253
0.947490 -0.069812 -0.312072 -3.662945 0.073266 0.997312 -0.000659 -0.293712 0.311279 -0.022240 0.950058 15.991519
0.945331 -0.074505 -0.317488 -3.896191 0.079562 0.996826 0.002975 -0.299684 0.316259 -0.028072 0.948258 16.639329
0.943224 -0.078911 -0.322647 -4.133747 0.085242 0.996345 0.005516 -0.302501 0.321032 -0.032706 0.946504 17.293064
0.941082 -0.082539 -0.327952 -4.378583 0.090403 0.995867 0.008780 -0.303951 0.325871 -0.037911 0.944654 17.952872
0.939023 -0.084167 -0.333395 -4.629034 0.093481 0.995549 0.011964 -0.300197 0.330904 -0.042401 0.942711 18.614755
0.937079 -0.084874 -0.338643 -4.885254 0.094780 0.995416 0.012791 -0.296631 0.336005 -0.044082 0.940828 19.291484
0.934986 -0.084075 -0.344575 -5.153369 0.093740 0.995531 0.011454 -0.293810 0.342072 -0.043010 0.938689 19.994857
0.932791 -0.082644 -0.350815 -5.422976 0.092228 0.995681 0.010667 -0.291183 0.348418 -0.042305 0.936384 20.684492
0.930309 -0.081322 -0.357649 -5.701679 0.090565 0.995849 0.009139 -0.289288 0.355421 -0.040893 0.933812 21.383363
0.927332 -0.078656 -0.365881 -5.993426 0.087659 0.996118 0.008029 -0.287825 0.363830 -0.039518 0.930627 22.091589
0.924396 -0.073527 -0.374280 -6.297667 0.082164 0.996593 0.007148 -0.286725 0.372480 -0.037360 0.927288 22.809050
0.921215 -0.068203 -0.383030 -6.623758 0.077395 0.996963 0.008619 -0.286161 0.381279 -0.037585 0.923696 23.550846
0.917831 -0.063880 -0.391798 -6.957682 0.073763 0.997224 0.010207 -0.285370 0.390058 -0.038268 0.919995 24.290838
0.914063 -0.062352 -0.400751 -7.289050 0.072508 0.997316 0.010212 -0.282696 0.399038 -0.038392 0.916130 25.008997
0.910023 -0.062321 -0.409846 -7.633244 0.072463 0.997328 0.009245 -0.280236 0.408175 -0.038112 0.912108 25.740158
0.906178 -0.061722 -0.418368 -7.987744 0.071653 0.997397 0.008052 -0.278666 0.416782 -0.037274 0.908242 26.478075
0.902250 -0.060281 -0.426979 -8.352764 0.070340 0.997493 0.007811 -0.277618 0.425437 -0.037081 0.904228 27.217552
0.898429 -0.059588 -0.435057 -8.728345 0.068651 0.997628 0.005128 -0.275731 0.433719 -0.034474 0.900389 27.972301
0.894638 -0.056925 -0.443150 -9.121329 0.065128 0.997872 0.003301 -0.273312 0.442019 -0.031815 0.896441 28.741675
0.891051 -0.052200 -0.450892 -9.527888 0.059750 0.998210 0.002514 -0.275540 0.449954 -0.029181 0.892575 29.518759
0.887304 -0.049608 -0.458508 -9.940563 0.055920 0.998435 0.000191 -0.282124 0.457781 -0.025809 0.888690 30.296172
0.883621 -0.049263 -0.465604 -10.358887 0.054468 0.998513 -0.002278 -0.289503 0.465024 -0.023348 0.884990 31.070123
0.880332 -0.049175 -0.471802 -10.789621 0.053672 0.998551 -0.003931 -0.297681 0.471311 -0.021862 0.881696 31.853495
0.877181 -0.047887 -0.477766 -11.235893 0.051838 0.998643 -0.004920 -0.307865 0.477353 -0.020450 0.878474 32.651447
0.874209 -0.047975 -0.483174 -11.687013 0.050799 0.998683 -0.007249 -0.320700 0.482885 -0.018207 0.875494 33.450587
0.871540 -0.048700 -0.487899 -12.149076 0.050791 0.998669 -0.008953 -0.336328 0.487686 -0.016978 0.872854 34.258591
0.869416 -0.049268 -0.491618 -12.618052 0.051199 0.998643 -0.009534 -0.351474 0.491420 -0.016881 0.870759 35.072018
0.867929 -0.049429 -0.494223 -13.104748 0.051653 0.998623 -0.009166 -0.364630 0.493995 -0.017573 0.869287 35.911572
0.867419 -0.048940 -0.495166 -13.597741 0.050669 0.998666 -0.009944 -0.378612 0.494992 -0.016464 0.868741 36.766559
0.867257 -0.047775 -0.495563 -14.095404 0.049014 0.998743 -0.010508 -0.395740 0.495442 -0.015177 0.868509 37.628965
0.866867 -0.048223 -0.496201 -14.596117 0.048511 0.998747 -0.012313 -0.415272 0.496173 -0.013397 0.868120 38.498215
0.866171 -0.049940 -0.497246 -15.106587 0.049405 0.998677 -0.014240 -0.434932 0.497299 -0.012233 0.867493 39.379665
0.864975 -0.051745 -0.499140 -15.618208 0.050031 0.998606 -0.016824 -0.456307 0.499314 -0.010420 0.866358 40.258133
0.863131 -0.050803 -0.502418 -16.141994 0.048258 0.998671 -0.018079 -0.481213 0.502669 -0.008641 0.864436 41.144826
0.861098 -0.048233 -0.506146 -16.668696 0.044547 0.998819 -0.019394 -0.509070 0.506483 -0.005847 0.862230 42.026802
0.858343 -0.046445 -0.510969 -17.203593 0.040854 0.998919 -0.022171 -0.540911 0.511447 -0.001845 0.859313 42.912225
0.854374 -0.045549 -0.517658 -17.748062 0.038912 0.998962 -0.023676 -0.579044 0.518199 0.000085 0.855260 43.789372
0.848985 -0.049195 -0.526122 -18.294599 0.041242 0.998789 -0.026840 -0.620312 0.526805 0.001089 0.849985 44.651407
0.842759 -0.053414 -0.535635 -18.856675 0.044479 0.998572 -0.029596 -0.661661 0.536451 0.001118 0.843931 45.512159
0.836605 -0.053426 -0.545196 -19.432040 0.043623 0.998570 -0.030914 -0.703007 0.546067 0.002080 0.837739 46.368875
0.830979 -0.048919 -0.554149 -20.025923 0.038297 0.998793 -0.030743 -0.745058 0.554984 0.004324 0.831850 47.230417
0.825998 -0.043959 -0.561956 -20.630968 0.033759 0.999023 -0.028526 -0.788540 0.562660 0.004591 0.826675 48.088315
0.821835 -0.044760 -0.567965 -21.229876 0.035146 0.998993 -0.027872 -0.833100 0.568641 0.002945 0.822581 48.931615
0.818270 -0.048404 -0.572793 -21.799783 0.038969 0.998827 -0.028737 -0.874576 0.573512 0.001194 0.819197 49.730011
0.814845 -0.052770 -0.577273 -22.398765 0.045847 0.998595 -0.026570 -0.916850 0.577863 -0.004816 0.816119 50.552778
0.811352 -0.054478 -0.582013 -22.998665 0.047424 0.998500 -0.027351 -0.953950 0.582630 -0.005410 0.812719 51.372983
0.808134 -0.051804 -0.586716 -23.615465 0.043344 0.998654 -0.028475 -0.993707 0.587402 -0.002419 0.809292 52.208310
0.805087 -0.047909 -0.591218 -24.238297 0.038047 0.998851 -0.029130 -1.035154 0.591935 0.000958 0.805986 53.040546
0.802094 -0.045672 -0.595449 -24.866273 0.035020 0.998953 -0.029447 -1.077085 0.596170 0.002766 0.802853 53.870745
0.798847 -0.045694 -0.599796 -25.497993 0.035264 0.998953 -0.029137 -1.122053 0.600500 0.002125 0.799622 54.694734
0.795138 -0.047201 -0.604589 -26.131377 0.036855 0.998885 -0.029513 -1.167085 0.605308 0.001185 0.795991 55.511071
0.790999 -0.050149 -0.609758 -26.771863 0.039351 0.998742 -0.031094 -1.212160 0.610550 0.000601 0.791978 56.327987
0.786622 -0.051194 -0.615309 -27.422287 0.039643 0.998688 -0.032410 -1.258018 0.616161 0.001102 0.787620 57.143546
0.782108 -0.051149 -0.621040 -28.083165 0.038575 0.998688 -0.033673 -1.306407 0.621948 0.002379 0.783055 57.958962
0.777166 -0.050786 -0.627243 -28.752734 0.037710 0.998705 -0.034140 -1.355533 0.628165 0.002879 0.778075 58.769000
0.771734 -0.052135 -0.633805 -29.428681 0.038601 0.998637 -0.035143 -1.406680 0.634773 0.002655 0.772694 59.572489
0.766175 -0.053698 -0.640384 -30.112334 0.039338 0.998553 -0.036666 -1.457223 0.641426 0.002901 0.767179 60.372737
0.760412 -0.055338 -0.647079 -30.815738 0.040012 0.998462 -0.038367 -1.509188 0.648207 0.003284 0.761457 61.181848
0.754597 -0.056872 -0.653720 -31.515212 0.040774 0.998376 -0.039790 -1.564757 0.654921 0.003370 0.755690 61.971489
0.748507 -0.058663 -0.660527 -32.224500 0.041722 0.998272 -0.041380 -1.620635 0.661813 0.003415 0.749661 62.757493
0.742252 -0.059925 -0.667436 -32.941033 0.041528 0.998193 -0.043438 -1.677124 0.668833 0.004524 0.743399 63.537654
0.735976 -0.059469 -0.674390 -33.680024 0.039446 0.998209 -0.044975 -1.738387 0.675857 0.006499 0.737004 64.325918
0.729494 -0.059714 -0.681376 -34.421363 0.038322 0.998185 -0.046451 -1.801638 0.682913 0.007774 0.730458 65.100290
0.722954 -0.061606 -0.688144 -35.171804 0.038839 0.998066 -0.048548 -1.866812 0.689803 0.008372 0.723949 65.871718
0.716293 -0.063315 -0.694921 -35.930431 0.040200 0.997965 -0.049489 -1.932615 0.696641 0.007512 0.717381 66.634319
0.710157 -0.062573 -0.701257 -36.706834 0.039501 0.998015 -0.049050 -1.998258 0.702935 0.007133 0.711219 67.399194
0.704532 -0.062105 -0.706949 -37.504108 0.038114 0.998037 -0.049694 -2.063214 0.708648 0.008066 0.705517 68.175670
0.699454 -0.061726 -0.712007 -38.306922 0.037718 0.998063 -0.049471 -2.130764 0.713682 0.007747 0.700428 68.945628
0.694345 -0.062884 -0.716890 -39.113456 0.038391 0.997993 -0.050358 -2.199893 0.718617 0.007444 0.695366 69.711222
0.688864 -0.064618 -0.722004 -39.929752 0.040731 0.997896 -0.050448 -2.269787 0.723745 0.005344 0.690047 70.472716
0.683603 -0.066881 -0.726783 -40.752312 0.042928 0.997753 -0.051439 -2.339983 0.728590 0.003965 0.684938 71.231318
0.678498 -0.067341 -0.731510 -41.580000 0.043195 0.997724 -0.051784 -2.409881 0.733332 0.003538 0.679862 71.982710
0.673568 -0.067114 -0.736072 -42.422105 0.041343 0.997731 -0.053139 -2.482430 0.737968 0.005362 0.674815 72.738777
0.668446 -0.067321 -0.740707 -43.267386 0.039955 0.997708 -0.054623 -2.558429 0.742686 0.006917 0.669604 73.488101
0.663291 -0.068569 -0.745214 -44.117907 0.040217 0.997621 -0.055998 -2.632849 0.747280 0.007173 0.664471 74.230960
0.658481 -0.069873 -0.749347 -44.979537 0.040025 0.997523 -0.057843 -2.710783 0.751532 0.008095 0.659647 74.976290
0.653931 -0.070668 -0.753247 -45.844859 0.039404 0.997458 -0.059371 -2.790284 0.755528 0.009144 0.655053 75.716522
0.650030 -0.071744 -0.756514 -46.692490 0.038888 0.997370 -0.061172 -2.872418 0.758912 0.010344 0.651111 76.435584
0.646087 -0.074902 -0.759580 -47.572763 0.039593 0.997123 -0.064649 -2.961936 0.762236 0.011695 0.647193 77.178714
0.641636 -0.079681 -0.762859 -48.452207 0.042424 0.996754 -0.068429 -3.054172 0.765835 0.011543 0.642934 77.912532
0.636816 -0.084274 -0.766396 -49.337650 0.043595 0.996354 -0.073337 -3.149348 0.769782 0.013291 0.638168 78.644025
0.630806 -0.088805 -0.770842 -50.229251 0.043475 0.995914 -0.079157 -3.248901 0.774722 0.016420 0.632089 79.368821
0.622535 -0.093471 -0.776990 -51.141940 0.043437 0.995438 -0.084947 -3.357819 0.781386 0.019132 0.623756 80.090916
0.613665 -0.095332 -0.783790 -52.066285 0.040994 0.995193 -0.088948 -3.473394 0.788501 0.022454 0.614624 80.801660
0.605019 -0.094438 -0.790591 -53.003863 0.037248 0.995211 -0.090376 -3.591952 0.795339 0.025231 0.605639 81.500748
0.595968 -0.094191 -0.797465 -53.949500 0.035939 0.995231 -0.090691 -3.711255 0.802203 0.025389 0.596511 82.186550
0.586264 -0.095180 -0.804510 -54.909401 0.036501 0.995169 -0.091138 -3.832121 0.809298 0.024065 0.586906 82.864831
0.576246 -0.097198 -0.811476 -55.869332 0.037334 0.994997 -0.092668 -3.951921 0.816423 0.023104 0.576993 83.527362
0.566165 -0.099460 -0.818270 -56.817112 0.037538 0.994775 -0.094941 -4.071306 0.823437 0.023037 0.566940 84.165437
0.556250 -0.101612 -0.824779 -57.790455 0.035206 0.994487 -0.098776 -4.198303 0.830269 0.025907 0.556761 84.806732
0.546227 -0.102444 -0.831349 -58.793984 0.032792 0.994348 -0.100984 -4.332904 0.836995 0.027899 0.546499 85.448246
0.536031 -0.103179 -0.837869 -59.807162 0.031630 0.994261 -0.102202 -4.469580 0.843605 0.028282 0.536219 86.076013
0.525603 -0.103856 -0.844367 -60.811200 0.031587 0.994219 -0.102625 -4.605654 0.850143 0.027269 0.525845 86.678940
0.515362 -0.103476 -0.850703 -61.842862 0.031186 0.994291 -0.102049 -4.742820 0.856405 0.026062 0.515647 87.281061
0.505194 -0.104098 -0.856705 -62.881927 0.031568 0.994263 -0.102198 -4.877395 0.862428 0.024585 0.505582 87.872933
0.495432 -0.103873 -0.862414 -63.931759 0.030186 0.994284 -0.102415 -5.013126 0.868122 0.024707 0.495736 88.456933
0.486786 -0.102617 -0.867473 -65.000560 0.026595 0.994357 -0.102702 -5.151621 0.873116 0.026923 0.486768 89.038807
0.478957 -0.102501 -0.871833 -66.080460 0.023218 0.994292 -0.104143 -5.293435 0.877531 0.029638 0.478603 89.616732
0.471217 -0.103237 -0.875955 -67.165148 0.022219 0.994201 -0.105220 -5.438663 0.881737 0.030118 0.470779 90.184577
0.463396 -0.106299 -0.879753 -68.254888 0.023724 0.993912 -0.107597 -5.585024 0.885834 0.028988 0.463097 90.746245
0.456139 -0.110110 -0.883071 -69.356344 0.025196 0.993516 -0.110867 -5.736155 0.889552 0.028321 0.455955 91.305832
0.449515 -0.112515 -0.886159 -70.449383 0.026787 0.993288 -0.112529 -5.889251 0.892871 0.026846 0.449512 91.849096
0.443725 -0.115869 -0.888641 -71.541632 0.028816 0.992938 -0.115080 -6.046679 0.895700 0.025456 0.443931 92.386970
0.438888 -0.118226 -0.890730 -72.636904 0.027752 0.992617 -0.118075 -6.204912 0.898113 0.027102 0.438929 92.920592
0.434973 -0.118167 -0.892656 -73.739820 0.023383 0.992500 -0.119990 -6.367097 0.900140 0.031320 0.434473 93.449879
0.431773 -0.119280 -0.894061 -74.833305 0.019049 0.992203 -0.123174 -6.535372 0.901781 0.036153 0.430679 93.971723
0.428696 -0.120008 -0.895443 -75.915674 0.016850 0.992028 -0.124886 -6.706076 0.903292 0.038450 0.427301 94.481043
0.425940 -0.121137 -0.896605 -77.000668 0.015622 0.991833 -0.126581 -6.875619 0.904617 0.039909 0.424354 94.988454
0.423567 -0.121944 -0.897619 -78.087525 0.013321 0.991629 -0.128430 -7.047903 0.905767 0.042441 0.421647 95.494138
0.421498 -0.122650 -0.898497 -79.171261 0.011294 0.991445 -0.130040 -7.221537 0.906759 0.044664 0.419278 95.994263
0.419353 -0.124857 -0.899197 -80.245082 0.010965 0.991122 -0.132507 -7.398411 0.907757 0.045707 0.416999 96.488061
0.417221 -0.126510 -0.899957 -81.300005 0.009799 0.990833 -0.134742 -7.575848 0.908752 0.047399 0.414636 96.969570
0.415298 -0.128375 -0.900582 -82.369799 0.006947 0.990411 -0.137976 -7.758948 0.909659 0.051045 0.412208 97.456318
0.413399 -0.129093 -0.901352 -83.430540 0.005028 0.990208 -0.139514 -7.942626 0.910536 0.053143 0.410000 97.933562
0.411602 -0.131094 -0.901886 -84.470983 0.005003 0.989911 -0.141606 -8.128125 0.911350 0.053774 0.408105 98.400349
0.410118 -0.131901 -0.902444 -85.511484 0.005180 0.989808 -0.142316 -8.315267 0.912018 0.053691 0.406622 98.863092
0.409426 -0.132518 -0.902668 -86.538810 0.006246 0.989779 -0.142473 -8.501364 0.912322 0.052695 0.406069 99.319489
0.409398 -0.132027 -0.902753 -87.549442 0.007361 0.989920 -0.141437 -8.680941 0.912326 0.051259 0.406244 99.768594
0.411181 -0.130254 -0.902200 -88.558769 0.008448 0.990241 -0.139115 -8.855331 0.911515 0.049579 0.408269 100.219834
0.414944 -0.128633 -0.900708 -89.544357 0.010193 0.990551 -0.136768 -9.027374 0.909790 0.047570 0.412334 100.667519
0.419536 -0.127529 -0.898736 -90.529084 0.012112 0.990781 -0.134936 -9.195224 0.907658 0.045725 0.417213 101.122716
0.425221 -0.126799 -0.896164 -91.505064 0.013454 0.990915 -0.133821 -9.357924 0.904990 0.044847 0.423063 101.583883
0.431949 -0.124949 -0.893201 -92.475198 0.013776 0.991156 -0.131990 -9.518685 0.901793 0.044708 0.429851 102.052123
0.439679 -0.123006 -0.889692 -93.450811 0.014393 0.991416 -0.129957 -9.677966 0.898040 0.044334 0.437675 102.534300
0.448369 -0.122126 -0.885467 -94.419807 0.015527 0.991537 -0.128893 -9.835830 0.893714 0.044043 0.446471 103.028059
0.457582 -0.120717 -0.880935 -95.384470 0.016792 0.991738 -0.127178 -9.995421 0.889009 0.043402 0.455828 103.532338
0.466856 -0.120119 -0.876138 -96.345132 0.019733 0.991901 -0.125475 -10.151611 0.884113 0.041290 0.465445 104.048469
0.476330 -0.119188 -0.871151 -97.280482 0.024083 0.992167 -0.122577 -10.301114 0.878937 0.037407 0.475470 104.564250
0.487211 -0.118242 -0.865243 -98.200146 0.028002 0.992397 -0.119851 -10.443773 0.872836 0.034164 0.486818 105.088914
0.499125 -0.115643 -0.858779 -99.112579 0.029416 0.992745 -0.116586 -10.581289 0.866031 0.032930 0.498906 105.625710
0.511707 -0.112806 -0.851722 -100.021383 0.029499 0.993066 -0.113804 -10.717387 0.858654 0.033110 0.511486 106.179162
0.523883 -0.110618 -0.844577 -100.924248 0.029154 0.993280 -0.112010 -10.855022 0.851291 0.034058 0.523587 106.747752
0.535180 -0.109848 -0.837566 -101.801193 0.030360 0.993370 -0.110883 -10.989234 0.844193 0.033914 0.534966 107.317948
0.546581 -0.109231 -0.830252 -102.682456 0.032884 0.993492 -0.109059 -11.121703 0.836760 0.032308 0.546616 107.908156
0.557130 -0.109643 -0.823156 -103.530597 0.035969 0.993502 -0.107989 -11.251493 0.829646 0.030556 0.557453 108.493143
0.567705 -0.111381 -0.815663 -104.350961 0.038266 0.993305 -0.109005 -11.381387 0.822343 0.030671 0.568166 109.079606
0.578066 -0.111212 -0.808376 -105.175705 0.039721 0.993330 -0.108253 -11.508408 0.815023 0.030468 0.578628 109.680917
0.588738 -0.108945 -0.800949 -105.992364 0.039418 0.993567 -0.106170 -11.632766 0.807362 0.030935 0.589245 110.289065
0.598968 -0.106863 -0.793610 -106.802024 0.037453 0.993710 -0.105540 -11.759022 0.799896 0.033492 0.599203 110.911163
0.608905 -0.104751 -0.786297 -107.595303 0.037923 0.993954 -0.103048 -11.883653 0.792336 0.032928 0.609196 111.533196
0.618664 -0.103786 -0.778770 -108.363471 0.040572 0.994135 -0.100257 -12.002630 0.784607 0.030429 0.619246 112.151208
0.627965 -0.102868 -0.771413 -109.122299 0.043114 0.994302 -0.097493 -12.117371 0.777046 0.027963 0.628823 112.776267
0.637079 -0.102443 -0.763960 -109.857248 0.044255 0.994356 -0.096433 -12.224972 0.769527 0.027627 0.638017 113.399514
0.646268 -0.100518 -0.756461 -110.572295 0.043573 0.994531 -0.094927 -12.331681 0.761866 0.028387 0.647113 114.020037
0.655182 -0.098835 -0.748979 -111.290853 0.042536 0.994659 -0.094047 -12.441406 0.754273 0.029759 0.655886 114.658622
0.663334 -0.098389 -0.741827 -111.995317 0.042973 0.994692 -0.093500 -12.548880 0.747088 0.030144 0.664041 115.298231
0.671110 -0.097383 -0.734934 -112.687079 0.044270 0.994831 -0.091395 -12.651721 0.740035 0.028801 0.671952 115.935515
0.678607 -0.096169 -0.728179 -113.365339 0.044646 0.994960 -0.089795 -12.752489 0.733143 0.028426 0.679480 116.574835
0.686134 -0.093315 -0.721465 -114.029584 0.042777 0.995199 -0.088038 -12.850466 0.726216 0.029544 0.686832 117.213021
0.693678 -0.090518 -0.714575 -114.686746 0.041112 0.995431 -0.086186 -12.947291 0.719111 0.030408 0.694230 117.856608
0.701165 -0.088958 -0.707428 -115.326642 0.041077 0.995579 -0.084479 -13.043035 0.711815 0.030175 0.701719 118.496814
0.708841 -0.087907 -0.699869 -115.943886 0.041746 0.995693 -0.082782 -13.133394 0.704132 0.029462 0.709458 119.128831
0.716945 -0.085087 -0.691918 -116.555210 0.041636 0.995979 -0.079336 -13.218904 0.695885 0.028070 0.717605 119.767288
0.726240 -0.082254 -0.682503 -117.152723 0.039920 0.996187 -0.077580 -13.302704 0.686281 0.029096 0.726754 120.414604
0.736062 -0.078366 -0.672363 -117.740817 0.037723 0.996482 -0.074847 -13.385303 0.675862 0.029728 0.736429 121.068589
0.746222 -0.076370 -0.661302 -118.307650 0.038070 0.996668 -0.072141 -13.466122 0.664607 0.028658 0.746643 121.720946
0.756099 -0.075741 -0.650059 -118.848193 0.040124 0.996777 -0.069470 -13.540803 0.653226 0.026443 0.756702 122.363738
0.765875 -0.077203 -0.638338 -119.365462 0.043376 0.996708 -0.068503 -13.608994 0.641525 0.024776 0.766702 123.002228
0.775976 -0.076439 -0.626114 -119.869020 0.044187 0.996779 -0.066929 -13.675176 0.629213 0.024269 0.776854 123.644759
0.786414 -0.074679 -0.613168 -120.360795 0.043904 0.996912 -0.065107 -13.739810 0.616137 0.024280 0.787265 124.295235
0.796825 -0.072013 -0.599903 -120.840820 0.042203 0.997081 -0.063634 -13.803753 0.602734 0.025387 0.797539 124.954417
0.806728 -0.070215 -0.586737 -121.304810 0.041105 0.997179 -0.062816 -13.866892 0.589492 0.026557 0.807338 125.615021
0.816005 -0.068090 -0.574021 -121.764752 0.039493 0.997285 -0.062155 -13.928294 0.576694 0.028050 0.816479 126.290253
0.824369 -0.066546 -0.562127 -122.215100 0.038450 0.997355 -0.061682 -13.992223 0.564745 0.029235 0.824748 126.971819
0.831708 -0.066175 -0.551256 -122.652719 0.037914 0.997324 -0.062520 -14.057290 0.553918 0.031098 0.831991 127.655513
0.838375 -0.065835 -0.541103 -123.090077 0.038426 0.997348 -0.061809 -14.120384 0.543737 0.031027 0.838682 128.350619
0.845211 -0.065192 -0.530442 -123.515826 0.039222 0.997423 -0.060087 -14.181754 0.532991 0.029981 0.845590 129.044464
0.852063 -0.063544 -0.519568 -123.934070 0.039188 0.997563 -0.057739 -14.240901 0.521971 0.028836 0.852476 129.744829
0.858462 -0.062915 -0.509003 -124.344552 0.039617 0.997617 -0.056495 -14.299546 0.511344 0.028334 0.858909 130.455187
0.864390 -0.063329 -0.498817 -124.746419 0.040456 0.997580 -0.056544 -14.357038 0.501191 0.028696 0.864861 131.171885
0.869628 -0.064708 -0.489448 -125.143337 0.042096 0.997482 -0.057078 -14.414482 0.491909 0.029032 0.870162 131.896336
0.874016 -0.065356 -0.481481 -125.536449 0.043225 0.997443 -0.056927 -14.470234 0.483970 0.028943 0.874606 132.623893
0.877685 -0.064728 -0.474846 -125.922812 0.043248 0.997492 -0.056034 -14.523424 0.477282 0.028644 0.878284 133.346097
0.881203 -0.061732 -0.468691 -126.320599 0.040417 0.997646 -0.055412 -14.576307 0.471008 0.029886 0.881623 134.100973
0.884782 -0.056818 -0.462528 -126.723741 0.036559 0.997944 -0.052655 -14.630040 0.464569 0.029678 0.885040 134.871991
0.888303 -0.053706 -0.456106 -127.122250 0.034258 0.998121 -0.050809 -14.682330 0.457978 0.029508 0.888474 135.651152
0.891766 -0.050841 -0.449632 -127.520274 0.032444 0.998295 -0.048532 -14.733490 0.451333 0.028692 0.891895 136.443552
0.895237 -0.048601 -0.442931 -127.915997 0.030721 0.998401 -0.047459 -14.783402 0.444529 0.028880 0.895299 137.250527
0.898764 -0.045920 -0.436022 -128.313717 0.028243 0.998499 -0.046940 -14.835031 0.437522 0.029874 0.898711 138.079588
0.902337 -0.044623 -0.428714 -128.706261 0.026705 0.998504 -0.047721 -14.889004 0.430202 0.031612 0.902179 138.920770
0.905942 -0.044150 -0.421093 -129.094454 0.026213 0.998490 -0.048294 -14.943450 0.422589 0.032713 0.905731 139.771479
0.909668 -0.044513 -0.412944 -129.480887 0.026721 0.998453 -0.048765 -14.998621 0.414475 0.033326 0.909450 140.640261
0.913516 -0.046014 -0.404192 -129.862949 0.027732 0.998315 -0.050974 -15.057761 0.405856 0.035357 0.913253 141.529343
0.917542 -0.047803 -0.394755 -130.238107 0.029722 0.998216 -0.051795 -15.118109 0.396527 0.035792 0.917325 142.424357
0.922012 -0.049996 -0.383918 -130.610416 0.032579 0.998129 -0.051739 -15.178419 0.385787 0.035197 0.921916 143.340786
0.927369 -0.049900 -0.370805 -130.972874 0.034226 0.998225 -0.048737 -15.235275 0.372578 0.032506 0.927431 144.265807
0.933761 -0.047751 -0.354697 -131.321868 0.034050 0.998417 -0.044774 -15.287070 0.356273 0.029731 0.933909 145.208999
0.940688 -0.044038 -0.336401 -131.655231 0.032012 0.998638 -0.041215 -15.338169 0.337757 0.028002 0.940817 146.173521
0.947631 -0.041676 -0.316636 -131.970729 0.031362 0.998801 -0.037602 -15.385807 0.317823 0.025702 0.947802 147.154974
0.954402 -0.040473 -0.295768 -132.264917 0.031400 0.998881 -0.035363 -15.431311 0.296868 0.024463 0.954605 148.153866
0.960791 -0.038586 -0.274575 -132.536322 0.030518 0.998970 -0.033597 -15.475543 0.275588 0.023901 0.960979 149.161189
0.966733 -0.035659 -0.253291 -132.788294 0.028399 0.999076 -0.032265 -15.520050 0.254207 0.023999 0.966852 150.187879
0.972333 -0.031925 -0.231407 -133.020983 0.025610 0.999215 -0.030246 -15.561859 0.232190 0.023483 0.972387 151.232286
0.977468 -0.027392 -0.209298 -133.232471 0.021918 0.999356 -0.028432 -15.603277 0.209942 0.023204 0.977439 152.293850
0.982081 -0.023763 -0.186952 -133.425133 0.019130 0.999465 -0.026546 -15.645780 0.187482 0.022494 0.982010 153.384968
0.986079 -0.023254 -0.164643 -133.594742 0.019514 0.999515 -0.024296 -15.687916 0.165127 0.020745 0.986054 154.483961
0.989432 -0.024890 -0.142845 -133.738945 0.021682 0.999478 -0.023971 -15.728411 0.143367 0.020621 0.989455 155.593859
0.992223 -0.025470 -0.121841 -133.861578 0.022849 0.999478 -0.022856 -15.764631 0.122359 0.019895 0.992287 156.709708
0.994563 -0.023362 -0.101480 -133.960204 0.021056 0.999497 -0.023736 -15.802169 0.101983 0.021470 0.994555 157.841324
0.996447 -0.021508 -0.081429 -134.040905 0.019705 0.999544 -0.022886 -15.839720 0.081884 0.021200 0.996416 158.995301
0.997926 -0.020349 -0.061070 -134.099160 0.019035 0.999576 -0.022023 -15.877373 0.061492 0.020815 0.997891 160.163185
0.998984 -0.019406 -0.040674 -134.136207 0.018616 0.999633 -0.019719 -15.912835 0.041042 0.018942 0.998978 161.345427
0.999628 -0.018409 -0.020132 -134.147350 0.018032 0.999663 -0.018708 -15.948540 0.020469 0.018338 0.999622 162.540644
0.999827 -0.018598 0.000438 -134.136633 0.018603 0.999701 -0.015871 -15.981033 -0.000143 0.015876 0.999874 163.737495
0.999603 -0.019398 0.020430 -134.100932 0.019688 0.999707 -0.014074 -16.012186 -0.020151 0.014471 0.999692 164.955832
0.998977 -0.021394 0.039829 -134.039238 0.021937 0.999672 -0.013265 -16.042927 -0.039533 0.014125 0.999118 166.190362
0.997986 -0.023759 0.058818 -133.957618 0.024420 0.999646 -0.010542 -16.069420 -0.058548 0.011957 0.998213 167.433451
0.996643 -0.025070 0.077935 -133.846572 0.025909 0.999617 -0.009768 -16.096395 -0.077661 0.011754 0.996911 168.705974
0.994926 -0.027644 0.096736 -133.709486 0.028624 0.999552 -0.008761 -16.124716 -0.096451 0.011485 0.995272 169.996291
0.992828 -0.032665 0.114998 -133.547025 0.033718 0.999406 -0.007223 -16.150922 -0.114694 0.011049 0.993339 171.300920
0.990364 -0.038950 0.132898 -133.366454 0.039851 0.999197 -0.004125 -16.171825 -0.132631 0.009382 0.991121 172.587631
0.987690 -0.043756 0.150175 -133.163140 0.044476 0.999010 -0.001440 -16.190304 -0.149964 0.008102 0.988658 173.873696
0.984715 -0.047686 0.167519 -132.935498 0.048121 0.998841 0.001463 -16.203659 -0.167395 0.006620 0.985868 175.168025
0.981455 -0.050362 0.184960 -132.684659 0.050441 0.998718 0.004279 -16.213252 -0.184939 0.005130 0.982737 176.456794
0.978099 -0.049543 0.202154 -132.404746 0.049615 0.998758 0.004713 -16.222205 -0.202137 0.005421 0.979342 177.752232
0.974475 -0.049507 0.218969 -132.096254 0.049618 0.998756 0.004998 -16.231747 -0.218945 0.005994 0.975719 179.076132
0.970357 -0.053919 0.235583 -131.766290 0.054263 0.998514 0.005026 -16.241358 -0.235504 0.007906 0.971841 180.387040
0.966044 -0.057708 0.251848 -131.420715 0.057912 0.998300 0.006608 -16.247217 -0.251802 0.008201 0.967744 181.680119
0.961590 -0.058006 0.268290 -131.050171 0.057293 0.998302 0.010491 -16.248241 -0.268443 0.005283 0.963281 182.987293
0.956577 -0.058930 0.285460 -130.667808 0.057355 0.998257 0.013883 -16.245204 -0.285781 0.003092 0.958290 184.243706
0.951026 -0.062177 0.302790 -130.241320 0.059368 0.998065 0.018481 -16.236427 -0.303354 0.000400 0.952878 185.569585
0.945205 -0.065425 0.319854 -129.784541 0.062510 0.997856 0.019383 -16.226353 -0.320437 0.001673 0.947268 186.887651
0.939224 -0.067456 0.336613 -129.300499 0.063997 0.997721 0.021374 -16.212635 -0.337288 0.001467 0.941400 188.211136
0.932482 -0.071793 0.354008 -128.790316 0.068146 0.997416 0.022774 -16.200362 -0.354729 0.002888 0.934965 189.525075
0.924793 -0.077668 0.372458 -128.256836 0.073253 0.996974 0.026012 -16.180394 -0.373351 0.003228 0.927684 190.827673
0.915668 -0.081411 0.393603 -127.684223 0.075348 0.996680 0.030861 -16.153273 -0.394809 0.001398 0.918762 192.136679
0.905118 -0.083407 0.416899 -127.071169 0.075107 0.996515 0.036305 -16.116531 -0.418474 -0.001548 0.908227 193.443176
0.893049 -0.087150 0.441438 -126.421751 0.075866 0.996183 0.043189 -16.071373 -0.443517 -0.005079 0.896251 194.734376
0.880177 -0.090973 0.465846 -125.724395 0.076936 0.995826 0.049107 -16.017124 -0.468369 -0.007383 0.883502 196.028111
0.866662 -0.094614 0.489842 -124.993750 0.077615 0.995468 0.054954 -15.954158 -0.492822 -0.009608 0.870077 197.299586
0.852561 -0.096271 0.513684 -124.216821 0.077510 0.995310 0.057890 -15.883400 -0.516848 -0.009539 0.856024 198.559918
0.838040 -0.098300 0.536679 -123.409464 0.077212 0.995104 0.061697 -15.811599 -0.540117 -0.010267 0.841527 199.795692
0.822772 -0.101503 0.559234 -122.572892 0.079250 0.994801 0.063964 -15.737904 -0.562819 -0.008308 0.826538 200.999423
0.807229 -0.105003 0.580823 -121.708868 0.081838 0.994455 0.066043 -15.659270 -0.584538 -0.005778 0.811346 202.176555
0.791824 -0.107538 0.601207 -120.809160 0.082550 0.994188 0.069107 -15.574357 -0.605145 -0.005091 0.796099 203.342752
0.776422 -0.110010 0.620537 -119.854577 0.083291 0.993922 0.071989 -15.480590 -0.624686 -0.004209 0.780865 204.520264
0.761577 -0.110831 0.638526 -118.896743 0.082656 0.993833 0.073917 -15.386856 -0.642781 -0.003516 0.766042 205.645186
0.746992 -0.112088 0.655315 -117.909872 0.082162 0.993694 0.076308 -15.290330 -0.659736 -0.003159 0.751491 206.756722
0.732620 -0.112948 0.671201 -116.890600 0.082508 0.993600 0.077142 -15.192739 -0.675619 -0.001136 0.737250 207.854916
0.718401 -0.114764 0.686096 -115.854607 0.083768 0.993392 0.078454 -15.093975 -0.690567 0.001112 0.723268 208.927229
0.704060 -0.117087 0.700421 -114.808304 0.086137 0.993112 0.079430 -14.992976 -0.704897 0.004409 0.709296 209.966492
0.689559 -0.119250 0.714344 -113.742213 0.086817 0.992849 0.081937 -14.887807 -0.719007 0.005517 0.694981 210.987573
0.674989 -0.120167 0.727976 -112.652021 0.085493 0.992741 0.084602 -14.779142 -0.732858 0.005132 0.680362 211.989822
0.659756 -0.121910 0.741525 -111.542309 0.083212 0.992537 0.089141 -14.666205 -0.746858 0.002893 0.664977 212.971924
0.643792 -0.124073 0.755075 -110.404175 0.079449 0.992272 0.095308 -14.543709 -0.761065 -0.001368 0.648674 213.938824
0.627635 -0.126221 0.768206 -109.241295 0.075325 0.991985 0.101448 -14.412719 -0.774855 -0.005807 0.632113 214.884697
0.611391 -0.129331 0.780688 -108.068497 0.072102 0.991555 0.107797 -14.278469 -0.788037 -0.009616 0.615553 215.799476
0.594594 -0.132831 0.792977 -106.899866 0.071794 0.991091 0.112184 -14.142004 -0.800814 -0.009773 0.598833 216.670527
0.577567 -0.137521 0.804676 -105.737355 0.071044 0.990436 0.118275 -13.997950 -0.813246 -0.011144 0.581813 217.503434
0.559624 -0.138749 0.817049 -104.561949 0.067406 0.990240 0.121991 -13.846305 -0.826001 -0.013195 0.563515 218.299127
0.540723 -0.140119 0.829448 -103.387014 0.062092 0.989988 0.126761 -13.687254 -0.838906 -0.017040 0.544010 219.056204
0.521180 -0.140185 0.841854 -102.193658 0.055905 0.989907 0.130228 -13.527554 -0.851614 -0.020808 0.523757 219.782101
0.501488 -0.140981 0.853600 -100.982452 0.050169 0.989712 0.133987 -13.362916 -0.863709 -0.024368 0.503401 220.481970
0.481506 -0.141220 0.864990 -99.764501 0.045355 0.989626 0.136321 -13.199699 -0.875268 -0.026408 0.482916 221.145686
0.461453 -0.141879 0.875746 -98.543118 0.041227 0.989492 0.138584 -13.034385 -0.886206 -0.027846 0.462453 221.775264
0.441659 -0.141291 0.885987 -97.307976 0.037268 0.989559 0.139229 -12.869667 -0.896409 -0.028473 0.442313 222.374202
0.421691 -0.141422 0.895643 -96.077053 0.034712 0.989556 0.139907 -12.705999 -0.906075 -0.027908 0.422196 222.937056
0.401814 -0.139847 0.904979 -94.847203 0.031863 0.989807 0.138808 -12.543431 -0.915167 -0.026939 0.402174 223.463828
0.382089 -0.139395 0.913551 -93.596630 0.026736 0.989812 0.139849 -12.379583 -0.923739 -0.029009 0.381923 223.970266
0.363484 -0.139206 0.921141 -92.330793 0.023724 0.989835 0.140226 -12.213086 -0.931298 -0.029117 0.363091 224.454026
0.344054 -0.143167 0.927970 -91.077126 0.025412 0.989365 0.143217 -12.048024 -0.938606 -0.025693 0.344033 224.907442
0.324596 -0.149133 0.934021 -89.868399 0.031427 0.988647 0.146933 -11.888162 -0.945330 -0.018340 0.325597 225.320564
0.305456 -0.156010 0.939338 -88.713845 0.035727 0.987670 0.152420 -11.727066 -0.951536 -0.012998 0.307263 225.691836
0.286565 -0.161591 0.944334 -87.535372 0.035678 0.986790 0.158029 -11.553303 -0.957396 -0.011594 0.288545 226.045231
0.267823 -0.166284 0.949010 -86.361368 0.032709 0.985996 0.163533 -11.373415 -0.962913 -0.012757 0.269511 226.372166
0.249411 -0.171918 0.953015 -85.184696 0.028699 0.984996 0.170176 -11.182772 -0.967972 -0.015093 0.250602 226.676947
0.231556 -0.175797 0.956805 -84.032290 0.025158 0.984290 0.174758 -10.995364 -0.972496 -0.016394 0.232340 226.949264
0.214147 -0.177567 0.960526 -82.873461 0.020129 0.983932 0.177406 -10.801362 -0.976594 -0.018656 0.214280 227.197239
0.196603 -0.179364 0.963937 -81.701709 0.016595 0.983593 0.179636 -10.604160 -0.980343 -0.019320 0.196353 227.424854
0.178984 -0.180452 0.967161 -80.542661 0.013737 0.983398 0.180939 -10.409288 -0.983756 -0.019099 0.178491 227.626501
0.160804 -0.186840 0.969140 -79.401730 0.013035 0.982235 0.187201 -10.212028 -0.986900 -0.017470 0.160383 227.810797
0.142983 -0.189463 0.971421 -78.275156 0.011311 0.981755 0.189814 -10.009042 -0.989660 -0.016153 0.142517 227.966566
0.127371 -0.191431 0.973206 -77.147552 0.005155 0.981313 0.192351 -9.804212 -0.991842 -0.019483 0.125977 228.104054
0.113531 -0.190105 0.975177 -76.018173 -0.002220 0.981473 0.191590 -9.602920 -0.993532 -0.023917 0.111005 228.221630
0.100843 -0.190820 0.976431 -74.895145 -0.008817 0.981225 0.192667 -9.400094 -0.994863 -0.028039 0.097267 228.326851
0.089374 -0.189777 0.977750 -73.782744 -0.014345 0.981333 0.191784 -9.203855 -0.995895 -0.031166 0.084983 228.415667
0.079226 -0.190313 0.978521 -72.679861 -0.016139 0.981233 0.192148 -9.010931 -0.996726 -0.031015 0.074667 228.496326
0.070760 -0.191537 0.978931 -71.599228 -0.015420 0.981064 0.193069 -8.820862 -0.997374 -0.028757 0.066467 228.568435
0.064122 -0.193555 0.978991 -70.538985 -0.015177 0.980708 0.194888 -8.632378 -0.997827 -0.027354 0.059947 228.634643
0.057848 -0.194978 0.979100 -69.486618 -0.012152 0.980533 0.195981 -8.445404 -0.998251 -0.023235 0.054352 228.694154
0.051313 -0.195623 0.979335 -68.462943 -0.004550 0.980572 0.196108 -8.261964 -0.998672 -0.014518 0.049426 228.746856
0.046383 -0.198305 0.979042 -67.464699 -0.002647 0.980070 0.198639 -8.067913 -0.998920 -0.011804 0.044933 228.797006
0.044782 -0.197217 0.979336 -66.449260 -0.011467 0.980154 0.197906 -7.874354 -0.998931 -0.020092 0.041632 228.840493
0.044462 -0.195995 0.979596 -65.436122 -0.021290 0.980158 0.197074 -7.684846 -0.998784 -0.029617 0.039407 228.882767
0.043961 -0.195453 0.979727 -64.415439 -0.025099 0.980150 0.196664 -7.496292 -0.998718 -0.033236 0.038182 228.928137
0.043760 -0.196431 0.979540 -63.407769 -0.023258 0.980014 0.197565 -7.313693 -0.998771 -0.031428 0.038317 228.975732
0.043648 -0.196133 0.979605 -62.424500 -0.019963 0.980173 0.197136 -7.133659 -0.998848 -0.028160 0.038867 229.021367
0.044956 -0.198676 0.979033 -61.449670 -0.017195 0.979726 0.199606 -6.952412 -0.998841 -0.025808 0.040628 229.074164
0.047232 -0.200562 0.978541 -60.481692 -0.016132 0.979354 0.201508 -6.770223 -0.998754 -0.025303 0.043021 229.128191
0.050044 -0.201110 0.978289 -59.522451 -0.013808 0.979284 0.202021 -6.586878 -0.998652 -0.023618 0.046230 229.183307
0.053793 -0.203159 0.977667 -58.568368 -0.012252 0.978877 0.204084 -6.403930 -0.998477 -0.022956 0.050167 229.245472
0.058662 -0.204379 0.977132 -57.615578 -0.010226 0.978644 0.205309 -6.217502 -0.998225 -0.022036 0.055319 229.312397
0.065152 -0.204761 0.976641 -56.658993 -0.009748 0.978544 0.205810 -6.027808 -0.997828 -0.022929 0.061757 229.385896
0.071801 -0.203741 0.976388 -55.696095 -0.009714 0.978726 0.204943 -5.838731 -0.997372 -0.024200 0.068294 229.464984
0.078890 -0.201209 0.976366 -54.762054 -0.008748 0.979242 0.202509 -5.658749 -0.996845 -0.024517 0.075491 229.546596
0.085849 -0.199404 0.976149 -53.825935 -0.006097 0.979643 0.200654 -5.478799 -0.996289 -0.023178 0.082885 229.636535
0.092679 -0.199361 0.975533 -52.896154 -0.004778 0.979650 0.200657 -5.299401 -0.995685 -0.023258 0.089840 229.735249
0.099364 -0.199227 0.974902 -51.946852 -0.004395 0.979654 0.200646 -5.114807 -0.995041 -0.024222 0.096466 229.842281
0.106352 -0.198510 0.974311 -51.004082 -0.005131 0.979747 0.200177 -4.930144 -0.994315 -0.026288 0.103179 229.954437
0.113312 -0.197752 0.973681 -50.077200 -0.005043 0.979866 0.199595 -4.753601 -0.993547 -0.027527 0.110033 230.071275
0.120090 -0.197432 0.972933 -49.156440 -0.003084 0.979947 0.199236 -4.579728 -0.992758 -0.026927 0.117072 230.194178
0.126460 -0.196397 0.972335 -48.242688 0.000569 0.980219 0.197916 -4.406661 -0.991971 -0.024475 0.124070 230.321176
0.132743 -0.195985 0.971581 -47.334075 0.003435 0.980341 0.197283 -4.235038 -0.991145 -0.022850 0.130806 230.454605
0.138975 -0.197248 0.970453 -46.430177 0.006557 0.980125 0.198275 -4.061130 -0.990274 -0.021192 0.137506 230.596466
0.145429 -0.198773 0.969195 -45.528660 0.008323 0.979821 0.199704 -3.885386 -0.989334 -0.020977 0.144149 230.745491
0.152350 -0.198702 0.968146 -44.627988 0.009364 0.979828 0.199626 -3.711518 -0.988282 -0.021348 0.151137 230.899071
0.159193 -0.198660 0.967053 -43.720739 0.008406 0.979782 0.199891 -3.535694 -0.987212 -0.023692 0.157644 231.060225
0.166061 -0.197989 0.966035 -42.808921 0.008280 0.979883 0.199404 -3.360198 -0.986081 -0.025115 0.164359 231.227593
0.172616 -0.197123 0.965063 -41.904945 0.009041 0.980046 0.198566 -3.187597 -0.984948 -0.025551 0.170953 231.399211
0.179046 -0.196548 0.964008 -41.010222 0.011758 0.980199 0.197665 -3.017179 -0.983771 -0.024056 0.177811 231.575510
