0.999878 -0.001124 0.015591 0.014263 0.001093 0.999997 0.001996 0.001123 -0.015593 -0.001979 0.999876 0.125585
0.999316 -0.000779 0.036981 0.035581 0.000591 0.999987 0.005090 0.001087 -0.036984 -0.005064 0.999303 0.267946
0.997932 0.000468 0.064272 0.068896 -0.000929 0.999974 0.007139 0.003461 -0.064267 -0.007184 0.997907 0.429215
0.995119 0.002598 0.098644 0.120512 -0.003326 0.999968 0.007219 0.005488 -0.098622 -0.007512 0.995097 0.608601
0.990536 0.005111 0.137158 0.189443 -0.005749 0.999974 0.004254 0.006048 -0.137133 -0.005002 0.990540 0.796303
0.984167 0.005926 0.177147 0.271407 -0.006294 0.999979 0.001517 0.006700 -0.177134 -0.002608 0.984183 1.003976
0.975174 0.007131 0.221324 0.366206 -0.007700 0.999969 0.001711 0.006646 -0.221305 -0.003373 0.975199 1.221112
0.962927 0.009797 0.269584 0.480743 -0.010891 0.999937 0.002564 0.006833 -0.269542 -0.005405 0.962974 1.445428
0.948225 0.017448 0.317120 0.617505 -0.018344 0.999832 -0.000162 0.002982 -0.317069 -0.005664 0.948386 1.680435
0.930683 0.023146 0.365094 0.766773 -0.023223 0.999722 -0.004181 -0.003738 -0.365089 -0.004587 0.930961 1.902129
0.909074 0.028542 0.415655 0.939728 -0.026946 0.999590 -0.009706 -0.010860 -0.415762 -0.002377 0.909471 2.126363
0.883484 0.031496 0.467401 1.124987 -0.029785 0.999495 -0.011052 -0.019701 -0.467514 -0.004157 0.883976 2.345360
0.854668 0.035232 0.517978 1.328199 -0.033369 0.999360 -0.012914 -0.030704 -0.518101 -0.006247 0.855297 2.560927
0.821963 0.040583 0.568093 1.557307 -0.036663 0.999159 -0.018331 -0.043748 -0.568359 -0.005760 0.822760 2.770032
0.785638 0.045728 0.616994 1.809657 -0.038463 0.998946 -0.025060 -0.061264 -0.617490 -0.004043 0.786568 2.975953
0.747237 0.049634 0.662701 2.078744 -0.039153 0.998763 -0.030655 -0.078986 -0.663403 -0.003040 0.748256 3.176630
0.707081 0.052455 0.705184 2.366844 -0.037805 0.998623 -0.036376 -0.097029 -0.706121 -0.000938 0.708090 3.370217
0.664890 0.054213 0.744972 2.679239 -0.036141 0.998529 -0.040408 -0.115128 -0.746067 -0.000057 0.665871 3.561930
0.621654 0.053687 0.781450 3.017941 -0.035708 0.998554 -0.040197 -0.136972 -0.782478 -0.002915 0.622672 3.760621
0.579431 0.054037 0.813228 3.377245 -0.034548 0.998531 -0.041735 -0.161083 -0.814289 -0.003913 0.580447 3.949753
0.538809 0.055257 0.840614 3.765292 -0.033472 0.998463 -0.044178 -0.186859 -0.841763 -0.004333 0.539830 4.136213
0.499909 0.057219 0.864186 4.186245 -0.033387 0.998347 -0.046789 -0.215918 -0.865434 -0.005462 0.500992 4.323752
0.462378 0.056752 0.884865 4.625318 -0.031477 0.998371 -0.047584 -0.246816 -0.886124 -0.005851 0.463411 4.504235
0.425923 0.057298 0.902943 5.090232 -0.028146 0.998349 -0.050076 -0.278645 -0.904322 -0.004086 0.426832 4.674800
0.392452 0.059120 0.917870 5.584865 -0.023332 0.998251 -0.054322 -0.312091 -0.919476 -0.000097 0.393145 4.839891
0.363135 0.060998 0.929738 6.094104 -0.018249 0.998129 -0.058357 -0.347564 -0.931558 0.004225 0.363569 4.997916
0.337911 0.062130 0.939125 6.624053 -0.013788 0.998038 -0.061066 -0.383072 -0.941077 0.007686 0.338105 5.156094
0.318017 0.063587 0.945950 7.171329 -0.011229 0.997931 -0.063306 -0.422007 -0.948018 0.009511 0.318073 5.314685
0.303490 0.065041 0.950612 7.748412 -0.010434 0.997835 -0.064941 -0.465057 -0.952778 0.009790 0.303511 5.481045
0.291762 0.066679 0.954164 8.356235 -0.010826 0.997733 -0.066413 -0.511663 -0.956430 0.009047 0.291823 5.653289
0.280595 0.066616 0.957512 8.982649 -0.012190 0.997755 -0.065844 -0.558606 -0.959749 0.006803 0.280778 5.827965
0.269915 0.066979 0.960552 9.644999 -0.013295 0.997742 -0.065836 -0.609619 -0.962792 0.004999 0.270196 6.005059
0.259696 0.067202 0.963349 10.320559 -0.014461 0.997734 -0.065703 -0.661606 -0.965582 0.003132 0.260080 6.178710
0.249408 0.067245 0.966061 11.007383 -0.015810 0.997736 -0.065369 -0.715486 -0.968270 0.001030 0.249906 6.347946
0.238976 0.068083 0.968636 11.715746 -0.016699 0.997680 -0.066005 -0.771786 -0.970882 -0.000402 0.239559 6.512413
0.228655 0.068711 0.971080 12.443136 -0.017232 0.997635 -0.066533 -0.829058 -0.973355 -0.001521 0.229298 6.673936
0.218097 0.068555 0.973516 13.182892 -0.019640 0.997636 -0.065853 -0.887384 -0.975729 -0.004757 0.218928 6.832003
0.206645 0.068225 0.976034 13.937601 -0.022970 0.997629 -0.064872 -0.948007 -0.978146 -0.009014 0.207722 6.983848
0.194601 0.068926 0.978458 14.704492 -0.026249 0.997537 -0.065050 -1.012870 -0.980531 -0.013024 0.195931 7.126367
0.181659 0.069146 0.980927 15.487727 -0.027723 0.997488 -0.065180 -1.080756 -0.982971 -0.015354 0.183120 7.261002
0.167968 0.069582 0.983334 16.274592 -0.027328 0.997451 -0.065913 -1.149924 -0.985413 -0.015802 0.169442 7.383562
0.153915 0.068825 0.985684 17.063442 -0.025512 0.997515 -0.065668 -1.219072 -0.987755 -0.015039 0.155289 7.496555
0.137713 0.069115 0.988058 17.865152 -0.023415 0.997511 -0.066513 -1.289176 -0.990195 -0.013975 0.138988 7.594211
0.117437 0.067561 0.990779 18.665308 -0.020711 0.997633 -0.065573 -1.357793 -0.992864 -0.012819 0.118558 7.673956
0.091997 0.064314 0.993680 19.466998 -0.018086 0.997855 -0.062910 -1.424013 -0.995595 -0.012184 0.092963 7.730978
0.061732 0.061841 0.996175 20.276182 -0.015898 0.998013 -0.060970 -1.489511 -0.997966 -0.012073 0.062593 7.757746
0.028407 0.060202 0.997782 21.098471 -0.013795 0.998113 -0.059829 -1.554046 -0.999501 -0.012065 0.029184 7.752927
-0.005775 0.060334 0.998161 21.934351 -0.011355 0.998110 -0.060397 -1.623304 -0.999919 -0.011683 -0.005079 7.716857
-0.039603 0.060826 0.997362 22.772902 -0.008331 0.998091 -0.061201 -1.692532 -0.999181 -0.010733 -0.039020 7.651144
-0.072365 0.060280 0.995555 23.612929 -0.004546 0.998142 -0.060767 -1.762086 -0.997368 -0.008923 -0.071957 7.561692
-0.105928 0.061527 0.992468 24.469463 0.000967 0.998090 -0.061772 -1.831620 -0.994373 -0.005584 -0.105785 7.437243
-0.137877 0.065938 0.988252 25.324531 0.006739 0.997821 -0.065636 -1.908497 -0.990426 -0.002390 -0.138021 7.280425
-0.168887 0.072668 0.982953 26.187868 0.013414 0.997355 -0.071428 -1.990995 -0.985544 0.001122 -0.169415 7.090158
-0.197739 0.078135 0.977136 27.060861 0.019270 0.996935 -0.075819 -2.082354 -0.980065 0.003837 -0.198639 6.875870
-0.226120 0.084899 0.970393 27.920582 0.025540 0.996369 -0.081220 -2.174211 -0.973765 0.006418 -0.227467 6.634694
-0.253430 0.093875 0.962788 28.788717 0.031430 0.995554 -0.088796 -2.275439 -0.966843 0.007756 -0.255253 6.362465
-0.278300 0.101768 0.955087 29.644796 0.042591 0.994700 -0.093578 -2.385111 -0.959549 0.014635 -0.281160 6.071305
-0.301687 0.110010 0.947039 30.463207 0.059528 0.993556 -0.096450 -2.493892 -0.951547 0.027278 -0.306292 5.771673
-0.324193 0.115748 0.938883 31.250869 0.079719 0.992299 -0.094807 -2.593683 -0.942626 0.044111 -0.330923 5.466258
-0.346982 0.119964 0.930168 32.023787 0.097792 0.991007 -0.091331 -2.684508 -0.932760 0.059273 -0.355593 5.144197
-0.368447 0.125384 0.921155 32.852715 0.110355 0.989756 -0.090581 -2.782774 -0.923076 0.068280 -0.378509 4.775611
-0.391475 0.127957 0.911249 33.576812 0.116350 0.989220 -0.088921 -2.863320 -0.912803 0.071214 -0.402143 4.426004
-0.414031 0.129408 0.901017 34.292650 0.117175 0.989185 -0.088227 -2.942329 -0.902690 0.069048 -0.424716 4.057111
-0.435166 0.128858 0.891082 35.021638 0.113335 0.989673 -0.087767 -3.025899 -0.893189 0.062798 -0.445276 3.664004
-0.453664 0.132987 0.881194 35.738640 0.110413 0.989572 -0.092500 -3.114402 -0.884307 0.055331 -0.463616 3.252202
-0.467448 0.133992 0.873807 36.436958 0.111680 0.989478 -0.091985 -3.203630 -0.876938 0.054589 -0.477494 2.851461
-0.477940 0.138250 0.867445 37.154206 0.115870 0.988830 -0.093754 -3.293471 -0.870717 0.055702 -0.488620 2.429059
-0.487306 0.139609 0.861999 37.845579 0.119354 0.988522 -0.092627 -3.383596 -0.865036 0.057745 -0.498375 2.017556
-0.497172 0.135400 0.857022 38.518848 0.123644 0.988724 -0.084480 -3.465191 -0.858797 0.063965 -0.508307 1.616769
-0.508023 0.134099 0.850841 39.180998 0.123760 0.988921 -0.081967 -3.541334 -0.852406 0.063659 -0.518991 1.201330
-0.516600 0.135797 0.845390 39.847285 0.125358 0.988699 -0.082213 -3.617809 -0.847000 0.063505 -0.527785 0.772186
-0.523462 0.139095 0.840619 40.513870 0.128157 0.988214 -0.083713 -3.694686 -0.842356 0.063911 -0.535118 0.335447
-0.526221 0.140902 0.838593 41.171464 0.131238 0.987818 -0.083623 -3.770592 -0.840159 0.066051 -0.538302 -0.089590
-0.525604 0.142156 0.838768 41.848935 0.133983 0.987468 -0.083399 -3.844374 -0.840112 0.068546 -0.538064 -0.519800
-0.522479 0.143406 0.840506 42.549485 0.132657 0.987423 -0.086010 -3.922311 -0.842269 0.066560 -0.534932 -0.960615
-0.516658 0.141850 0.844360 43.274030 0.131629 0.987616 -0.085373 -4.004528 -0.846013 0.067034 -0.528931 -1.399245
-0.509725 0.140008 0.848869 44.017326 0.130289 0.987852 -0.084696 -4.087634 -0.850415 0.067426 -0.521774 -1.838834
-0.502487 0.139117 0.853319 44.776468 0.129766 0.987925 -0.084647 -4.170864 -0.854791 0.068197 -0.514472 -2.280537
-0.496029 0.136829 0.857458 45.551400 0.128878 0.988170 -0.083133 -4.254814 -0.858688 0.069271 -0.507795 -2.723030
-0.491499 0.132941 0.860671 46.344185 0.128073 0.988568 -0.079558 -4.337209 -0.861409 0.071126 -0.502907 -3.169721
-0.490020 0.129053 0.862105 47.146845 0.127175 0.988983 -0.075760 -4.416317 -0.862385 0.072514 -0.501033 -3.624129
-0.490433 0.125686 0.862368 47.958083 0.126027 0.989372 -0.072525 -4.494412 -0.862318 0.073113 -0.501060 -4.087347
-0.491233 0.124295 0.862114 48.787133 0.125509 0.989538 -0.071151 -4.572628 -0.861938 0.073251 -0.501693 -4.565362
-0.491701 0.123616 0.861945 49.626657 0.124677 0.989667 -0.070811 -4.652938 -0.861792 0.072647 -0.502033 -5.050878
-0.491749 0.123168 0.861982 50.484627 0.124223 0.989742 -0.070556 -4.736918 -0.861830 0.072383 -0.502005 -5.547325
-0.491920 0.122761 0.861942 51.348113 0.123049 0.989875 -0.070756 -4.820512 -0.861901 0.071255 -0.502045 -6.047458
-0.492027 0.122296 0.861947 52.219964 0.123041 0.989914 -0.070216 -4.904436 -0.861841 0.071507 -0.502112 -6.550722
-0.492283 0.120361 0.862074 53.097422 0.122226 0.990139 -0.068445 -4.988519 -0.861811 0.071673 -0.502140 -7.055665
-0.492225 0.119617 0.862210 53.972206 0.121554 0.990253 -0.067987 -5.073630 -0.861939 0.071340 -0.501968 -7.561060
-0.491561 0.118315 0.862769 54.847048 0.121304 0.990372 -0.066700 -5.159054 -0.862353 0.071870 -0.501180 -8.063079
-0.490320 0.117198 0.863627 55.723273 0.119587 0.990592 -0.066533 -5.244164 -0.863299 0.070656 -0.499722 -8.564251
-0.488569 0.116406 0.864725 56.597265 0.116767 0.990869 -0.067414 -5.331175 -0.864676 0.068035 -0.497701 -9.062551
-0.486359 0.115713 0.866063 57.474148 0.114806 0.991062 -0.067942 -5.418866 -0.866184 0.066385 -0.495297 -9.557313
-0.484020 0.115825 0.867357 58.352462 0.114207 0.991084 -0.068616 -5.507509 -0.867572 0.065847 -0.492933 -10.050389
-0.481865 0.116014 0.868531 59.229614 0.114299 0.991050 -0.068965 -5.595469 -0.868759 0.066040 -0.490813 -10.540387
-0.481086 0.115964 0.868970 60.096328 0.115061 0.990990 -0.068547 -5.682222 -0.869090 0.067007 -0.490095 -11.024921
-0.481691 0.116102 0.868616 60.962677 0.117128 0.990821 -0.067482 -5.770021 -0.868478 0.069234 -0.490868 -11.511215
-0.484186 0.116126 0.867225 61.808646 0.120262 0.990579 -0.065499 -5.853482 -0.866661 0.072580 -0.493590 -11.990965
-0.488442 0.115552 0.864912 62.649813 0.121865 0.990512 -0.063511 -5.933310 -0.864045 0.074380 -0.497889 -12.476172
-0.494230 0.115342 0.861645 63.500732 0.120108 0.990713 -0.063726 -6.011929 -0.860994 0.071995 -0.503494 -12.979220
-0.500112 0.114457 0.858363 64.353757 0.117449 0.991032 -0.063718 -6.091381 -0.857959 0.068948 -0.509071 -13.489363
-0.505497 0.111194 0.855633 65.195532 0.116769 0.991354 -0.059846 -6.171038 -0.854890 0.069660 -0.514111 -13.992566
-0.510252 0.113956 0.852442 66.014342 0.119943 0.990925 -0.060674 -6.247376 -0.851620 0.071285 -0.519290 -14.495911
-0.515100 0.114392 0.849462 66.841659 0.121933 0.990754 -0.059481 -6.326020 -0.848413 0.072939 -0.524286 -15.008381
-0.519637 0.114082 0.846736 67.642897 0.124376 0.990589 -0.057135 -6.398132 -0.845286 0.075625 -0.528936 -15.508118
-0.523263 0.113126 0.844629 68.435389 0.125579 0.990565 -0.054873 -6.467621 -0.842867 0.077354 -0.532532 -16.006290
-0.526648 0.113339 0.842494 69.204217 0.124457 0.990673 -0.055474 -6.528844 -0.840923 0.075639 -0.535842 -16.496851
-0.530033 0.109330 0.840899 70.011464 0.115935 0.991685 -0.055859 -6.595773 -0.840014 0.067882 -0.538301 -17.013392
-0.533165 0.103626 0.839641 70.821462 0.106278 0.992812 -0.055044 -6.667751 -0.839309 0.059888 -0.540346 -17.534003
-0.535047 0.103419 0.838469 71.634402 0.103927 0.992998 -0.056161 -6.745283 -0.838406 0.057091 -0.542048 -18.060291
-0.535668 0.105974 0.837752 72.413760 0.109344 0.992446 -0.055627 -6.818198 -0.837319 0.061806 -0.543209 -18.563999
-0.536234 0.111039 0.836734 73.183200 0.115902 0.991605 -0.057314 -6.887661 -0.836074 0.066246 -0.544602 -19.066045
-0.536691 0.115872 0.835785 73.950519 0.116772 0.991194 -0.062434 -6.959238 -0.835660 0.064089 -0.545496 -19.573782
-0.537075 0.117951 0.835247 74.715542 0.116189 0.991082 -0.065247 -7.035853 -0.835494 0.062004 -0.545990 -20.075539
-0.537279 0.114792 0.835556 75.490885 0.113029 0.991557 -0.063544 -7.108924 -0.835796 0.060302 -0.545718 -20.574488
-0.537315 0.110982 0.836048 76.279196 0.107724 0.992215 -0.062480 -7.183549 -0.836474 0.056491 -0.545087 -21.081405
-0.537312 0.105249 0.836791 77.080672 0.101554 0.993037 -0.059692 -7.261781 -0.837247 0.052906 -0.544259 -21.592624
-0.536319 0.097939 0.838313 77.859431 0.100141 0.993613 -0.052016 -7.330895 -0.838053 0.056052 -0.542701 -22.077943
-0.534753 0.091065 0.840087 78.659666 0.098295 0.994130 -0.045194 -7.393071 -0.839272 0.058408 -0.540566 -22.575366
-0.532851 0.093151 0.841066 79.450998 0.097004 0.994094 -0.048644 -7.457454 -0.840630 0.055667 -0.538741 -23.080121
-0.529939 0.096877 0.842484 80.231137 0.098356 0.993770 -0.052405 -7.524684 -0.842313 0.055092 -0.536166 -23.573223
-0.524652 0.100145 0.845406 80.995601 0.100446 0.993402 -0.055340 -7.590286 -0.845370 0.055883 -0.531249 -24.044805
-0.517275 0.104284 0.849442 81.776609 0.099385 0.993152 -0.061406 -7.662969 -0.850029 0.052658 -0.524097 -24.520243
-0.509434 0.110484 0.853388 82.574765 0.098309 0.992703 -0.069835 -7.746264 -0.854876 0.048319 -0.516578 -25.000817
-0.499942 0.108209 0.859272 83.376191 0.097533 0.992887 -0.068289 -7.826500 -0.860549 0.049667 -0.506940 -25.451418
-0.489337 0.105766 0.865657 84.192028 0.094813 0.993187 -0.067751 -7.906463 -0.866925 0.048922 -0.496032 -25.896453
-0.478582 0.104159 0.871843 85.001097 0.089873 0.993535 -0.069364 -7.988648 -0.873431 0.045159 -0.484849 -26.326442
-0.467904 0.103755 0.877668 85.823439 0.088593 0.993589 -0.070227 -8.071170 -0.879327 0.044896 -0.474097 -26.749524
-0.456331 0.103971 0.883715 86.651894 0.086168 0.993646 -0.072410 -8.154990 -0.885628 0.043105 -0.462391 -27.163024
-0.444449 0.105987 0.889512 87.483698 0.085274 0.993473 -0.075766 -8.247270 -0.891736 0.042179 -0.450586 -27.568117
-0.432223 0.108096 0.895265 88.318575 0.088636 0.993075 -0.077113 -8.342761 -0.897400 0.046023 -0.438811 -27.958187
-0.419743 0.114763 0.900358 89.150645 0.096216 0.992011 -0.081590 -8.435299 -0.902529 0.052382 -0.427432 -28.338887
-0.406793 0.116711 0.906034 89.992647 0.099717 0.991552 -0.082956 -8.526768 -0.908062 0.056601 -0.414994 -28.705141
-0.395588 0.114554 0.911256 90.841980 0.095294 0.991955 -0.083330 -8.620259 -0.913471 0.053873 -0.403322 -29.060921
-0.384491 0.112387 0.916262 91.689295 0.090385 0.992375 -0.083795 -8.718258 -0.918693 0.050598 -0.391718 -29.403261
-0.374534 0.110984 0.920547 92.548671 0.090934 0.992421 -0.082652 -8.819773 -0.922743 0.052753 -0.381788 -29.740803
-0.366958 0.110068 0.923703 93.402856 0.096211 0.992141 -0.080002 -8.914196 -0.925248 0.059513 -0.374664 -30.069167
-0.360843 0.108267 0.926321 94.238755 0.102698 0.991811 -0.075916 -9.001939 -0.926955 0.067738 -0.369007 -30.384713
-0.357034 0.106781 0.927968 95.088445 0.105631 0.991687 -0.073472 -9.082254 -0.928099 0.071790 -0.365346 -30.705731
-0.353260 0.105859 0.929517 95.938045 0.105564 0.991742 -0.072827 -9.163967 -0.929550 0.072397 -0.361518 -31.024860
-0.348222 0.105322 0.931477 96.769369 0.105686 0.991744 -0.072627 -9.243846 -0.931435 0.073154 -0.356479 -31.331366
-0.342916 0.101834 0.933830 97.616562 0.101367 0.992313 -0.070988 -9.322376 -0.933881 0.070317 -0.350603 -31.634486
-0.337927 0.100258 0.935817 98.463676 0.097121 0.992717 -0.071283 -9.402835 -0.936148 0.066799 -0.345203 -31.935178
-0.332508 0.097541 0.938043 99.319842 0.094010 0.993111 -0.069944 -9.485694 -0.938403 0.064929 -0.339388 -32.230267
-0.326598 0.090495 0.940821 100.172061 0.094212 0.993565 -0.062863 -9.562342 -0.940456 0.068106 -0.333022 -32.507427
-0.319969 0.084945 0.943612 101.009388 0.095871 0.993763 -0.056950 -9.632089 -0.942565 0.072243 -0.326117 -32.774077
-0.312916 0.087692 0.945724 101.841621 0.099501 0.993276 -0.059179 -9.699405 -0.944555 0.075583 -0.319537 -33.045099
-0.305807 0.090277 0.947804 102.676676 0.101985 0.992873 -0.061665 -9.765866 -0.946616 0.077804 -0.312834 -33.310918
-0.299399 0.088778 0.949989 103.528540 0.099787 0.993115 -0.061359 -9.832840 -0.948896 0.076425 -0.306196 -33.572306
-0.292710 0.086828 0.952251 104.397144 0.094355 0.993631 -0.061598 -9.904511 -0.951535 0.071819 -0.299038 -33.832751
-0.285782 0.084905 0.954526 105.263820 0.091337 0.993946 -0.061065 -9.977402 -0.953932 0.069732 -0.291807 -34.083907
-0.278984 0.084461 0.956574 106.137572 0.094485 0.993706 -0.060183 -10.050525 -0.955636 0.073592 -0.285209 -34.330167
-0.272191 0.086067 0.958386 107.011038 0.096753 0.993392 -0.061732 -10.122152 -0.957366 0.075924 -0.278720 -34.572811
-0.264913 0.084297 0.960581 107.906703 0.097309 0.993423 -0.060342 -10.191886 -0.959350 0.077488 -0.271374 -34.809469
-0.257802 0.084284 0.962514 108.790740 0.096310 0.993468 -0.061198 -10.262462 -0.961386 0.076922 -0.264236 -35.040206
-0.250146 0.087783 0.964221 109.672949 0.094493 0.993341 -0.065920 -10.336980 -0.963586 0.074622 -0.256775 -35.267722
-0.242700 0.090704 0.965852 110.556648 0.094483 0.993096 -0.069521 -10.416043 -0.965489 0.074384 -0.249594 -35.487458
-0.236084 0.092221 0.967347 111.440701 0.094194 0.992970 -0.071676 -10.496920 -0.967157 0.074197 -0.243111 -35.699781
-0.229358 0.086567 0.969485 112.307780 0.093870 0.993362 -0.066491 -10.571310 -0.968805 0.075756 -0.235962 -35.889675
-0.223579 0.082936 0.971151 113.167709 0.092374 0.993692 -0.063595 -10.643960 -0.970299 0.075491 -0.229829 -36.077356
-0.219334 0.085543 0.971892 114.033893 0.091497 0.993562 -0.066802 -10.718670 -0.971350 0.074274 -0.225749 -36.272825
-0.214829 0.087578 0.972717 114.887078 0.091150 0.993422 -0.069311 -10.795298 -0.972389 0.073773 -0.221399 -36.460388
-0.210006 0.089074 0.973634 115.733170 0.091861 0.993234 -0.071053 -10.872128 -0.973375 0.074518 -0.216768 -36.641085
-0.204554 0.094850 0.974249 116.574883 0.089192 0.992960 -0.077945 -10.951849 -0.974783 0.070951 -0.211574 -36.823676
-0.199668 0.101692 0.974572 117.419106 0.085937 0.992585 -0.085965 -11.040421 -0.976088 0.066588 -0.206927 -37.004258
-0.195446 0.103372 0.975251 118.258852 0.084453 0.992510 -0.088277 -11.132621 -0.977071 0.065110 -0.202712 -37.172453
-0.191204 0.102062 0.976230 119.097921 0.086115 0.992489 -0.086895 -11.222816 -0.977765 0.067453 -0.198557 -37.331607
-0.188011 0.099863 0.977077 119.981455 0.088083 0.992523 -0.084493 -11.313512 -0.978209 0.070178 -0.195402 -37.496911
-0.186185 0.097469 0.977668 120.826637 0.087795 0.992737 -0.082252 -11.399520 -0.978584 0.070521 -0.193390 -37.655187
-0.185344 0.096783 0.977896 121.681226 0.086628 0.992873 -0.081847 -11.483501 -0.978848 0.069543 -0.192407 -37.817444
-0.184753 0.097368 0.977950 122.540553 0.081655 0.993161 -0.083456 -11.570002 -0.979387 0.064436 -0.191440 -37.982668
-0.184271 0.095294 0.978245 123.399175 0.076382 0.993667 -0.082408 -11.660266 -0.979903 0.059535 -0.190383 -38.143672
-0.183763 0.095466 0.978324 124.260848 0.074082 0.993787 -0.083060 -11.753174 -0.980175 0.057213 -0.189694 -38.306991
-0.181966 0.094694 0.978734 125.082982 0.078546 0.993571 -0.081526 -11.839977 -0.980163 0.062040 -0.188234 -38.457607
-0.181865 0.094987 0.978725 125.921322 0.082260 0.993304 -0.081117 -11.923715 -0.979877 0.065758 -0.188461 -38.614084
-0.182005 0.092137 0.978971 126.783690 0.081765 0.993570 -0.078310 -12.008453 -0.979892 0.065793 -0.188369 -38.771101
-0.181480 0.090076 0.979260 127.650884 0.081042 0.993779 -0.076393 -12.094326 -0.980050 0.065498 -0.187651 -38.929772
-0.181127 0.094165 0.978941 128.510807 0.080982 0.993453 -0.080577 -12.179705 -0.980120 0.064682 -0.187567 -39.095554
-0.180350 0.092496 0.979244 129.360419 0.083648 0.993404 -0.078427 -12.261775 -0.980039 0.067767 -0.186897 -39.249050
-0.180183 0.084963 0.979957 130.187674 0.085939 0.993813 -0.070363 -12.340023 -0.979872 0.071538 -0.186370 -39.391104
-0.179195 0.079617 0.980587 131.029423 0.088414 0.993990 -0.064548 -12.412294 -0.979833 0.075131 -0.185157 -39.537759
-0.178777 0.083108 0.980373 131.867369 0.091594 0.993505 -0.067519 -12.485147 -0.979617 0.077725 -0.185228 -39.695932
-0.178367 0.084585 0.980321 132.703512 0.092264 0.993347 -0.068922 -12.560115 -0.979629 0.078155 -0.184985 -39.850822
-0.176552 0.084367 0.980669 133.541804 0.093377 0.993262 -0.068640 -12.634576 -0.979852 0.079453 -0.183241 -40.001367
-0.175125 0.092298 0.980210 134.374914 0.091273 0.992831 -0.077179 -12.711189 -0.980306 0.075951 -0.182294 -40.161500
-0.172491 0.095402 0.980380 135.262321 0.086564 0.992916 -0.081392 -12.798453 -0.981200 0.070826 -0.179527 -40.322163
-0.171431 0.098041 0.980306 136.131241 0.080871 0.993079 -0.085176 -12.890783 -0.981871 0.064677 -0.178174 -40.480563
-0.167973 0.099500 0.980757 136.994115 0.079741 0.993004 -0.087085 -12.986609 -0.982561 0.063579 -0.174732 -40.629905
-0.162878 0.100810 0.981483 137.832090 0.084467 0.992539 -0.087928 -13.081781 -0.983024 0.068581 -0.170178 -40.766701
-0.156344 0.103030 0.982314 138.650059 0.086959 0.992118 -0.090218 -13.171167 -0.983867 0.071316 -0.164072 -40.894505
-0.148134 0.103534 0.983533 139.458975 0.086657 0.992039 -0.091377 -13.257186 -0.985163 0.071694 -0.155927 -41.011344
-0.139079 0.104840 0.984716 140.281242 0.080863 0.992262 -0.094223 -13.352313 -0.986974 0.066523 -0.146480 -41.122243
-0.127687 0.108898 0.985818 141.098628 0.078005 0.991978 -0.099475 -13.451312 -0.988742 0.064197 -0.135157 -41.224572
-0.114035 0.113771 0.986941 141.910640 0.078769 0.991329 -0.105176 -13.553300 -0.990349 0.065747 -0.122008 -41.313233
-0.100187 0.113970 0.988420 142.716286 0.077985 0.991261 -0.106393 -13.655851 -0.991908 0.066423 -0.108199 -41.383295
-0.086742 0.116261 0.989424 143.531798 0.076093 0.991039 -0.109780 -13.762971 -0.993321 0.065766 -0.094811 -41.445674
-0.075349 0.116435 0.990336 144.384446 0.076167 0.990930 -0.110710 -13.879037 -0.994244 0.067089 -0.083535 -41.501108
-0.061380 0.114623 0.991511 145.179488 0.081088 0.990673 -0.109507 -13.989388 -0.994815 0.073678 -0.070102 -41.535274
-0.047529 0.109050 0.992899 145.954954 0.088789 0.990549 -0.104541 -14.088429 -0.994916 0.083189 -0.056763 -41.553264
-0.032510 0.106539 0.993777 146.733658 0.095044 0.990126 -0.103038 -14.182193 -0.994942 0.091103 -0.042315 -41.562348
-0.019275 0.106977 0.994075 147.502391 0.094022 0.990047 -0.104721 -14.272555 -0.995384 0.091447 -0.029141 -41.567745
-0.007740 0.103868 0.994561 148.280766 0.088672 0.990744 -0.102780 -14.367414 -0.996031 0.087394 -0.016879 -41.559507
0.002790 0.100704 0.994912 149.059583 0.084879 0.991302 -0.100577 -14.466285 -0.996387 0.084727 -0.005782 -41.543090
0.012604 0.097671 0.995139 149.797933 0.090476 0.991024 -0.098413 -14.558693 -0.995819 0.091276 0.003654 -41.523038
0.020103 0.094784 0.995295 150.531095 0.097815 0.990534 -0.096306 -14.639961 -0.995002 0.099291 0.010642 -41.500852
0.023724 0.092344 0.995444 151.286244 0.100166 0.990494 -0.094272 -14.716405 -0.994688 0.101946 0.014249 -41.478847
0.023135 0.090748 0.995605 152.032749 0.095083 0.991157 -0.092552 -14.797384 -0.995200 0.096806 0.014302 -41.461015
0.020804 0.089134 0.995802 152.785595 0.091142 0.991701 -0.090671 -14.880624 -0.995621 0.092646 0.012508 -41.447164
0.017578 0.090914 0.995703 153.521482 0.088311 0.991824 -0.092119 -14.960263 -0.995938 0.089551 0.009406 -41.441737
0.014530 0.092666 0.995591 154.249778 0.088453 0.991673 -0.093593 -15.041422 -0.995974 0.089423 0.006212 -41.439568
0.010328 0.093177 0.995596 155.023952 0.088501 0.991657 -0.093726 -15.129117 -0.996023 0.089080 0.001996 -41.440068
0.005359 0.091449 0.995795 155.760518 0.087418 0.991954 -0.091566 -15.209582 -0.996157 0.087542 -0.002678 -41.441716
0.000009 0.091015 0.995849 156.499149 0.088066 0.991980 -0.090663 -15.285803 -0.996115 0.087701 -0.008007 -41.450242
-0.005964 0.089572 0.995962 157.239705 0.086522 0.992291 -0.088724 -15.363354 -0.996232 0.085644 -0.013668 -41.461799
-0.012166 0.091213 0.995757 157.990155 0.084562 0.992357 -0.089868 -15.443755 -0.996344 0.083110 -0.019786 -41.482733
-0.017548 0.090262 0.995763 158.748026 0.084864 0.992457 -0.088466 -15.522978 -0.996238 0.082952 -0.025076 -41.503417
-0.022570 0.088769 0.995796 159.495003 0.086273 0.992507 -0.086521 -15.603163 -0.996016 0.083957 -0.030060 -41.526632
-0.026482 0.088205 0.995750 160.219956 0.088755 0.992373 -0.085546 -15.681326 -0.995701 0.086113 -0.034109 -41.552288
-0.028954 0.087818 0.995715 160.940447 0.091072 0.992222 -0.084862 -15.755969 -0.995423 0.088225 -0.036727 -41.578007
-0.030793 0.090712 0.995401 161.657137 0.092488 0.991859 -0.087529 -15.827903 -0.995238 0.089367 -0.038932 -41.608341
-0.030582 0.094062 0.995096 162.363497 0.090817 0.991706 -0.090950 -15.901513 -0.995398 0.087590 -0.038871 -41.636763
-0.027142 0.096809 0.994933 163.059428 0.086659 0.991780 -0.094139 -15.981323 -0.995868 0.083665 -0.035308 -41.658479
-0.019897 0.098382 0.994950 163.740314 0.085780 0.991645 -0.096340 -16.063065 -0.996116 0.083430 -0.028170 -41.669825
-0.008793 0.101432 0.994803 164.417427 0.085625 0.991264 -0.100315 -16.143773 -0.996289 0.084298 -0.017402 -41.671419
0.005174 0.104709 0.994489 165.074792 0.084544 0.990896 -0.104771 -16.223533 -0.996406 0.084621 -0.003726 -41.660025
0.020060 0.104280 0.994345 165.736366 0.080627 0.991138 -0.105570 -16.303190 -0.996543 0.082288 0.011474 -41.630802
0.035572 0.100128 0.994338 166.399328 0.074121 0.991963 -0.102540 -16.384247 -0.996615 0.077349 0.027865 -41.584121
0.051578 0.099294 0.993720 167.052360 0.065927 0.992536 -0.102598 -16.462489 -0.996491 0.070805 0.044646 -41.530844
0.067112 0.099381 0.992783 167.746895 0.056894 0.993027 -0.103252 -16.546134 -0.996122 0.063413 0.060990 -41.465232
0.083576 0.099684 0.991503 168.406076 0.047772 0.993439 -0.103905 -16.627877 -0.995356 0.056050 0.078266 -41.388873
0.100204 0.098820 0.990047 169.054836 0.039991 0.993851 -0.103247 -16.711584 -0.994163 0.049939 0.095636 -41.300587
0.118084 0.098523 0.988104 169.696611 0.035970 0.993988 -0.103408 -16.795060 -0.992352 0.047753 0.113830 -41.201455
0.135838 0.100274 0.985643 170.340586 0.033197 0.993845 -0.105684 -16.876508 -0.990175 0.047076 0.131674 -41.093767
0.153131 0.099203 0.983214 170.982231 0.030589 0.993996 -0.105055 -16.957296 -0.987732 0.046163 0.149178 -40.970619
0.168991 0.094910 0.981037 171.620835 0.026834 0.994541 -0.100839 -17.036552 -0.985252 0.043366 0.165522 -40.833056
0.183141 0.093648 0.978616 172.255025 0.021368 0.994838 -0.099200 -17.115144 -0.982854 0.039078 0.180194 -40.691874
0.194960 0.097676 0.975935 172.885239 0.016956 0.994544 -0.102926 -17.194166 -0.980665 0.036615 0.192240 -40.555075
0.205823 0.100037 0.973462 173.512770 0.015120 0.994317 -0.105377 -17.276438 -0.978472 0.036408 0.203141 -40.411466
0.215884 0.095316 0.971755 174.136760 0.016891 0.994710 -0.101320 -17.360470 -0.976273 0.038287 0.213132 -40.252284
0.225675 0.090116 0.970025 174.732098 0.022186 0.994978 -0.097596 -17.437743 -0.973950 0.043546 0.222542 -40.094862
0.235810 0.088392 0.967771 175.311749 0.031100 0.994658 -0.098425 -17.509236 -0.971301 0.053307 0.231801 -39.943236
0.244453 0.092285 0.965259 175.887834 0.037759 0.993800 -0.104576 -17.574123 -0.968926 0.062011 0.239453 -39.796360
0.250758 0.093355 0.963538 176.463602 0.035238 0.993799 -0.105458 -17.638474 -0.967408 0.060398 0.245913 -39.638975
0.255954 0.092877 0.962216 177.035532 0.026369 0.994332 -0.102991 -17.704707 -0.966329 0.051733 0.252055 -39.473619
0.259028 0.091309 0.961544 177.631553 0.014153 0.995056 -0.098304 -17.775880 -0.965766 0.039072 0.256455 -39.298579
0.260263 0.093354 0.961014 178.239093 0.005619 0.995151 -0.098192 -17.854641 -0.965521 0.030956 0.258477 -39.128894
0.261285 0.096654 0.960410 178.843753 0.005801 0.994799 -0.101693 -17.932156 -0.965244 0.032142 0.259366 -38.966396
0.262787 0.099053 0.959755 179.434947 0.008871 0.994426 -0.105060 -18.006148 -0.964813 0.036123 0.260444 -38.806114
0.264451 0.102105 0.958978 180.013757 0.009037 0.994073 -0.108334 -18.077905 -0.964357 0.037316 0.261961 -38.647141
0.265825 0.101124 0.958702 180.603585 0.005842 0.994295 -0.106498 -18.150096 -0.964003 0.033911 0.263718 -38.476250
0.268181 0.101736 0.957981 181.201237 0.001745 0.994355 -0.106088 -18.225120 -0.963367 0.030122 0.266490 -38.302122
0.270828 0.103488 0.957048 181.807981 -0.003738 0.994310 -0.106459 -18.304457 -0.962620 0.025254 0.269674 -38.123494
0.275049 0.105488 0.955625 182.422193 -0.006819 0.994151 -0.107778 -18.383487 -0.961406 0.023128 0.274160 -37.940046
0.281066 0.108063 0.953585 183.036716 -0.009501 0.993904 -0.109832 -18.464895 -0.959641 0.021810 0.280379 -37.751264
0.288551 0.110464 0.951070 183.654738 -0.013344 0.993690 -0.111366 -18.548929 -0.957371 0.019444 0.288205 -37.552509
0.298041 0.113095 0.947829 184.268697 -0.015661 0.993402 -0.113609 -18.636517 -0.954424 0.019016 0.297846 -37.346852
0.309051 0.111267 0.944514 184.866275 -0.015513 0.993590 -0.111973 -18.722985 -0.950919 0.019953 0.308796 -37.131550
0.320631 0.108803 0.940934 185.459318 -0.013393 0.993802 -0.110352 -18.805362 -0.947109 0.022780 0.320101 -36.909519
0.332420 0.106980 0.937044 186.049946 -0.012167 0.993949 -0.109160 -18.883866 -0.943053 0.024886 0.331711 -36.680645
0.344117 0.108102 0.932683 186.642513 -0.013023 0.993804 -0.110381 -18.962252 -0.938836 0.025837 0.343393 -36.446153
0.354876 0.109807 0.928442 187.252297 -0.017484 0.993684 -0.110841 -19.044280 -0.934750 0.023102 0.354555 -36.196431
0.365947 0.109590 0.924160 187.861889 -0.020809 0.993757 -0.109603 -19.128227 -0.930403 0.020878 0.365943 -35.935312
0.377088 0.108107 0.919846 188.471187 -0.023353 0.993958 -0.107244 -19.208323 -0.925883 0.018959 0.377335 -35.664590
0.386277 0.105716 0.916304 189.084683 -0.027583 0.994290 -0.103085 -19.287274 -0.921970 0.014545 0.386988 -35.382312
0.393357 0.102411 0.913664 189.701520 -0.028788 0.994661 -0.099096 -19.364290 -0.918935 0.012677 0.394205 -35.097022
0.397451 0.103665 0.911749 190.334530 -0.032282 0.994563 -0.099009 -19.442233 -0.917055 0.009918 0.398636 -34.810412
0.399612 0.107393 0.910371 190.984039 -0.035606 0.994182 -0.101651 -19.526119 -0.915992 0.008206 0.401111 -34.522135
0.400140 0.110130 0.909812 191.630798 -0.032970 0.993840 -0.105801 -19.612845 -0.915861 0.012339 0.401306 -34.238787
0.399178 0.110979 0.910132 192.280523 -0.031687 0.993724 -0.107274 -19.700995 -0.916326 0.013982 0.400190 -33.952720
0.398764 0.112862 0.910082 192.935790 -0.028657 0.993447 -0.110644 -19.787453 -0.916606 0.018041 0.399385 -33.666596
0.398245 0.115854 0.909933 193.602150 -0.029280 0.993092 -0.113627 -19.875963 -0.916811 0.018609 0.398886 -33.375731
0.396952 0.120741 0.909863 194.278076 -0.034101 0.992565 -0.116838 -19.972300 -0.917205 0.015352 0.398118 -33.082574
0.395357 0.122080 0.910378 194.957207 -0.036804 0.992438 -0.117100 -20.071696 -0.917790 0.012791 0.396861 -32.785235
0.393743 0.123501 0.910886 195.668825 -0.038791 0.992283 -0.117769 -20.176173 -0.918402 0.011037 0.395495 -32.475225
0.392277 0.123119 0.911570 196.358832 -0.039109 0.992338 -0.117198 -20.275046 -0.919015 0.010323 0.394087 -32.174096
0.390365 0.122363 0.912492 197.063650 -0.039982 0.992446 -0.115980 -20.377818 -0.919791 0.008791 0.392309 -31.867195
0.388908 0.121576 0.913219 197.769978 -0.038888 0.992537 -0.115575 -20.484965 -0.920455 0.009434 0.390733 -31.561282
0.388804 0.121550 0.913267 198.529730 -0.034605 0.992486 -0.117361 -20.595229 -0.920670 0.014027 0.390089 -31.235858
0.388829 0.119007 0.913591 199.225584 -0.028372 0.992699 -0.117236 -20.694663 -0.920873 0.019665 0.389367 -30.936213
0.387944 0.116081 0.914343 199.918175 -0.026141 0.993024 -0.114979 -20.790499 -0.921312 0.020704 0.388272 -30.636084
0.385983 0.116447 0.915127 200.611418 -0.029391 0.993050 -0.113966 -20.888009 -0.922037 0.017092 0.386723 -30.338478
0.384263 0.116465 0.915848 201.313855 -0.033228 0.993113 -0.112349 -20.988205 -0.922625 0.012740 0.385487 -30.036878
0.381679 0.112820 0.917383 202.011801 -0.033533 0.993559 -0.108236 -21.085804 -0.923686 0.010549 0.383004 -29.736986
0.376836 0.110585 0.919654 202.713132 -0.034026 0.993830 -0.105562 -21.179176 -0.925654 0.008488 0.378274 -29.445338
0.370060 0.111548 0.922286 203.414339 -0.034743 0.993732 -0.106249 -21.272988 -0.928358 0.007275 0.371616 -29.167650
0.361308 0.112504 0.925634 204.105773 -0.033937 0.993623 -0.107521 -21.371639 -0.931829 0.007435 0.362822 -28.904810
0.351950 0.114142 0.929033 204.784979 -0.030815 0.993412 -0.110378 -21.467372 -0.935511 0.010220 0.353149 -28.657967
0.341777 0.111924 0.933092 205.448464 -0.026069 0.993629 -0.109637 -21.555456 -0.939419 0.013147 0.342518 -28.421325
0.330166 0.109789 0.937516 206.112317 -0.025814 0.993891 -0.107300 -21.638815 -0.943569 0.011225 0.330984 -28.192296
0.318783 0.116920 0.940588 206.805147 -0.031176 0.993119 -0.112884 -21.731243 -0.947314 0.006661 0.320235 -27.971905
0.309219 0.123006 0.943002 207.510840 -0.037577 0.992405 -0.117129 -21.832317 -0.950248 0.000783 0.311493 -27.749774
0.301623 0.125295 0.945158 208.222782 -0.041935 0.992111 -0.118137 -21.932782 -0.952504 -0.004003 0.304498 -27.525418
0.296970 0.121145 0.947170 208.925883 -0.043988 0.992602 -0.113163 -22.028907 -0.953873 -0.008058 0.300102 -27.295541
0.294296 0.122196 0.947870 209.617221 -0.045258 0.992461 -0.113892 -22.126952 -0.954642 -0.009381 0.297608 -27.078086
0.292701 0.123211 0.948232 210.313206 -0.046037 0.992329 -0.114730 -22.226141 -0.955095 -0.010073 0.296128 -26.858661
0.292119 0.122238 0.948538 211.003910 -0.043782 0.992467 -0.114416 -22.321919 -0.955379 -0.008106 0.295271 -26.638893
0.291705 0.118878 0.949092 211.696207 -0.042703 0.992876 -0.111238 -22.415598 -0.955554 -0.008080 0.294703 -26.414105
0.292206 0.118483 0.948987 212.394530 -0.043832 0.992912 -0.110471 -22.509176 -0.955350 -0.009316 0.295329 -26.189506
0.293552 0.118270 0.948598 213.096165 -0.045554 0.992920 -0.109699 -22.602863 -0.954857 -0.011011 0.296861 -25.962152
0.295310 0.119626 0.947882 213.829826 -0.047418 0.992743 -0.110515 -22.702981 -0.954224 -0.012310 0.298840 -25.725207
0.297198 0.122605 0.946911 214.533884 -0.047704 0.992389 -0.113521 -22.801467 -0.953623 -0.011433 0.300785 -25.498860
0.299934 0.123671 0.945909 215.241740 -0.049318 0.992245 -0.114091 -22.899430 -0.952684 -0.012431 0.303708 -25.263752
0.303993 0.122419 0.944776 215.952335 -0.051726 0.992367 -0.111942 -22.995822 -0.951269 -0.014840 0.308005 -25.018980
0.308671 0.121898 0.943325 216.702714 -0.056984 0.992342 -0.109586 -23.100053 -0.949460 -0.019928 0.313254 -24.755609
0.313175 0.122120 0.941811 217.437268 -0.061800 0.992217 -0.108105 -23.197904 -0.947682 -0.024348 0.318284 -24.494566
0.317205 0.121003 0.940605 218.166698 -0.062694 0.992333 -0.106515 -23.297721 -0.946282 -0.025183 0.322359 -24.230993
0.321751 0.115256 0.939782 218.915842 -0.060165 0.993046 -0.101190 -23.392949 -0.944910 -0.023984 0.326449 -23.950355
0.326533 0.109092 0.938869 219.648002 -0.056177 0.993801 -0.095937 -23.478314 -0.943515 -0.021416 0.330637 -23.673377
0.331163 0.105063 0.937706 220.380017 -0.055237 0.994236 -0.091889 -23.564131 -0.941955 -0.021366 0.335058 -23.394098
0.335273 0.103472 0.936421 221.106314 -0.056696 0.994365 -0.089575 -23.650910 -0.940413 -0.023059 0.339251 -23.116415
0.339286 0.100972 0.935248 221.842090 -0.055282 0.994644 -0.087329 -23.736592 -0.939057 -0.022073 0.343051 -22.832124
0.343558 0.099579 0.933837 222.568180 -0.053027 0.994833 -0.086575 -23.818993 -0.937633 -0.019775 0.347063 -22.550404
0.348035 0.099296 0.932208 223.289715 -0.053339 0.994861 -0.086055 -23.899837 -0.935963 -0.019773 0.351543 -22.267020
0.352486 0.100058 0.930452 224.019589 -0.055346 0.994756 -0.086006 -23.984242 -0.934179 -0.021181 0.356176 -21.977240
0.357181 0.102534 0.928390 224.739498 -0.054843 0.994544 -0.088741 -24.068562 -0.932423 -0.019219 0.360856 -21.690476
0.361559 0.104716 0.926450 225.468171 -0.054018 0.994356 -0.091310 -24.156413 -0.930783 -0.017031 0.365175 -21.395628
0.365711 0.102871 0.925026 226.187635 -0.052671 0.994568 -0.089781 -24.240102 -0.929237 -0.015888 0.369142 -21.095609
0.369655 0.099474 0.923829 226.898886 -0.055413 0.994843 -0.084948 -24.318627 -0.927515 -0.019791 0.373261 -20.789915
0.373778 0.097937 0.922333 227.601492 -0.057698 0.994939 -0.082265 -24.404880 -0.925722 -0.022468 0.377537 -20.486329
0.378315 0.098873 0.920381 228.314628 -0.054236 0.994939 -0.084590 -24.490375 -0.924086 -0.017916 0.381763 -20.182762
0.382942 0.096476 0.918721 229.011993 -0.047276 0.995275 -0.084809 -24.570267 -0.922562 -0.010957 0.385693 -19.878814
0.386632 0.089028 0.917926 229.704491 -0.043208 0.995985 -0.078400 -24.637171 -0.921221 -0.009350 0.388927 -19.566817
0.389219 0.086794 0.917047 230.382203 -0.047609 0.996116 -0.074071 -24.703629 -0.919914 -0.014830 0.391839 -19.261566
0.392351 0.091696 0.915233 231.120213 -0.058835 0.995483 -0.074514 -24.771625 -0.917932 -0.024613 0.395974 -18.931686
0.393388 0.099587 0.913963 231.853041 -0.070469 0.994458 -0.078027 -24.843992 -0.916667 -0.033711 0.398226 -18.611129
0.394265 0.101825 0.913338 232.603086 -0.079643 0.993889 -0.076425 -24.924421 -0.915539 -0.042609 0.399966 -18.271850
0.396165 0.101614 0.912539 233.351418 -0.082367 0.993783 -0.074903 -25.007468 -0.914477 -0.045489 0.402072 -17.930566
0.399440 0.099819 0.911309 234.085918 -0.077781 0.994160 -0.074801 -25.087334 -0.913454 -0.041004 0.404872 -17.594335
0.404087 0.098025 0.909453 234.800204 -0.071725 0.994576 -0.075331 -25.162504 -0.911904 -0.034790 0.408927 -17.262738
0.408870 0.095928 0.907537 235.504442 -0.067470 0.994916 -0.074767 -25.235552 -0.910095 -0.030661 0.413264 -16.930077
0.413427 0.096422 0.905417 236.192926 -0.065114 0.994962 -0.076226 -25.308735 -0.908206 -0.027442 0.417623 -16.603491
0.417789 0.095792 0.903480 236.874225 -0.062964 0.995088 -0.076389 -25.378765 -0.906359 -0.024973 0.421769 -16.275424
0.421573 0.097007 0.901591 237.562353 -0.064407 0.994953 -0.076937 -25.447522 -0.904504 -0.025634 0.425693 -15.941232
0.424262 0.100329 0.899964 238.274732 -0.069691 0.994513 -0.078016 -25.520640 -0.902853 -0.029620 0.428927 -15.593703
0.426682 0.104290 0.898368 238.977409 -0.075381 0.993974 -0.079586 -25.595018 -0.901255 -0.033761 0.431972 -15.248289
0.428116 0.106924 0.897376 239.696375 -0.081200 0.993511 -0.079641 -25.671651 -0.900068 -0.038771 0.434020 -14.890892
0.429612 0.110536 0.896223 240.409570 -0.086473 0.992955 -0.081015 -25.750441 -0.898864 -0.042695 0.436144 -14.537042
0.430387 0.114861 0.895307 241.142573 -0.093563 0.992205 -0.082315 -25.833795 -0.897782 -0.048340 0.437779 -14.171145
0.431819 0.114801 0.894625 241.878042 -0.094847 0.992147 -0.081535 -25.924159 -0.896959 -0.049644 0.439316 -13.799251
0.434118 0.103053 0.894942 242.578698 -0.086855 0.993595 -0.072281 -26.006308 -0.896659 -0.046352 0.440289 -13.431298
0.436661 0.095152 0.894580 243.270883 -0.072824 0.994866 -0.070272 -26.075760 -0.896674 -0.034462 0.441348 -13.080526
0.438479 0.091607 0.894060 243.953592 -0.064650 0.995430 -0.070286 -26.135248 -0.896413 -0.026982 0.442398 -12.737348
0.438087 0.093127 0.894095 244.653729 -0.067426 0.995222 -0.070623 -26.200140 -0.896400 -0.029346 0.442273 -12.385549
0.437941 0.095847 0.893880 245.361852 -0.074099 0.994766 -0.070360 -26.272799 -0.895945 -0.035422 0.442751 -12.026589
