0.999989 -0.002559 -0.003924 -0.004736 0.002544 0.999990 -0.003705 -0.000957 0.003934 0.003695 0.999985 0.641247
0.999957 -0.004188 -0.008295 -0.018455 0.004166 0.999988 -0.002671 -0.001846 0.008306 0.002637 0.999962 1.290604
0.999904 -0.005765 -0.012608 -0.032696 0.005712 0.999975 -0.004261 -0.004688 0.012632 0.004189 0.999911 1.964341
0.999820 -0.006193 -0.017945 -0.053392 0.006122 0.999973 -0.004059 -0.006995 0.017970 0.003948 0.999831 2.655154
0.999716 -0.006627 -0.022892 -0.074726 0.006490 0.999961 -0.006035 -0.010576 0.022931 0.005885 0.999720 3.333461
0.999559 -0.008007 -0.028588 -0.103217 0.007866 0.999956 -0.005060 -0.013420 0.028628 0.004833 0.999578 3.987705
0.999371 -0.008688 -0.034372 -0.138835 0.008618 0.999960 -0.002188 -0.012266 0.034389 0.001890 0.999407 4.677233
0.999201 -0.007273 -0.039294 -0.175653 0.007200 0.999972 -0.001981 -0.011975 0.039308 0.001697 0.999226 5.403818
0.999030 -0.005116 -0.043736 -0.215570 0.004998 0.999984 -0.002807 -0.014012 0.043750 0.002585 0.999039 6.158323
0.998896 -0.002947 -0.046882 -0.259158 0.002784 0.999990 -0.003553 -0.022308 0.046892 0.003418 0.998894 6.950687
0.998772 -0.003650 -0.049418 -0.306649 0.003532 0.999991 -0.002473 -0.030136 0.049427 0.002296 0.998775 7.754245
0.998691 -0.003947 -0.050987 -0.352235 0.003804 0.999988 -0.002905 -0.038053 0.050998 0.002707 0.998695 8.560381
0.998602 -0.005088 -0.052622 -0.399358 0.004757 0.999968 -0.006420 -0.045442 0.052653 0.006160 0.998594 9.409102
0.998525 -0.004274 -0.054133 -0.451440 0.003902 0.999968 -0.006974 -0.052278 0.054161 0.006752 0.998509 10.265534
0.998471 -0.005037 -0.055049 -0.501094 0.004490 0.999939 -0.010052 -0.058146 0.055096 0.009789 0.998433 11.121165
0.998387 -0.007523 -0.056273 -0.556523 0.007041 0.999937 -0.008746 -0.062932 0.056335 0.008335 0.998377 11.967915
0.998318 -0.010533 -0.057011 -0.610901 0.010056 0.999912 -0.008647 -0.066675 0.057097 0.008059 0.998336 12.805273
0.998206 -0.012322 -0.058597 -0.670979 0.012054 0.999915 -0.004941 -0.064157 0.058653 0.004225 0.998270 13.635797
0.998106 -0.012221 -0.060296 -0.730544 0.011940 0.999916 -0.005022 -0.059931 0.060352 0.004292 0.998168 14.518194
0.998010 -0.011522 -0.061990 -0.789577 0.011099 0.999913 -0.007153 -0.057555 0.062067 0.006451 0.998051 15.397368
0.997933 -0.010525 -0.063392 -0.850348 0.010079 0.999922 -0.007348 -0.058068 0.063464 0.006694 0.997962 16.264086
0.997831 -0.011196 -0.064870 -0.912514 0.010657 0.999906 -0.008650 -0.062231 0.064961 0.007940 0.997856 17.149283
0.997726 -0.012652 -0.066208 -0.975481 0.012080 0.999886 -0.009040 -0.064909 0.066315 0.008219 0.997765 18.019816
0.997631 -0.014020 -0.067353 -1.037747 0.013273 0.999845 -0.011525 -0.069497 0.067504 0.010604 0.997663 18.902773
0.997580 -0.012555 -0.068385 -1.101635 0.011688 0.999846 -0.013061 -0.074742 0.068539 0.012230 0.997574 19.776553
0.997619 -0.009337 -0.068325 -1.164036 0.008411 0.999869 -0.013831 -0.080487 0.068445 0.013223 0.997567 20.633233
0.997682 -0.005823 -0.067794 -1.229235 0.004860 0.999885 -0.014367 -0.087965 0.067870 0.014005 0.997596 21.535329
0.997766 -0.003056 -0.066735 -1.294126 0.001935 0.999856 -0.016850 -0.101922 0.066777 0.016683 0.997629 22.491094
0.997834 -0.002346 -0.065733 -1.361920 0.001194 0.999845 -0.017565 -0.117029 0.065764 0.017449 0.997683 23.477985
0.997881 -0.005330 -0.064847 -1.425931 0.004185 0.999833 -0.017790 -0.134088 0.064931 0.017481 0.997737 24.418499
0.997864 -0.010207 -0.064526 -1.487737 0.009056 0.999795 -0.018098 -0.146495 0.064697 0.017475 0.997752 25.328790
0.997877 -0.013424 -0.063732 -1.545465 0.012198 0.999734 -0.019574 -0.160203 0.063977 0.018755 0.997775 26.220862
0.997907 -0.013228 -0.063305 -1.604401 0.011785 0.999663 -0.023113 -0.177130 0.063589 0.022318 0.997727 27.156992
0.997927 -0.008840 -0.063752 -1.668497 0.007154 0.999620 -0.026623 -0.200906 0.063964 0.026112 0.997611 28.130264
0.997899 -0.006385 -0.064478 -1.736359 0.004495 0.999557 -0.029425 -0.230409 0.064638 0.029074 0.997485 29.174757
0.997810 -0.008085 -0.065653 -1.802124 0.005752 0.999348 -0.035647 -0.269230 0.065898 0.035192 0.997206 30.187069
0.997635 -0.012249 -0.067634 -1.873924 0.009705 0.999237 -0.037819 -0.306466 0.068046 0.037074 0.996993 31.165312
0.997451 -0.016397 -0.069442 -1.946210 0.013749 0.999166 -0.038441 -0.337718 0.070014 0.037389 0.996845 32.120493
0.997265 -0.017351 -0.071836 -2.022659 0.014657 0.999176 -0.037860 -0.369314 0.072434 0.036703 0.996698 33.063808
0.997198 -0.016267 -0.073022 -2.099950 0.013420 0.999137 -0.039318 -0.405674 0.073598 0.038228 0.996555 34.034600
0.997092 -0.013741 -0.074965 -2.187713 0.010924 0.999223 -0.037859 -0.443856 0.075427 0.036930 0.996467 35.068313
0.997022 -0.012686 -0.076073 -2.275073 0.009787 0.999216 -0.038372 -0.482817 0.076500 0.037513 0.996364 36.115504
0.996968 -0.010540 -0.077098 -2.362809 0.007575 0.999224 -0.038647 -0.522622 0.077446 0.037946 0.996274 37.150352
0.996964 -0.007646 -0.077485 -2.450792 0.004478 0.999150 -0.040986 -0.568177 0.077732 0.040514 0.996151 38.207363
0.996892 -0.004967 -0.078619 -2.541101 0.002007 0.999288 -0.037679 -0.614489 0.078750 0.037404 0.996193 39.213252
0.996841 -0.005562 -0.079232 -2.623419 0.002471 0.999234 -0.039063 -0.663531 0.079389 0.038744 0.996091 40.193185
0.996802 -0.007217 -0.079587 -2.704227 0.004027 0.999185 -0.040170 -0.710478 0.079812 0.039721 0.996019 41.150844
0.996723 -0.009257 -0.080364 -2.787070 0.006139 0.999222 -0.038962 -0.753511 0.080662 0.038341 0.996004 42.100152
0.996585 -0.009581 -0.082019 -2.868482 0.006299 0.999173 -0.040186 -0.795870 0.082336 0.039532 0.995821 43.031513
0.996468 -0.009100 -0.083485 -2.951566 0.005552 0.999076 -0.042625 -0.840222 0.083795 0.042011 0.995597 43.973271
0.996387 -0.008269 -0.084523 -3.040049 0.004648 0.999066 -0.042955 -0.889438 0.084799 0.042407 0.995496 44.921485
0.996290 -0.011750 -0.085257 -3.134060 0.008292 0.999133 -0.040807 -0.938689 0.085663 0.039949 0.995523 45.907306
0.996140 -0.015916 -0.086329 -3.222169 0.012430 0.999091 -0.040775 -0.983071 0.086899 0.039545 0.995432 46.856784
0.996043 -0.017434 -0.087151 -3.311736 0.013802 0.999018 -0.042114 -1.026205 0.087799 0.040745 0.995305 47.827202
0.996021 -0.014465 -0.087938 -3.399039 0.010487 0.998908 -0.045535 -1.070157 0.088500 0.044432 0.995085 48.782604
0.995998 -0.011862 -0.088591 -3.490401 0.007625 0.998817 -0.048019 -1.118758 0.089056 0.047151 0.994910 49.763384
0.995919 -0.011927 -0.089462 -3.577048 0.007408 0.998688 -0.050674 -1.169761 0.089949 0.049805 0.994701 50.697144
0.995880 -0.013939 -0.089608 -3.660534 0.009165 0.998528 -0.053466 -1.222039 0.090221 0.052425 0.994541 51.607041
0.995843 -0.015822 -0.089704 -3.745874 0.010782 0.998351 -0.056386 -1.279832 0.090448 0.055184 0.994371 52.535395
0.995823 -0.015297 -0.090018 -3.832902 0.010005 0.998211 -0.058942 -1.340630 0.090758 0.057795 0.994195 53.463002
0.995814 -0.012153 -0.090594 -3.921011 0.006367 0.997937 -0.063887 -1.408945 0.091183 0.063043 0.993837 54.415717
0.995810 -0.007925 -0.091109 -4.015967 0.001898 0.997815 -0.066042 -1.479937 0.091434 0.065592 0.993649 55.395862
0.995693 -0.005766 -0.092529 -4.115055 -0.000210 0.997921 -0.064450 -1.551977 0.092708 0.064192 0.993622 56.356080
0.995437 -0.010223 -0.094873 -4.209565 0.004129 0.997928 -0.064212 -1.620729 0.095333 0.063527 0.993417 57.262129
0.995124 -0.017828 -0.097006 -4.306055 0.011799 0.997983 -0.062375 -1.685225 0.097922 0.060926 0.993328 58.156472
0.994953 -0.022471 -0.097797 -4.400707 0.016595 0.998032 -0.060481 -1.744839 0.098963 0.058553 0.993367 59.025724
0.994821 -0.021546 -0.099333 -4.500203 0.016041 0.998308 -0.055887 -1.800352 0.100369 0.054004 0.993484 59.893374
0.994722 -0.019417 -0.100757 -4.596636 0.013993 0.998429 -0.054263 -1.855061 0.101652 0.052567 0.993431 60.758404
0.994565 -0.017720 -0.102596 -4.690347 0.012326 0.998520 -0.052965 -1.909318 0.103383 0.051413 0.993312 61.585874
0.994391 -0.018010 -0.104223 -4.783082 0.012437 0.998470 -0.053883 -1.964046 0.105034 0.052285 0.993094 62.418782
0.994176 -0.016940 -0.106427 -4.879320 0.011327 0.998523 -0.053132 -2.018698 0.107170 0.051617 0.992900 63.240914
0.994024 -0.016160 -0.107963 -4.974256 0.010448 0.998526 -0.053264 -2.073221 0.108665 0.051818 0.992727 64.057487
0.993851 -0.015706 -0.109612 -5.068680 0.009831 0.998496 -0.053935 -2.128206 0.110294 0.052525 0.992510 64.865133
0.993834 -0.014838 -0.109880 -5.153979 0.008884 0.998476 -0.054477 -2.176614 0.110521 0.053165 0.992451 65.598107
0.993807 -0.012065 -0.110461 -5.245137 0.006276 0.998596 -0.052611 -2.224819 0.110941 0.051592 0.992487 66.351263
0.993738 -0.008236 -0.111431 -5.332970 0.002359 0.998604 -0.052768 -2.273967 0.111710 0.052174 0.992371 67.079943
0.993552 -0.006562 -0.113192 -5.424397 0.000851 0.998727 -0.050435 -2.322753 0.113379 0.050013 0.992293 67.793139
0.993302 -0.010423 -0.115078 -5.515126 0.004860 0.998811 -0.048513 -2.369361 0.115447 0.047628 0.992171 68.498013
0.992920 -0.017784 -0.117450 -5.598903 0.012085 0.998723 -0.049061 -2.412821 0.118172 0.047294 0.991867 69.162294
0.992624 -0.024160 -0.118807 -5.680873 0.018255 0.998556 -0.050536 -2.451461 0.119856 0.047994 0.991631 69.816987
0.992541 -0.025992 -0.119113 -5.762855 0.020074 0.998517 -0.050615 -2.487635 0.120251 0.047846 0.991590 70.457280
0.992462 -0.022330 -0.120504 -5.844825 0.016567 0.998680 -0.048616 -2.523861 0.121430 0.046253 0.991522 71.067668
0.992260 -0.020085 -0.122544 -5.922135 0.014183 0.998706 -0.048851 -2.562978 0.123367 0.046735 0.991260 71.658366
0.992002 -0.023371 -0.124043 -5.996884 0.017042 0.998510 -0.051838 -2.604443 0.125069 0.049309 0.990922 72.262067
0.991869 -0.029304 -0.123845 -6.058138 0.021859 0.997895 -0.061059 -2.643874 0.125373 0.057855 0.990422 72.822383
0.991869 -0.034416 -0.122521 -6.123808 0.026546 0.997513 -0.065298 -2.683286 0.124463 0.061515 0.990316 73.373933
0.992241 -0.034532 -0.119440 -6.188479 0.027120 0.997637 -0.063128 -2.717209 0.121338 0.059399 0.990833 73.883105
0.992756 -0.031278 -0.116011 -6.251547 0.024650 0.998005 -0.058132 -2.749508 0.117597 0.054851 0.991546 74.378721
0.993328 -0.028732 -0.111692 -6.302472 0.022101 0.997944 -0.060161 -2.779818 0.113191 0.057291 0.991920 74.874902
0.994043 -0.024638 -0.106169 -6.347731 0.017779 0.997722 -0.065075 -2.814255 0.107530 0.062800 0.992217 75.386499
0.994967 -0.021219 -0.097935 -6.384891 0.014472 0.997505 -0.069097 -2.852455 0.099156 0.067332 0.992792 75.879955
0.995911 -0.021239 -0.087808 -6.419216 0.015479 0.997715 -0.065772 -2.890278 0.089004 0.064144 0.993964 76.330035
0.997114 -0.021499 -0.072809 -6.443085 0.017072 0.997999 -0.060890 -2.923767 0.073973 0.059471 0.995486 76.775514
0.998348 -0.020032 -0.053857 -6.455108 0.017079 0.998355 -0.054742 -2.955103 0.054865 0.053732 0.997047 77.235448
0.999339 -0.018699 -0.031198 -6.445665 0.016960 0.998337 -0.055102 -2.984752 0.032176 0.054536 0.997994 77.695960
0.999837 -0.017279 -0.005255 -6.418714 0.016948 0.998195 -0.057627 -3.012866 0.006241 0.057529 0.998325 78.134814
0.999601 -0.015122 0.023888 -6.378888 0.016482 0.998192 -0.057813 -3.041934 -0.022971 0.058184 0.998042 78.548267
0.998215 -0.013068 0.058289 -6.320388 0.016390 0.998247 -0.056884 -3.071790 -0.057444 0.057738 0.996678 78.952421
0.994997 -0.012209 0.099160 -6.238618 0.017968 0.998190 -0.057402 -3.100406 -0.098279 0.058897 0.993415 79.327344
0.989411 -0.011487 0.144691 -6.134379 0.020245 0.998041 -0.059204 -3.131482 -0.143728 0.061506 0.987705 79.699189
0.981490 -0.008809 0.191310 -6.005036 0.021157 0.997815 -0.062596 -3.167064 -0.190341 0.065485 0.979532 80.099046
0.970483 -0.009262 0.240994 -5.856027 0.025375 0.997638 -0.063845 -3.197453 -0.239833 0.068076 0.968425 80.466453
0.955952 -0.010178 0.293346 -5.698749 0.030882 0.997340 -0.066033 -3.218330 -0.291894 0.072184 0.953723 80.774742
0.938092 -0.011379 0.346200 -5.516934 0.036020 0.997247 -0.064825 -3.247000 -0.344509 0.073282 0.935919 81.097932
0.916504 -0.012058 0.399845 -5.300813 0.040989 0.997116 -0.063883 -3.275531 -0.397921 0.074938 0.914354 81.439861
0.892292 -0.013171 0.451267 -5.055287 0.045992 0.997026 -0.061839 -3.303675 -0.449110 0.075933 0.890244 81.791468
0.866809 -0.012118 0.498493 -4.806370 0.050251 0.996739 -0.063150 -3.333163 -0.496102 0.079788 0.864591 82.102577
0.839024 -0.012025 0.543963 -4.513036 0.054661 0.996561 -0.062280 -3.363565 -0.541343 0.081988 0.836795 82.447964
0.807848 -0.011034 0.589288 -4.186696 0.057659 0.996509 -0.060385 -3.393686 -0.586564 0.082759 0.805664 82.796521
0.774498 -0.010033 0.632497 -3.851675 0.061542 0.996327 -0.059555 -3.422495 -0.629576 0.085050 0.772270 83.115620
0.738501 -0.006532 0.674221 -3.536307 0.064321 0.996076 -0.060802 -3.447687 -0.671178 0.088269 0.736023 83.368706
0.701241 -0.005454 0.712903 -3.200587 0.067354 0.996005 -0.058632 -3.472715 -0.709736 0.089132 0.698807 83.617426
0.663162 -0.002617 0.748472 -2.839883 0.069735 0.995861 -0.058305 -3.500201 -0.745221 0.090861 0.660599 83.859046
0.623269 -0.003287 0.782001 -2.497538 0.072770 0.995896 -0.053813 -3.523700 -0.778615 0.090446 0.620950 84.061462
0.582179 -0.006301 0.813037 -2.148219 0.075686 0.996048 -0.046477 -3.542340 -0.809531 0.088593 0.580355 84.247288
0.539322 -0.008296 0.842059 -1.765428 0.079134 0.996026 -0.040871 -3.558626 -0.838374 0.088678 0.537835 84.426456
0.498361 -0.003474 0.866963 -1.383820 0.081082 0.995796 -0.042619 -3.575313 -0.863170 0.091534 0.496548 84.580146
0.460645 0.005803 0.887566 -1.037780 0.080358 0.995600 -0.048215 -3.592100 -0.883940 0.093533 0.458152 84.699042
0.426249 0.008475 0.904567 -0.635201 0.080195 0.995665 -0.047118 -3.615195 -0.901045 0.092626 0.423722 84.843117
0.395786 0.004705 0.918331 -0.188495 0.084812 0.995526 -0.041653 -3.641012 -0.914419 0.094372 0.393616 85.000569
0.369641 -0.005388 0.929159 0.235774 0.091313 0.995354 -0.030554 -3.659869 -0.924677 0.096139 0.368416 85.145620
0.344056 -0.009827 0.938898 0.687728 0.095898 0.995084 -0.024727 -3.678996 -0.934039 0.098546 0.343307 85.283297
0.319077 -0.009506 0.947682 1.148716 0.098426 0.994875 -0.023160 -3.695341 -0.942604 0.100666 0.318377 85.406310
0.295409 -0.004633 0.955360 1.594694 0.101040 0.994532 -0.026420 -3.714504 -0.950013 0.104335 0.294262 85.509000
0.275395 -0.001217 0.961331 2.094094 0.106658 0.993864 -0.029296 -3.738365 -0.955397 0.110602 0.273835 85.622429
0.257441 -0.002439 0.966291 2.599225 0.112536 0.993268 -0.027474 -3.756185 -0.959719 0.115815 0.255983 85.737510
0.240265 -0.004456 0.970697 3.114134 0.113646 0.993242 -0.023570 -3.768790 -0.964032 0.115978 0.239148 85.851322
0.223616 -0.003461 0.974672 3.639284 0.109324 0.993773 -0.021553 -3.785407 -0.968527 0.111374 0.222602 85.956656
0.208354 -0.002048 0.978052 4.150205 0.106376 0.994113 -0.020579 -3.799127 -0.972252 0.108329 0.207345 86.050923
0.194758 0.000335 0.980852 4.662139 0.104162 0.994339 -0.021022 -3.812769 -0.975305 0.106262 0.193621 86.137821
0.182752 0.003911 0.983152 5.175903 0.103511 0.994358 -0.023196 -3.825187 -0.977695 0.106006 0.181316 86.217615
0.172949 0.006550 0.984910 5.729577 0.104330 0.994231 -0.024932 -3.841896 -0.979390 0.107067 0.171267 86.301755
0.165054 0.008272 0.986250 6.298451 0.105099 0.994124 -0.025927 -3.857127 -0.980669 0.107933 0.163215 86.387839
0.159670 0.009764 0.987123 6.878997 0.105501 0.994056 -0.026898 -3.875344 -0.981517 0.108437 0.157691 86.475700
0.154109 0.010536 0.987998 7.482653 0.106661 0.993923 -0.027236 -3.894592 -0.982280 0.109578 0.152048 86.564343
0.149145 0.010695 0.988758 8.110127 0.107397 0.993851 -0.026950 -3.916390 -0.982966 0.110209 0.147079 86.655656
0.146013 0.012451 0.989205 8.709332 0.107717 0.993776 -0.028408 -3.938896 -0.983401 0.110702 0.143763 86.740787
0.143520 0.013330 0.989558 9.329255 0.107875 0.993741 -0.029032 -3.963918 -0.983751 0.110915 0.141184 86.829361
0.141015 0.014213 0.989906 9.964002 0.107649 0.993748 -0.029603 -3.990708 -0.984138 0.110737 0.138603 86.918661
0.139366 0.015968 0.990113 10.629869 0.107567 0.993709 -0.031167 -4.018088 -0.984382 0.110847 0.136771 87.010235
0.138991 0.020300 0.990086 11.302924 0.107838 0.993534 -0.035509 -4.047016 -0.984405 0.111704 0.135903 87.100205
0.140012 0.023533 0.989871 11.975545 0.107957 0.993395 -0.038887 -4.077232 -0.984247 0.112308 0.136546 87.194113
0.142574 0.024950 0.989470 12.635803 0.108091 0.993311 -0.040621 -4.110236 -0.983865 0.112744 0.138923 87.291889
0.146293 0.027196 0.988868 13.293212 0.108232 0.993181 -0.043327 -4.144019 -0.983303 0.113366 0.142352 87.392122
0.150219 0.027161 0.988280 13.963720 0.107646 0.993230 -0.043659 -4.179148 -0.982775 0.112943 0.146278 87.500715
0.153979 0.028170 0.987673 14.672974 0.106043 0.993349 -0.044864 -4.215407 -0.982368 0.111644 0.149967 87.616817
0.157797 0.027853 0.987079 15.421392 0.104510 0.993517 -0.044742 -4.252764 -0.981926 0.110220 0.153863 87.744095
0.161902 0.024608 0.986500 16.181253 0.102175 0.993898 -0.041561 -4.294028 -0.981503 0.107524 0.158400 87.879312
0.165549 0.023494 0.985922 16.920000 0.100800 0.994078 -0.040614 -4.333605 -0.981037 0.106105 0.162200 88.011324
0.168874 0.019898 0.985437 17.663367 0.101116 0.994172 -0.037403 -4.373677 -0.980438 0.105960 0.165878 88.150120
0.171220 0.016473 0.985096 18.445489 0.104518 0.993915 -0.034787 -4.414137 -0.979674 0.108917 0.168457 88.296153
0.172248 0.009786 0.985005 19.235060 0.108665 0.993659 -0.028874 -4.448342 -0.979042 0.112009 0.170093 88.445862
0.171865 0.005610 0.985105 20.019476 0.111563 0.993440 -0.025121 -4.475350 -0.978783 0.114219 0.170111 88.589874
0.171558 0.002263 0.985172 20.799369 0.111003 0.993585 -0.021613 -4.500747 -0.978901 0.113065 0.170207 88.733489
0.171672 0.000038 0.985155 21.561427 0.109127 0.993845 -0.019055 -4.526363 -0.979092 0.110778 0.170612 88.873579
0.171728 0.000210 0.985145 22.321941 0.108230 0.993943 -0.019079 -4.551909 -0.979181 0.109899 0.170666 89.010888
0.172046 -0.002698 0.985086 23.075160 0.107707 0.994053 -0.016088 -4.575275 -0.979183 0.108868 0.171313 89.151109
0.172693 -0.004922 0.984964 23.828997 0.108287 0.994021 -0.014018 -4.595776 -0.979006 0.109079 0.172193 89.291023
0.172949 -0.007799 0.984900 24.576166 0.108958 0.993983 -0.011262 -4.615438 -0.978886 0.109261 0.172758 89.430470
0.171765 -0.010680 0.985080 25.355811 0.110352 0.993857 -0.008466 -4.632545 -0.978938 0.110159 0.171888 89.573015
0.169337 -0.013475 0.985466 26.114019 0.110227 0.993892 -0.005351 -4.648922 -0.979375 0.109532 0.169788 89.708730
0.165902 -0.015874 0.986015 26.913983 0.109008 0.994038 -0.002338 -4.664346 -0.980099 0.107872 0.166644 89.848056
0.161252 -0.018465 0.986741 27.728750 0.106799 0.994280 0.001153 -4.677920 -0.981118 0.105197 0.162301 89.984932
0.154874 -0.021521 0.987700 28.577964 0.104708 0.994489 0.005251 -4.689478 -0.982370 0.102607 0.156274 90.120419
0.146887 -0.023758 0.988868 29.419108 0.105015 0.994436 0.008293 -4.697239 -0.983563 0.102628 0.148564 90.244774
0.137977 -0.024464 0.990134 30.255071 0.106102 0.994307 0.009782 -4.701534 -0.984736 0.103705 0.139787 90.357816
0.127838 -0.025437 0.991469 31.126834 0.106489 0.994244 0.011778 -4.701076 -0.986062 0.104075 0.129811 90.466082
0.117334 -0.024430 0.992792 32.020603 0.105146 0.994384 0.012042 -4.701893 -0.987511 0.102975 0.119244 90.564824
0.105930 -0.026536 0.994020 32.890954 0.104058 0.994451 0.015458 -4.701820 -0.988914 0.101798 0.108104 90.652966
0.094107 -0.025921 0.995225 33.783617 0.102908 0.994560 0.016172 -4.704945 -0.990230 0.100895 0.096262 90.729599
0.082777 -0.026173 0.996225 34.663559 0.103242 0.994502 0.017550 -4.706213 -0.991206 0.101400 0.085024 90.796513
0.072104 -0.026004 0.997058 35.549615 0.103761 0.994432 0.018432 -4.703290 -0.991986 0.102126 0.074401 90.854337
0.061896 -0.025919 0.997746 36.397968 0.104901 0.994295 0.019322 -4.696440 -0.992555 0.103469 0.064262 90.900630
0.052006 -0.024657 0.998343 37.259712 0.105616 0.994225 0.019054 -4.688784 -0.993046 0.104450 0.054310 90.938538
0.043246 -0.023172 0.998796 38.075517 0.106378 0.994155 0.018458 -4.680366 -0.993385 0.105451 0.045458 90.967049
0.034277 -0.022302 0.999164 38.871576 0.106938 0.994093 0.018521 -4.668697 -0.993675 0.106213 0.036460 90.988642
0.025659 -0.021694 0.999436 39.672965 0.107365 0.994042 0.018821 -4.654240 -0.993889 0.106821 0.027835 91.004416
0.018150 -0.021193 0.999611 40.481568 0.107009 0.994074 0.019133 -4.636538 -0.994093 0.106620 0.020310 91.015662
0.012158 -0.019293 0.999740 41.305289 0.106043 0.994201 0.017896 -4.617931 -0.994288 0.105798 0.014134 91.022005
0.008090 -0.016034 0.999839 42.111154 0.104416 0.994419 0.015102 -4.603132 -0.994501 0.104277 0.009719 91.025290
0.005391 -0.012539 0.999907 42.923502 0.102726 0.994639 0.011919 -4.595194 -0.994696 0.102652 0.006650 91.026940
0.003854 -0.010228 0.999941 43.724024 0.101790 0.994758 0.009783 -4.591247 -0.994799 0.101747 0.004875 91.029566
0.002554 -0.009837 0.999949 44.505943 0.101013 0.994840 0.009529 -4.589225 -0.994882 0.100984 0.003534 91.033928
0.002112 -0.009542 0.999953 45.249614 0.101491 0.994793 0.009279 -4.587863 -0.994835 0.101466 0.003070 91.038294
0.003498 -0.008949 0.999954 46.002137 0.102444 0.994702 0.008543 -4.589536 -0.994733 0.102409 0.004396 91.045264
0.006869 -0.008078 0.999944 46.717690 0.103918 0.994559 0.007320 -4.592589 -0.994563 0.103862 0.007671 91.056308
0.013114 -0.007473 0.999887 47.387160 0.104257 0.994532 0.006065 -4.598374 -0.994464 0.104166 0.013821 91.074342
0.022154 -0.007465 0.999727 48.006805 0.105114 0.994447 0.005096 -4.604563 -0.994214 0.104972 0.022816 91.101182
0.033548 -0.008444 0.999402 48.602451 0.105348 0.994424 0.004865 -4.612955 -0.993870 0.105121 0.034251 91.137741
0.046678 -0.008797 0.998872 49.162590 0.105961 0.994363 0.003806 -4.623531 -0.993275 0.105664 0.047347 91.181819
0.064299 -0.008666 0.997894 49.704300 0.107297 0.994226 0.001720 -4.635983 -0.992146 0.106961 0.064857 91.238351
0.085938 -0.008496 0.996265 50.220499 0.109248 0.994014 -0.000947 -4.651786 -0.990293 0.108921 0.086352 91.308645
0.110962 -0.007874 0.993794 50.711424 0.111945 0.993704 -0.004626 -4.667511 -0.987500 0.111764 0.111145 91.391147
0.139524 -0.007970 0.990187 51.159675 0.113756 0.993476 -0.008033 -4.682851 -0.983663 0.113761 0.139521 91.487026
0.172632 -0.009884 0.984937 51.586926 0.113552 0.993483 -0.009933 -4.699181 -0.978420 0.113556 0.172629 91.601082
0.211525 -0.009376 0.977328 52.021027 0.111310 0.993679 -0.014558 -4.716717 -0.971014 0.111866 0.211232 91.739322
0.255794 -0.011875 0.966659 52.452215 0.107036 0.994125 -0.016111 -4.736217 -0.960788 0.107588 0.255562 91.908345
0.303989 -0.013878 0.952575 52.869535 0.102343 0.994584 -0.018170 -4.754029 -0.947163 0.103013 0.303763 92.103423
0.355648 -0.018790 0.934431 53.265821 0.097876 0.995050 -0.017243 -4.773109 -0.929481 0.097591 0.355727 92.324643
0.408805 -0.019923 0.912405 53.644796 0.094253 0.995338 -0.020497 -4.795743 -0.907742 0.094376 0.408777 92.566384
0.459940 -0.020384 0.887717 54.053669 0.092962 0.995348 -0.025309 -4.821505 -0.883071 0.094164 0.459695 92.851514
0.513209 -0.020789 0.858012 54.488715 0.093199 0.995145 -0.031634 -4.853426 -0.853189 0.096201 0.512655 93.193043
0.564793 -0.021677 0.824948 54.951846 0.092790 0.994984 -0.037383 -4.893575 -0.819999 0.097661 0.563972 93.596367
0.613805 -0.020672 0.789188 55.367131 0.090616 0.994895 -0.044418 -4.929423 -0.784241 0.098777 0.612544 94.004825
0.660899 -0.019068 0.750233 55.717046 0.085589 0.995070 -0.050107 -4.971491 -0.745579 0.097327 0.659273 94.404760
0.704180 -0.018596 0.709779 56.006381 0.080274 0.995333 -0.053564 -5.013211 -0.705469 0.094695 0.702386 94.789355
0.745657 -0.016234 0.666133 56.279280 0.075011 0.995394 -0.059708 -5.056176 -0.662095 0.094489 0.743440 95.194823
0.784550 -0.014038 0.619907 56.501686 0.069650 0.995412 -0.065608 -5.097861 -0.616142 0.094649 0.781928 95.583699
0.819271 -0.011157 0.573299 56.697396 0.062261 0.995631 -0.069597 -5.133995 -0.570017 0.092713 0.816385 95.975174
0.851740 -0.008587 0.523895 56.856298 0.053786 0.996017 -0.071119 -5.165586 -0.521197 0.088754 0.848809 96.361792
0.881645 -0.005454 0.471882 57.009677 0.045130 0.996325 -0.072804 -5.201758 -0.469751 0.085483 0.878651 96.790779
0.907838 -0.003040 0.419311 57.154370 0.036427 0.996765 -0.071641 -5.245811 -0.417736 0.080313 0.905012 97.271171
0.928735 -0.002105 0.370738 57.279153 0.030484 0.997032 -0.070705 -5.291292 -0.369488 0.076968 0.926042 97.756334
0.944905 -0.001493 0.327343 57.367885 0.025769 0.997226 -0.069836 -5.327598 -0.326330 0.074424 0.942322 98.183579
0.956399 -0.001324 0.292062 57.458715 0.021860 0.997510 -0.067062 -5.365159 -0.291246 0.070523 0.954045 98.638151
0.965667 -0.003557 0.259760 57.550932 0.021508 0.997568 -0.066299 -5.402641 -0.258893 0.069609 0.963395 99.138538
0.972617 -0.005093 0.232361 57.638254 0.020926 0.997619 -0.065724 -5.440378 -0.231473 0.068787 0.970407 99.642806
0.976908 -0.006115 0.213573 57.733116 0.021346 0.997383 -0.069084 -5.479884 -0.212591 0.072048 0.974482 100.171174
0.979840 -0.006721 0.199670 57.821587 0.021208 0.997287 -0.070501 -5.518458 -0.198654 0.073314 0.977324 100.695145
0.982071 -0.008484 0.188324 57.896166 0.021138 0.997643 -0.065285 -5.554841 -0.187326 0.068095 0.979935 101.204643
0.983659 -0.008923 0.179820 57.969536 0.019723 0.998101 -0.058358 -5.592614 -0.178958 0.060951 0.981967 101.728895
0.984603 -0.011331 0.174440 58.042602 0.020357 0.998540 -0.050044 -5.626726 -0.173618 0.052824 0.983396 102.263066
0.984974 -0.015977 0.171962 58.122329 0.023917 0.998737 -0.044203 -5.652563 -0.171038 0.047651 0.984112 102.803513
0.984948 -0.019035 0.171804 58.211371 0.026715 0.998740 -0.042497 -5.677601 -0.170778 0.046447 0.984214 103.350387
0.984303 -0.022132 0.175093 58.312518 0.030148 0.998609 -0.043255 -5.706815 -0.173892 0.047854 0.983602 103.921644
0.983374 -0.027781 0.179458 58.420804 0.036508 0.998297 -0.045508 -5.733708 -0.177888 0.051303 0.982713 104.502270
0.982397 -0.032127 0.184023 58.527823 0.041232 0.998097 -0.045866 -5.760695 -0.182199 0.052646 0.981851 105.072241
0.981691 -0.032688 0.187658 58.619648 0.041024 0.998329 -0.040715 -5.781491 -0.186013 0.047668 0.981390 105.581187
0.980889 -0.029418 0.192335 58.719124 0.037301 0.998601 -0.037495 -5.803492 -0.190962 0.043953 0.980613 106.089403
0.980078 -0.023782 0.197183 58.833707 0.032331 0.998667 -0.040249 -5.826201 -0.195963 0.045822 0.979540 106.625662
0.979349 -0.016340 0.201518 58.961484 0.025547 0.998741 -0.043172 -5.855920 -0.200559 0.047429 0.978533 107.221364
0.978615 -0.010652 0.205425 59.088678 0.020221 0.998803 -0.044540 -5.890633 -0.204704 0.047741 0.977659 107.812559
0.978096 -0.008324 0.207990 59.213730 0.018766 0.998658 -0.048279 -5.929131 -0.207309 0.051124 0.976939 108.380085
0.978010 -0.010151 0.208312 59.341108 0.021446 0.998415 -0.052035 -5.974412 -0.207454 0.055359 0.976677 108.975324
0.977889 -0.016809 0.208447 59.464889 0.028285 0.998237 -0.052193 -6.016585 -0.207202 0.056935 0.976640 109.579188
0.977857 -0.023758 0.207922 59.596058 0.034967 0.998117 -0.050405 -6.056588 -0.206333 0.056559 0.976846 110.233830
0.978055 -0.028397 0.206403 59.731169 0.038984 0.998115 -0.047404 -6.093997 -0.204668 0.054410 0.977318 110.927203
0.978495 -0.023506 0.204929 59.867993 0.034068 0.998259 -0.048165 -6.131436 -0.203440 0.054111 0.977591 111.605387
0.979018 -0.014852 0.203234 60.015869 0.025794 0.998351 -0.051299 -6.171864 -0.202137 0.055464 0.977786 112.327595
0.979584 -0.009386 0.200818 60.156700 0.020073 0.998485 -0.051247 -6.222922 -0.200032 0.054232 0.978287 113.046448
0.979920 -0.011062 0.199088 60.291446 0.021142 0.998596 -0.048576 -6.272881 -0.198271 0.051810 0.978777 113.756913
0.980371 -0.017010 0.196427 60.419077 0.026135 0.998692 -0.043956 -6.318275 -0.195422 0.048227 0.979533 114.459035
0.980936 -0.022535 0.193020 60.542078 0.031575 0.998538 -0.043887 -6.355856 -0.191748 0.049145 0.980213 115.124146
0.981494 -0.025740 0.189758 60.670319 0.034815 0.998396 -0.044646 -6.392593 -0.188304 0.050426 0.980816 115.825522
0.982084 -0.024719 0.186819 60.800276 0.033613 0.998440 -0.044587 -6.429285 -0.185425 0.050068 0.981382 116.546616
0.982553 -0.022861 0.184572 60.939258 0.031689 0.998484 -0.045024 -6.469898 -0.183263 0.050087 0.981787 117.323454
0.982886 -0.020899 0.183025 61.075792 0.029084 0.998688 -0.042155 -6.508503 -0.181904 0.046757 0.982204 118.106634
0.983185 -0.018514 0.181672 61.217612 0.026710 0.998728 -0.042772 -6.548172 -0.180649 0.046905 0.982429 118.900109
0.983289 -0.016492 0.181303 61.362255 0.025221 0.998626 -0.045949 -6.592132 -0.180296 0.049753 0.982354 119.694028
0.983352 -0.015412 0.181058 61.494961 0.023624 0.998784 -0.043290 -6.636681 -0.180170 0.046846 0.982520 120.461912
0.983234 -0.018561 0.181403 61.620421 0.025772 0.998965 -0.037480 -6.679637 -0.180519 0.041527 0.982695 121.214689
0.982989 -0.023003 0.182219 61.748148 0.029226 0.999076 -0.031538 -6.713426 -0.181325 0.036328 0.982752 121.978509
0.982669 -0.026586 0.183453 61.874058 0.031242 0.999258 -0.022533 -6.741317 -0.182718 0.027873 0.982770 122.736862
0.982160 -0.027333 0.186052 62.009160 0.030787 0.999403 -0.015703 -6.765641 -0.185512 0.021151 0.982415 123.507200
0.981746 -0.025976 0.188416 62.149591 0.028734 0.999516 -0.011918 -6.788589 -0.188015 0.017114 0.982017 124.271140
0.981276 -0.027034 0.190700 62.292340 0.029622 0.999504 -0.010737 -6.810407 -0.190315 0.016185 0.981590 125.019591
0.980873 -0.029470 0.192408 62.443443 0.032331 0.999409 -0.011747 -6.830008 -0.191947 0.017743 0.981245 125.789516
0.980665 -0.027019 0.193821 62.601830 0.030806 0.999389 -0.016553 -6.852356 -0.193255 0.022204 0.980897 126.571269
0.980390 -0.027752 0.195107 62.765518 0.032584 0.999236 -0.021599 -6.879942 -0.194358 0.027533 0.980544 127.375492
0.979999 -0.028125 0.197008 62.917939 0.032943 0.999232 -0.021224 -6.901235 -0.196259 0.027290 0.980172 128.144332
0.979630 -0.026766 0.199023 63.058951 0.030564 0.999405 -0.016038 -6.917934 -0.198475 0.021794 0.979864 128.876505
0.979480 -0.022192 0.200316 63.193428 0.024885 0.999631 -0.010938 -6.932183 -0.199999 0.015699 0.979671 129.576675
0.979414 -0.018883 0.200977 63.344693 0.020788 0.999757 -0.007369 -6.954417 -0.200789 0.011395 0.979568 130.348478
0.978994 -0.024815 0.202375 63.498345 0.027555 0.999563 -0.010733 -6.979954 -0.202020 0.016084 0.979249 131.094019
0.978282 -0.036447 0.204051 63.670575 0.040020 0.999109 -0.013411 -7.010162 -0.203380 0.021286 0.978869 131.929722
0.977713 -0.046058 0.204831 63.824844 0.050523 0.998585 -0.016619 -7.020547 -0.203776 0.026598 0.978656 132.682035
0.978398 -0.035881 0.203595 63.980872 0.039719 0.999102 -0.014795 -7.038759 -0.202881 0.022562 0.978944 133.478557
0.979700 -0.019431 0.199527 64.110702 0.023579 0.999552 -0.018435 -7.054187 -0.199079 0.022766 0.979719 134.140813
0.980306 -0.008058 0.197321 64.271735 0.012469 0.999700 -0.021124 -7.079994 -0.197091 0.023169 0.980112 134.961762
0.980426 -0.014245 0.196374 64.443143 0.018200 0.999666 -0.018349 -7.125657 -0.196046 0.021564 0.980358 135.862095
0.980600 -0.028507 0.193939 64.600313 0.032701 0.999295 -0.018454 -7.152762 -0.193275 0.024438 0.980840 136.705826
0.980583 -0.036365 0.192707 64.750337 0.040889 0.998973 -0.019553 -7.170851 -0.191798 0.027053 0.981062 137.495963
0.980947 -0.036845 0.190753 64.901230 0.041911 0.998866 -0.022595 -7.193938 -0.189704 0.030159 0.981378 138.281334
0.981567 -0.035468 0.187801 65.042132 0.040504 0.998914 -0.023046 -7.222958 -0.186779 0.030228 0.981937 139.054636
0.982129 -0.036541 0.184630 65.184537 0.041611 0.998854 -0.023660 -7.252182 -0.183554 0.030920 0.982524 139.853172
0.982712 -0.038395 0.181117 65.323300 0.043212 0.998808 -0.022729 -7.277161 -0.180028 0.030163 0.983199 140.662880
0.983143 -0.039796 0.178458 65.450342 0.043768 0.998873 -0.018375 -7.300064 -0.177525 0.025876 0.983776 141.436215
0.983407 -0.041416 0.176622 65.580132 0.044614 0.998904 -0.014172 -7.319384 -0.175841 0.021817 0.984177 142.223314
0.983710 -0.040752 0.175084 65.713295 0.043644 0.998967 -0.012699 -7.333875 -0.174385 0.020134 0.984472 143.008358
0.984059 -0.036169 0.174130 65.850458 0.039117 0.999143 -0.013532 -7.354936 -0.173491 0.020128 0.984630 143.807752
0.984276 -0.036132 0.172904 65.995195 0.039214 0.999127 -0.014444 -7.379956 -0.172231 0.020997 0.984833 144.656454
0.984638 -0.038817 0.170242 66.142673 0.042268 0.998967 -0.016690 -7.408525 -0.169418 0.023629 0.985261 145.541008
0.985233 -0.042022 0.165982 66.280267 0.046159 0.998711 -0.021141 -7.438683 -0.164879 0.028490 0.985903 146.391642
0.986185 -0.043783 0.159757 66.394569 0.048238 0.998545 -0.024118 -7.464069 -0.158469 0.031491 0.986862 147.158438
0.987609 -0.038807 0.152061 66.511864 0.042973 0.998784 -0.024204 -7.492900 -0.150937 0.030439 0.988075 148.012766
0.988948 -0.030300 0.145135 66.631758 0.034182 0.999120 -0.024326 -7.520637 -0.144270 0.029018 0.989113 148.914576
0.989985 -0.021343 0.139554 66.738196 0.024942 0.999399 -0.024091 -7.551161 -0.138955 0.027330 0.989922 149.754165
0.990686 -0.019725 0.134729 66.833796 0.022467 0.999570 -0.018863 -7.580209 -0.134299 0.021715 0.990703 150.582430
0.991293 -0.024924 0.129300 66.928986 0.027168 0.999509 -0.015620 -7.615182 -0.128846 0.018997 0.991483 151.444920
0.991999 -0.035448 0.121169 67.010962 0.037433 0.999200 -0.014147 -7.642854 -0.120570 0.018570 0.992532 152.255263
0.992447 -0.041540 0.115426 67.085025 0.043615 0.998929 -0.015511 -7.655811 -0.114658 0.020428 0.993195 152.982312
0.993240 -0.041188 0.108527 67.150142 0.043219 0.998931 -0.016429 -7.670978 -0.107734 0.021009 0.993958 153.694824
0.994219 -0.038933 0.100070 67.203470 0.040241 0.999129 -0.011083 -7.684926 -0.099551 0.015046 0.994919 154.428070
0.995003 -0.041175 0.090961 67.247551 0.041988 0.999094 -0.007039 -7.700478 -0.090589 0.010823 0.995830 155.134114
0.995564 -0.047739 0.081083 67.284990 0.048336 0.998817 -0.005413 -7.709638 -0.080729 0.009308 0.996693 155.810850
0.995965 -0.050909 0.073910 67.322822 0.051449 0.998661 -0.005418 -7.711141 -0.073535 0.009199 0.997251 156.506875
0.996561 -0.049523 0.066441 67.357014 0.049902 0.998746 -0.004059 -7.709726 -0.066156 0.007360 0.997783 157.251765
0.997321 -0.043655 0.058695 67.385609 0.043707 0.999045 0.000401 -7.709541 -0.058656 0.002165 0.998276 158.042347
0.997959 -0.039020 0.050560 67.407777 0.038829 0.999235 0.004755 -7.709261 -0.050707 -0.002782 0.998710 158.857748
0.998391 -0.036677 0.043266 67.427518 0.036519 0.999324 0.004433 -7.711971 -0.043399 -0.002845 0.999054 159.658464
0.998714 -0.034855 0.036825 67.443482 0.034674 0.999384 0.005557 -7.720673 -0.036995 -0.004273 0.999307 160.480570
0.998802 -0.036916 0.032133 67.458864 0.036757 0.999310 0.005534 -7.734597 -0.032315 -0.004346 0.999469 161.322015
0.998721 -0.042438 0.027486 67.464293 0.042175 0.999060 0.010052 -7.741542 -0.027886 -0.008880 0.999572 162.119947
0.998519 -0.049219 0.023207 67.467120 0.048870 0.998687 0.015373 -7.737554 -0.023933 -0.014216 0.999613 162.931968
0.998451 -0.051722 0.020512 67.471967 0.051357 0.998520 0.017939 -7.724383 -0.021409 -0.016858 0.999629 163.721087
0.998787 -0.045587 0.018660 67.479220 0.045209 0.998774 0.020211 -7.707322 -0.019558 -0.019343 0.999622 164.542560
0.999234 -0.035260 0.017020 67.486649 0.034891 0.999160 0.021526 -7.694024 -0.017764 -0.020916 0.999624 165.397213
0.999528 -0.028259 0.012102 67.488723 0.028010 0.999404 0.020206 -7.692207 -0.012666 -0.019857 0.999723 166.217841
0.999463 -0.031961 0.007336 67.487258 0.031821 0.999325 0.018415 -7.693237 -0.007919 -0.018171 0.999804 167.019584
0.999090 -0.042556 0.002992 67.484922 0.042520 0.999032 0.011361 -7.697195 -0.003472 -0.011224 0.999931 167.814339
0.998874 -0.047406 -0.002119 67.472284 0.047426 0.998819 0.010641 -7.698377 0.001613 -0.010730 0.999942 168.597967
0.998884 -0.046694 -0.007131 67.451819 0.046793 0.998800 0.014511 -7.690877 0.006445 -0.014828 0.999870 169.398418
0.999075 -0.040912 -0.013297 67.432090 0.041080 0.999077 0.012633 -7.688023 0.012768 -0.013168 0.999832 170.151822
0.999091 -0.038151 -0.019063 67.411046 0.038295 0.999241 0.007275 -7.685191 0.018771 -0.007998 0.999792 170.957520
0.999122 -0.034533 -0.023747 67.390375 0.034502 0.999404 -0.001688 -7.687155 0.023791 0.000867 0.999717 171.768091
0.998920 -0.035109 -0.030436 67.357219 0.034938 0.999371 -0.006144 -7.700657 0.030633 0.005074 0.999518 172.617075
0.998456 -0.042186 -0.036150 67.319964 0.041942 0.999093 -0.007484 -7.722598 0.036433 0.005956 0.999319 173.441563
0.997722 -0.053410 -0.041221 67.280540 0.052906 0.998513 -0.013235 -7.738780 0.041867 0.011024 0.999063 174.302799
0.997252 -0.058342 -0.045664 67.236147 0.057449 0.998136 -0.020628 -7.746756 0.046783 0.017948 0.998744 175.171614
0.997391 -0.050368 -0.051730 67.186663 0.049256 0.998532 -0.022544 -7.753765 0.052790 0.019938 0.998407 175.947549
0.997482 -0.038169 -0.059772 67.131476 0.036769 0.999028 -0.024354 -7.774870 0.060644 0.022095 0.997915 176.706902
0.997446 -0.030575 -0.064549 67.061732 0.029275 0.999352 -0.020988 -7.802098 0.065149 0.019044 0.997694 177.580931
0.997083 -0.033807 -0.068439 66.994805 0.032342 0.999227 -0.022402 -7.832771 0.069144 0.020123 0.997404 178.447388
0.996494 -0.045012 -0.070532 66.924175 0.043650 0.998832 -0.020733 -7.864863 0.071383 0.017582 0.997294 179.298729
0.995875 -0.052938 -0.073704 66.852509 0.052175 0.998564 -0.012244 -7.881821 0.074246 0.008348 0.997205 180.053893
0.995552 -0.056845 -0.075137 66.789172 0.055999 0.998343 -0.013321 -7.890257 0.075770 0.009054 0.997085 180.836597
0.995674 -0.051947 -0.077044 66.724847 0.050760 0.998562 -0.017288 -7.903528 0.077832 0.013302 0.996878 181.628949
0.995967 -0.042267 -0.079144 66.656579 0.041019 0.999009 -0.017328 -7.921486 0.079799 0.014012 0.996713 182.405355
0.996133 -0.036109 -0.080100 66.584227 0.034914 0.999259 -0.016274 -7.943520 0.080628 0.013414 0.996654 183.222233
0.996013 -0.037024 -0.081166 66.511054 0.036015 0.999256 -0.013868 -7.968311 0.081620 0.010889 0.996605 184.008560
0.995639 -0.045571 -0.081405 66.434488 0.044691 0.998922 -0.012601 -7.998123 0.081892 0.008908 0.996602 184.887677
0.995186 -0.056251 -0.080254 66.369158 0.055247 0.998366 -0.014681 -8.019399 0.080949 0.010177 0.996667 185.711820
0.994987 -0.060060 -0.079968 66.310128 0.058664 0.998085 -0.019686 -8.038185 0.080997 0.014896 0.996603 186.447658
0.995260 -0.054605 -0.080480 66.243550 0.053342 0.998419 -0.017765 -8.055016 0.081323 0.013388 0.996598 187.185547
0.995607 -0.043996 -0.082655 66.174968 0.042747 0.998945 -0.016824 -8.080954 0.083308 0.013217 0.996437 187.948497
0.995621 -0.040433 -0.084291 66.094393 0.039202 0.999101 -0.016201 -8.106403 0.084870 0.012826 0.996310 188.819076
0.995461 -0.043859 -0.084462 66.020094 0.042702 0.998969 -0.015453 -8.134868 0.085053 0.011776 0.996307 189.618236
0.995327 -0.049010 -0.083210 65.943922 0.048169 0.998767 -0.012082 -8.150876 0.083700 0.008018 0.996459 190.420963
0.995289 -0.048423 -0.083996 65.859957 0.048134 0.998827 -0.005460 -8.165936 0.084162 0.001391 0.996452 191.242691
0.995426 -0.045259 -0.084146 65.777363 0.045186 0.998976 -0.002763 -8.178811 0.084185 -0.001052 0.996450 192.110195
0.995505 -0.042237 -0.084774 65.695755 0.042374 0.999103 -0.000185 -8.186139 0.084706 -0.003408 0.996401 192.960807
0.995572 -0.039257 -0.085415 65.610842 0.039542 0.999218 0.001642 -8.193310 0.085284 -0.005012 0.996345 193.849235
0.995497 -0.039974 -0.085955 65.520402 0.040371 0.999182 0.002874 -8.198258 0.085770 -0.006331 0.996295 194.806561
0.995326 -0.044377 -0.085782 65.434699 0.044532 0.999009 -0.000105 -8.207170 0.085702 -0.003716 0.996314 195.753185
0.995139 -0.049303 -0.085253 65.352798 0.049647 0.998766 0.001920 -8.214358 0.085054 -0.006143 0.996358 196.604681
0.995155 -0.048997 -0.085249 65.262915 0.049537 0.998764 0.004238 -8.216714 0.084936 -0.008440 0.996351 197.546751
0.995648 -0.037818 -0.085182 65.180956 0.038342 0.999255 0.004526 -8.225947 0.084948 -0.007772 0.996356 198.434390
0.995839 -0.028061 -0.086712 65.096288 0.028210 0.999603 0.000492 -8.236949 0.086664 -0.002936 0.996234 199.393324
0.995862 -0.026860 -0.086824 65.019891 0.026493 0.999636 -0.005377 -8.257391 0.086937 0.003054 0.996210 200.295352
0.995715 -0.034165 -0.085940 64.935221 0.033825 0.999414 -0.005414 -8.275364 0.086075 0.002484 0.996286 201.224193
