0.999033 -0.002822 0.043871 0.083671 0.002830 0.999996 -0.000115 -0.017554 -0.043871 0.000239 0.999037 0.987869
0.996003 -0.007717 0.088984 0.217113 0.008136 0.999957 -0.004345 -0.038103 -0.088946 0.005052 0.996024 1.972336
0.990870 -0.012139 0.134275 0.391986 0.012768 0.999911 -0.003823 -0.055183 -0.134217 0.005503 0.990937 2.954641
0.983482 -0.015602 0.180331 0.608331 0.016050 0.999871 -0.001026 -0.068864 -0.180291 0.003903 0.983606 3.910761
0.973949 -0.015150 0.226262 0.873980 0.016269 0.999863 -0.003080 -0.089250 -0.226184 0.006681 0.974062 4.856188
0.962128 -0.016648 0.272090 1.178670 0.018203 0.999829 -0.003191 -0.108164 -0.271990 0.008023 0.962267 5.773703
0.948516 -0.018813 0.316170 1.528811 0.021660 0.999750 -0.005494 -0.128465 -0.315988 0.012059 0.948687 6.687687
0.933245 -0.020436 0.358658 1.911866 0.024530 0.999676 -0.006867 -0.149226 -0.358401 0.015206 0.933444 7.567091
0.915756 -0.021957 0.401136 2.340252 0.026691 0.999624 -0.006217 -0.166174 -0.400848 0.016400 0.915998 8.439879
0.895948 -0.021142 0.443655 2.810202 0.026282 0.999640 -0.005439 -0.187778 -0.443380 0.016533 0.896181 9.296036
0.874009 -0.021415 0.485438 3.315385 0.026578 0.999640 -0.003753 -0.207562 -0.485183 0.016182 0.874263 10.121499
0.850036 -0.021296 0.526294 3.857946 0.026588 0.999643 -0.002493 -0.226629 -0.526053 0.016113 0.850299 10.920852
0.824849 -0.022109 0.564921 4.415851 0.028226 0.999599 -0.002093 -0.241936 -0.564648 0.017672 0.825143 11.662804
0.797699 -0.021288 0.602680 5.021410 0.029307 0.999564 -0.003482 -0.260506 -0.602343 0.020440 0.797976 12.393003
0.768881 -0.022736 0.638988 5.657984 0.031483 0.999502 -0.002318 -0.274402 -0.638617 0.021899 0.769213 13.095244
0.738440 -0.019928 0.674025 6.322814 0.031525 0.999490 -0.004987 -0.294109 -0.673582 0.024932 0.738692 13.759217
0.706347 -0.020853 0.707558 7.018293 0.032743 0.999459 -0.003232 -0.312693 -0.707108 0.025450 0.706648 14.398102
0.672091 -0.022401 0.740130 7.740028 0.035554 0.999366 -0.002038 -0.328900 -0.739614 0.027685 0.672461 14.996101
0.636719 -0.020931 0.770812 8.487715 0.037613 0.999285 -0.003934 -0.345772 -0.770178 0.031498 0.637051 15.556590
0.599962 -0.022519 0.799712 9.254977 0.039554 0.999216 -0.001538 -0.365270 -0.799050 0.032554 0.600382 16.080197
0.561960 -0.022361 0.826862 10.037260 0.042759 0.999083 -0.002042 -0.382980 -0.826059 0.036503 0.562401 16.558185
0.524256 -0.021433 0.851291 10.853890 0.047615 0.998857 -0.004174 -0.394186 -0.850229 0.042723 0.524677 17.008771
0.485191 -0.020952 0.874157 11.699864 0.049242 0.998781 -0.003392 -0.407021 -0.873021 0.044692 0.485631 17.429398
0.446604 -0.016899 0.894572 12.564720 0.049808 0.998741 -0.005999 -0.421447 -0.893344 0.047236 0.446883 17.812912
0.409285 -0.013985 0.912299 13.439426 0.051090 0.998665 -0.007612 -0.441020 -0.910975 0.049725 0.409453 18.161171
0.373876 -0.014045 0.927372 14.344784 0.054678 0.998480 -0.006922 -0.454211 -0.925866 0.053295 0.374075 18.489005
0.340153 -0.013715 0.940270 15.275315 0.054120 0.998522 -0.005014 -0.468251 -0.938811 0.052593 0.340393 18.793238
0.306485 -0.011286 0.951808 16.223288 0.053547 0.998551 -0.005402 -0.481146 -0.950368 0.052623 0.306646 19.065527
0.273284 -0.010758 0.961873 17.177325 0.054308 0.998515 -0.004262 -0.492912 -0.960399 0.053402 0.273463 19.306817
0.240729 -0.014511 0.970484 18.143742 0.056895 0.998380 0.000815 -0.501662 -0.968923 0.055020 0.241165 19.521049
0.210076 -0.016229 0.977550 19.120613 0.058258 0.998293 0.004053 -0.504388 -0.975948 0.056099 0.210663 19.705744
0.179268 -0.014662 0.983691 20.104120 0.059024 0.998248 0.004123 -0.506909 -0.982028 0.057322 0.179819 19.857242
0.148220 -0.013104 0.988867 21.104574 0.058945 0.998251 0.004393 -0.510143 -0.987196 0.057638 0.148734 19.980344
0.117749 -0.014449 0.992938 22.117139 0.057943 0.998290 0.007656 -0.511343 -0.991351 0.056633 0.118384 20.077762
0.087759 -0.013710 0.996047 23.148630 0.057392 0.998314 0.008685 -0.513362 -0.994487 0.056403 0.088398 20.143964
0.059682 -0.011140 0.998155 24.196074 0.057254 0.998330 0.007719 -0.516734 -0.996574 0.056688 0.060220 20.181507
0.033930 -0.007073 0.999399 25.251968 0.057279 0.998345 0.005121 -0.522911 -0.997781 0.057071 0.034279 20.192505
0.010661 -0.002648 0.999940 26.324614 0.057579 0.998339 0.002030 -0.530852 -0.998284 0.057553 0.010796 20.181193
-0.010013 0.003313 0.999944 27.413403 0.057296 0.998354 -0.002734 -0.542046 -0.998307 0.057265 -0.010186 20.148286
-0.027969 0.008149 0.999575 28.515639 0.056785 0.998365 -0.006551 -0.558109 -0.997994 0.056578 -0.028386 20.098000
-0.043853 0.011419 0.998973 29.631715 0.056880 0.998341 -0.008915 -0.576976 -0.997417 0.056431 -0.044430 20.032616
-0.058593 0.014039 0.998183 30.766006 0.056341 0.998354 -0.010734 -0.597382 -0.996691 0.055610 -0.059287 19.951813
-0.071874 0.014357 0.997310 31.904028 0.055663 0.998396 -0.010361 -0.618243 -0.995859 0.054768 -0.072557 19.859991
-0.084322 0.014146 0.996338 33.052622 0.055978 0.998387 -0.009437 -0.642358 -0.994865 0.054977 -0.084977 19.754319
-0.095306 0.014846 0.995337 34.204026 0.059027 0.998214 -0.009237 -0.664006 -0.993696 0.057871 -0.096012 19.637272
-0.105685 0.015870 0.994273 35.365581 0.062689 0.997990 -0.009266 -0.683494 -0.992421 0.061350 -0.106468 19.507324
-0.115253 0.017405 0.993183 36.551079 0.065155 0.997826 -0.009926 -0.700817 -0.991197 0.063567 -0.116137 19.363861
-0.122526 0.017277 0.992315 37.755467 0.066448 0.997748 -0.009167 -0.716882 -0.990238 0.064814 -0.123398 19.213228
-0.127998 0.017042 0.991628 38.967944 0.067388 0.997691 -0.008448 -0.731471 -0.989482 0.065742 -0.128851 19.056179
-0.133436 0.018154 0.990891 40.222218 0.068910 0.997582 -0.008997 -0.746610 -0.988659 0.067082 -0.134364 18.885622
-0.138125 0.017413 0.990262 41.469582 0.070829 0.997459 -0.007660 -0.760483 -0.987879 0.069081 -0.139007 18.713007
-0.142254 0.018283 0.989661 42.745911 0.071789 0.997387 -0.008106 -0.774804 -0.987223 0.069893 -0.143194 18.529320
-0.145299 0.017862 0.989226 44.060535 0.070784 0.997463 -0.007614 -0.787862 -0.986852 0.068915 -0.146194 18.338300
-0.147786 0.018186 0.988852 45.377847 0.068883 0.997592 -0.008052 -0.801054 -0.986617 0.066925 -0.148682 18.143276
-0.150091 0.017893 0.988510 46.724757 0.068010 0.997655 -0.007732 -0.814023 -0.986330 0.066068 -0.150956 17.941572
-0.151974 0.020357 0.988175 48.114393 0.068444 0.997604 -0.010025 -0.831213 -0.986012 0.066111 -0.153003 17.729018
-0.152841 0.019900 0.988050 49.520300 0.068301 0.997619 -0.009527 -0.849121 -0.985887 0.066029 -0.153837 17.516638
-0.153176 0.021480 0.987965 50.965554 0.069275 0.997537 -0.010948 -0.872624 -0.985767 0.066764 -0.154287 17.296319
-0.153241 0.021411 0.987957 52.405962 0.069607 0.997516 -0.010821 -0.895952 -0.985734 0.067110 -0.154351 17.078715
-0.152509 0.021300 0.988072 53.841578 0.071046 0.997417 -0.010535 -0.919027 -0.985745 0.068592 -0.153628 16.863706
-0.151451 0.021179 0.988238 55.312980 0.070522 0.997454 -0.010568 -0.941541 -0.985946 0.068092 -0.152559 16.644790
-0.150200 0.020248 0.988448 56.797430 0.069481 0.997534 -0.009876 -0.964341 -0.986211 0.067195 -0.151236 16.426401
-0.148843 0.021101 0.988635 58.300107 0.070083 0.997483 -0.010739 -0.989062 -0.986374 0.067688 -0.149948 16.206084
-0.147850 0.021093 0.988785 59.834648 0.070669 0.997442 -0.010711 -1.014277 -0.986481 0.068292 -0.148963 15.983081
-0.146822 0.022213 0.988913 61.366308 0.070842 0.997417 -0.011886 -1.043322 -0.986623 0.068312 -0.148016 15.760127
-0.145685 0.021860 0.989089 62.933746 0.070590 0.997437 -0.011647 -1.070648 -0.986809 0.068123 -0.146855 15.535334
-0.144690 0.023231 0.989204 64.512816 0.068283 0.997575 -0.013440 -1.102854 -0.987118 0.065602 -0.145925 15.307196
-0.144046 0.024464 0.989268 66.105034 0.065806 0.997718 -0.015091 -1.141585 -0.987380 0.062926 -0.145327 15.078021
-0.143131 0.025954 0.989363 67.705297 0.066536 0.997647 -0.016545 -1.183157 -0.987465 0.063460 -0.144521 14.849645
-0.142114 0.027696 0.989463 69.303943 0.067884 0.997528 -0.018172 -1.225903 -0.987520 0.064586 -0.143642 14.623801
-0.141587 0.027096 0.989555 70.920377 0.067851 0.997540 -0.017607 -1.265618 -0.987598 0.064649 -0.143077 14.397783
-0.141403 0.027470 0.989571 72.555158 0.067795 0.997537 -0.018003 -1.305156 -0.987628 0.064542 -0.142917 14.168445
-0.141319 0.026694 0.989604 74.221952 0.066756 0.997618 -0.017378 -1.343185 -0.987711 0.063606 -0.142764 13.935809
-0.141093 0.028084 0.989598 75.895618 0.066861 0.997586 -0.018777 -1.384439 -0.987736 0.063516 -0.142630 13.700181
-0.141076 0.028829 0.989579 77.570148 0.066483 0.997595 -0.019585 -1.429161 -0.987764 0.063027 -0.142653 13.464389
-0.141358 0.029698 0.989513 79.281984 0.067606 0.997506 -0.020281 -1.476739 -0.987647 0.064030 -0.143013 13.222882
-0.142013 0.028922 0.989442 81.012966 0.068238 0.997481 -0.019363 -1.525279 -0.987510 0.064768 -0.143629 12.979732
-0.143149 0.027614 0.989316 82.725638 0.068743 0.997474 -0.017895 -1.572480 -0.987311 0.065447 -0.144686 12.737977
-0.144247 0.027233 0.989167 84.461532 0.069354 0.997441 -0.017347 -1.618654 -0.987108 0.066100 -0.145767 12.489555
-0.145349 0.026043 0.989038 86.225192 0.068501 0.997520 -0.016200 -1.661004 -0.987006 0.065395 -0.146772 12.236412
-0.146210 0.025995 0.988912 87.986581 0.068176 0.997543 -0.016142 -1.700279 -0.986901 0.065060 -0.147623 11.980861
-0.147018 0.023091 0.988864 89.775532 0.067423 0.997636 -0.013272 -1.737771 -0.986833 0.064721 -0.148227 11.721785
-0.148559 0.023117 0.988633 91.578786 0.068115 0.997592 -0.013091 -1.774791 -0.986555 0.065397 -0.149776 11.454127
-0.151755 0.021923 0.988175 93.379850 0.068987 0.997551 -0.011536 -1.806842 -0.986008 0.066421 -0.152896 11.180740
-0.155571 0.022838 0.987561 95.198136 0.069622 0.997500 -0.012100 -1.844077 -0.985368 0.066874 -0.156772 10.895317
-0.160054 0.020709 0.986891 97.050727 0.069041 0.997566 -0.009736 -1.876517 -0.984691 0.066578 -0.161094 10.598945
-0.164585 0.018782 0.986184 98.912616 0.068442 0.997626 -0.007578 -1.905342 -0.983985 0.066249 -0.165480 10.291219
-0.168774 0.017614 0.985497 100.761742 0.069416 0.997570 -0.005942 -1.933141 -0.983207 0.067407 -0.169587 9.976516
-0.172843 0.018674 0.984772 102.622020 0.070899 0.997463 -0.006470 -1.964772 -0.982394 0.068701 -0.173728 9.650238
-0.176949 0.018680 0.984043 104.499457 0.072956 0.997318 -0.005813 -1.991219 -0.981512 0.070763 -0.177837 9.313653
-0.181401 0.017014 0.983262 106.391620 0.073472 0.997290 -0.003702 -2.011091 -0.980661 0.071571 -0.182160 8.967896
-0.186418 0.015653 0.982346 108.327447 0.074009 0.997256 -0.001846 -2.027213 -0.979679 0.072358 -0.187065 8.604420
-0.191230 0.014252 0.981442 110.254579 0.074016 0.997257 -0.000060 -2.042231 -0.978751 0.072631 -0.191760 8.233012
-0.196473 0.013239 0.980420 112.179941 0.073551 0.997291 0.001273 -2.054188 -0.977747 0.072361 -0.196914 7.851193
-0.201714 0.013300 0.979354 114.117600 0.073248 0.997313 0.001543 -2.066748 -0.976702 0.072047 -0.202146 7.452843
-0.207051 0.014353 0.978225 116.090104 0.074826 0.997196 0.001207 -2.079769 -0.975464 0.073447 -0.207544 7.036666
-0.212167 0.014626 0.977124 118.024738 0.076190 0.997092 0.001618 -2.094170 -0.974259 0.074790 -0.212664 6.618198
-0.218105 0.015069 0.975809 120.006120 0.076405 0.997076 0.001680 -2.103179 -0.972930 0.074923 -0.218618 6.177135
-0.223889 0.015819 0.974486 121.983280 0.076808 0.997045 0.001461 -2.118171 -0.971583 0.075176 -0.224442 5.723187
-0.228958 0.015877 0.973307 123.934250 0.078143 0.996940 0.002119 -2.128926 -0.970295 0.076543 -0.229498 5.265542
-0.234286 0.015049 0.972051 125.916232 0.078958 0.996872 0.003597 -2.134936 -0.968956 0.077594 -0.234741 4.792444
-0.238063 0.016151 0.971115 127.861517 0.078201 0.996934 0.002591 -2.141671 -0.968096 0.076559 -0.238596 4.317340
-0.242152 0.018071 0.970070 129.827153 0.077435 0.996997 0.000757 -2.154932 -0.967143 0.075301 -0.242825 3.826723
-0.245671 0.018850 0.969170 131.839146 0.077588 0.996986 0.000276 -2.172553 -0.966243 0.075264 -0.246393 3.318538
-0.248699 0.019150 0.968391 133.818577 0.078194 0.996938 0.000367 -2.186838 -0.965419 0.075813 -0.249435 2.814259
-0.251953 0.018164 0.967569 135.799781 0.078431 0.996918 0.001708 -2.195033 -0.964556 0.076318 -0.252601 2.303768
-0.256226 0.017032 0.966467 137.791281 0.079331 0.996842 0.003465 -2.201987 -0.963356 0.077559 -0.256768 1.780873
-0.260908 0.016155 0.965228 139.788037 0.080504 0.996742 0.005078 -2.207515 -0.962001 0.079029 -0.261358 1.246204
-0.265240 0.015208 0.964062 141.814946 0.080488 0.996735 0.006421 -2.207893 -0.960817 0.079299 -0.265598 0.694711
-0.269720 0.016041 0.962805 143.873039 0.080938 0.996701 0.006068 -2.214479 -0.959531 0.079564 -0.270129 0.121683
-0.274334 0.016556 0.961492 145.940975 0.081740 0.996635 0.006161 -2.220159 -0.958154 0.080283 -0.274764 -0.463782
-0.278804 0.016193 0.960211 147.982601 0.081799 0.996625 0.006944 -2.225181 -0.956858 0.080480 -0.279188 -1.052042
-0.283254 0.016640 0.958900 150.021737 0.081070 0.996686 0.006652 -2.230216 -0.955612 0.079622 -0.283664 -1.650274
-0.287662 0.017196 0.957578 152.093410 0.080893 0.996702 0.006402 -2.235680 -0.954310 0.079303 -0.288104 -2.267541
-0.291641 0.018394 0.956351 154.175480 0.081252 0.996678 0.005609 -2.242279 -0.953071 0.079341 -0.292167 -2.897830
-0.295579 0.019047 0.955128 156.202071 0.082238 0.996597 0.005576 -2.252745 -0.951772 0.080196 -0.296139 -3.521101
-0.299715 0.020028 0.953818 158.225077 0.083953 0.996455 0.005457 -2.262997 -0.950328 0.081711 -0.300334 -4.153023
-0.303376 0.021054 0.952638 160.264500 0.084594 0.996403 0.004919 -2.271873 -0.949108 0.082080 -0.304066 -4.799437
-0.306919 0.021799 0.951486 162.323184 0.085574 0.996321 0.004778 -2.278976 -0.947881 0.082888 -0.307655 -5.459138
-0.310813 0.021982 0.950217 164.376709 0.085302 0.996343 0.004853 -2.288037 -0.946635 0.082563 -0.311552 -6.126314
-0.314780 0.021825 0.948914 166.473447 0.085641 0.996311 0.005495 -2.292250 -0.945293 0.082996 -0.315487 -6.817041
-0.318280 0.023944 0.947694 168.543946 0.085578 0.996325 0.003568 -2.301901 -0.944126 0.082237 -0.319160 -7.510785
-0.321617 0.025541 0.946525 170.645504 0.085020 0.996377 0.002003 -2.313194 -0.943045 0.081118 -0.322623 -8.222303
-0.324550 0.025753 0.945518 172.750631 0.084147 0.996452 0.001743 -2.325308 -0.942118 0.080128 -0.325566 -8.940269
-0.327192 0.024719 0.944634 174.860607 0.083557 0.996499 0.002866 -2.335637 -0.941256 0.079869 -0.328112 -9.664194
-0.329925 0.024540 0.943688 176.978610 0.084463 0.996420 0.003618 -2.345874 -0.940221 0.080900 -0.330817 -10.398285
-0.332597 0.025027 0.942737 179.049857 0.087019 0.996198 0.004254 -2.355863 -0.939046 0.083451 -0.333510 -11.123739
-0.335772 0.025411 0.941600 181.168805 0.089111 0.996010 0.004897 -2.362122 -0.937719 0.085551 -0.336697 -11.874085
-0.338790 0.025499 0.940516 183.312652 0.090554 0.995876 0.005619 -2.364372 -0.936494 0.087072 -0.339702 -12.640594
-0.342483 0.025078 0.939189 185.448131 0.092286 0.995708 0.007066 -2.364406 -0.934980 0.089094 -0.343328 -13.413786
-0.346332 0.025883 0.937755 187.578202 0.092287 0.995711 0.006601 -2.364048 -0.933561 0.088829 -0.347235 -14.196346
-0.349763 0.025401 0.936494 189.708094 0.091685 0.995762 0.007234 -2.364805 -0.932341 0.088392 -0.350609 -14.985785
-0.353356 0.025227 0.935149 191.869841 0.091101 0.995813 0.007560 -2.365227 -0.931042 0.087865 -0.354175 -15.796240
-0.356954 0.024900 0.933790 194.026514 0.090868 0.995829 0.008181 -2.364016 -0.929692 0.087772 -0.357728 -16.613796
-0.360283 0.024261 0.932527 196.169785 0.091305 0.995779 0.009369 -2.361884 -0.928364 0.088520 -0.360978 -17.434910
-0.363568 0.023857 0.931262 198.315202 0.092209 0.995684 0.010491 -2.358115 -0.926993 0.089685 -0.364199 -18.265773
-0.366425 0.024092 0.930136 200.457720 0.092882 0.995619 0.010803 -2.355078 -0.925800 0.090351 -0.367057 -19.104489
-0.369168 0.025158 0.929022 202.618375 0.093329 0.995584 0.010126 -2.350624 -0.924664 0.090443 -0.369886 -19.959135
-0.371744 0.025997 0.927971 204.773935 0.092725 0.995649 0.009253 -2.349338 -0.923693 0.089486 -0.372537 -20.818339
-0.374193 0.026561 0.926970 206.921028 0.091676 0.995753 0.008475 -2.346699 -0.922808 0.088152 -0.375039 -21.679934
-0.376835 0.027946 0.925859 209.059727 0.092120 0.995720 0.007439 -2.349723 -0.921688 0.088094 -0.377797 -22.546350
-0.379559 0.028490 0.924728 211.214541 0.093340 0.995605 0.007638 -2.354007 -0.920447 0.089213 -0.380550 -23.425586
-0.382029 0.028666 0.923706 213.372500 0.093731 0.995566 0.007870 -2.358923 -0.919385 0.089586 -0.383022 -24.312247
-0.384970 0.029388 0.922461 215.498117 0.095334 0.995413 0.008073 -2.364148 -0.917992 0.091049 -0.386006 -25.193941
-0.387717 0.030429 0.921276 217.598861 0.096765 0.995276 0.007850 -2.371081 -0.916685 0.092191 -0.388830 -26.072818
-0.390730 0.029179 0.920043 219.689492 0.097970 0.995139 0.010046 -2.371335 -0.915277 0.094061 -0.391689 -26.953381
-0.393993 0.030246 0.918615 221.752024 0.098686 0.995073 0.009563 -2.372489 -0.913800 0.094422 -0.395037 -27.833624
-0.397063 0.031284 0.917258 223.841336 0.097681 0.995183 0.008342 -2.374885 -0.912578 0.092911 -0.398206 -28.734225
-0.400134 0.031286 0.915922 225.925434 0.096638 0.995286 0.008221 -2.378044 -0.911347 0.091803 -0.401271 -29.639252
-0.403581 0.030182 0.914446 227.980048 0.096498 0.995286 0.009738 -2.377800 -0.909841 0.092172 -0.404590 -30.539195
-0.407029 0.029746 0.912930 230.028144 0.097245 0.995201 0.010930 -2.376746 -0.908224 0.093226 -0.407968 -31.445018
-0.411005 0.028129 0.911199 232.117959 0.097094 0.995189 0.013073 -2.370370 -0.906448 0.093845 -0.411759 -32.379790
-0.414622 0.027842 0.909567 234.177301 0.096720 0.995218 0.013626 -2.365379 -0.904839 0.093623 -0.415332 -33.312654
-0.418765 0.027751 0.907671 236.243361 0.097284 0.995152 0.014457 -2.356195 -0.902869 0.094356 -0.419434 -34.260060
-0.422847 0.027240 0.905791 238.306424 0.097116 0.995154 0.015409 -2.344013 -0.900982 0.094482 -0.423443 -35.216941
-0.427094 0.026369 0.903823 240.371790 0.097027 0.995140 0.016816 -2.329772 -0.898986 0.094878 -0.427577 -36.186313
-0.431592 0.025983 0.901695 242.403235 0.097350 0.995089 0.017922 -2.314234 -0.896801 0.095515 -0.432002 -37.152849
-0.435636 0.026906 0.899720 244.439902 0.098095 0.995019 0.017741 -2.299447 -0.894761 0.095987 -0.436106 -38.133834
-0.439464 0.027718 0.897832 246.482992 0.098380 0.994996 0.017437 -2.283997 -0.892857 0.095991 -0.439991 -39.128804
-0.443829 0.027805 0.895680 248.487048 0.098287 0.994999 0.017815 -2.268076 -0.890705 0.095941 -0.444342 -40.116446
-0.448017 0.027478 0.893602 250.522163 0.099319 0.994871 0.019203 -2.248732 -0.888491 0.097355 -0.448448 -41.130411
-0.452082 0.028163 0.891531 252.584315 0.099333 0.994874 0.018943 -2.227893 -0.886428 0.097122 -0.452563 -42.171390
-0.455901 0.029086 0.889555 254.616109 0.099565 0.994859 0.018499 -2.208235 -0.884444 0.097002 -0.456453 -43.209882
-0.459228 0.031647 0.887754 256.641003 0.100509 0.994799 0.016530 -2.192982 -0.882614 0.096818 -0.460021 -44.256453
-0.462552 0.034356 0.885926 258.647424 0.101661 0.994714 0.014504 -2.182046 -0.880744 0.096773 -0.463600 -45.303219
-0.465291 0.036028 0.884424 260.674710 0.101805 0.994719 0.013038 -2.172084 -0.879284 0.096105 -0.466501 -46.367527
-0.468052 0.038112 0.882879 262.682023 0.103094 0.994603 0.011720 -2.164109 -0.877666 0.096505 -0.469455 -47.429041
-0.470673 0.040943 0.881357 264.679793 0.104924 0.994432 0.009837 -2.159273 -0.876046 0.097105 -0.472348 -48.494284
-0.473663 0.042106 0.879699 266.689355 0.104918 0.994441 0.008894 -2.155283 -0.874434 0.096509 -0.475448 -49.573726
-0.476722 0.042887 0.878007 268.663223 0.105655 0.994364 0.008796 -2.151453 -0.872681 0.096959 -0.478566 -50.642558
-0.479739 0.042180 0.876396 270.657719 0.105936 0.994321 0.010134 -2.145221 -0.870992 0.097704 -0.481483 -51.729711
-0.482993 0.043502 0.874543 272.641223 0.106672 0.994249 0.009456 -2.140654 -0.869102 0.097856 -0.484856 -52.823920
-0.485815 0.043156 0.872996 274.651475 0.107238 0.994178 0.010530 -2.133415 -0.867458 0.098734 -0.487614 -53.938112
-0.488410 0.042247 0.871591 276.668656 0.107605 0.994120 0.012113 -2.121866 -0.865954 0.099704 -0.490084 -55.063836
-0.490778 0.043194 0.870213 278.699241 0.107015 0.994197 0.011005 -2.112031 -0.864688 0.098527 -0.492552 -56.208799
-0.493075 0.044209 0.868863 280.747007 0.105878 0.994334 0.009492 -2.106900 -0.863520 0.096674 -0.494962 -57.370177
-0.494855 0.045202 0.867799 282.791764 0.105036 0.994436 0.008098 -2.106477 -0.862604 0.095158 -0.496849 -58.534527
-0.496567 0.044823 0.866840 284.822176 0.104549 0.994484 0.008468 -2.102584 -0.861678 0.094832 -0.498514 -59.692839
-0.498876 0.044024 0.865555 286.844797 0.103789 0.994557 0.009235 -2.096445 -0.860436 0.094442 -0.500729 -60.853631
-0.501070 0.044777 0.864247 288.879456 0.102919 0.994657 0.008136 -2.093115 -0.859265 0.093025 -0.503001 -62.029932
-0.503158 0.044976 0.863023 290.896819 0.102387 0.994714 0.007855 -2.091585 -0.858107 0.092315 -0.505103 -63.201314
-0.505168 0.045288 0.861832 292.867170 0.103587 0.994585 0.008455 -2.088064 -0.856781 0.093546 -0.507124 -64.350175
-0.507101 0.045975 0.860659 294.796998 0.106507 0.994265 0.009642 -2.080559 -0.855280 0.096556 -0.509090 -65.481733
-0.510344 0.044575 0.858814 296.735977 0.106694 0.994222 0.011799 -2.065738 -0.853326 0.097652 -0.512151 -66.630223
-0.514256 0.042570 0.856580 298.664760 0.105917 0.994274 0.014175 -2.047060 -0.851071 0.098016 -0.515820 -67.784134
-0.518513 0.039897 0.854139 300.592624 0.104308 0.994402 0.016872 -2.024198 -0.848684 0.097842 -0.519771 -68.949960
-0.522601 0.038940 0.851688 302.526574 0.103287 0.994491 0.017909 -1.998598 -0.846298 0.097327 -0.523744 -70.133638
-0.526293 0.039764 0.849373 304.476771 0.103055 0.994525 0.017297 -1.975928 -0.844035 0.096636 -0.527510 -71.340541
-0.529492 0.041761 0.847287 306.417767 0.103032 0.994559 0.015368 -1.959304 -0.842035 0.095435 -0.530913 -72.553273
-0.532409 0.043163 0.845386 308.352649 0.103276 0.994551 0.014262 -1.943001 -0.840163 0.094901 -0.533966 -73.770220
-0.535345 0.044235 0.843474 310.258798 0.102807 0.994615 0.013089 -1.929860 -0.838353 0.093722 -0.537010 -74.978467
-0.538712 0.043620 0.841360 312.143168 0.101161 0.994783 0.013198 -1.916466 -0.836395 0.092223 -0.540314 -76.182796
-0.541796 0.041894 0.839465 314.044777 0.100215 0.994852 0.015030 -1.900692 -0.834514 0.092270 -0.543205 -77.404414
-0.544776 0.041238 0.837567 315.934779 0.100492 0.994803 0.016383 -1.885254 -0.832538 0.093094 -0.546089 -78.628852
-0.547613 0.040998 0.835727 317.819096 0.099922 0.994856 0.016670 -1.867366 -0.830744 0.092636 -0.548892 -79.858936
-0.550186 0.041734 0.833999 319.662750 0.099494 0.994912 0.015850 -1.848182 -0.829094 0.091698 -0.551538 -81.071312
-0.552735 0.041814 0.832307 321.525721 0.098723 0.994993 0.015576 -1.830080 -0.827488 0.090777 -0.554096 -82.302759
-0.554891 0.040345 0.830944 323.361525 0.098638 0.994969 0.017560 -1.806657 -0.826055 0.091706 -0.556078 -83.518711
-0.557204 0.039777 0.829422 325.219586 0.098086 0.995012 0.018176 -1.780453 -0.824562 0.091483 -0.558326 -84.758008
-0.559262 0.039367 0.828056 327.094018 0.097747 0.995035 0.018713 -1.754101 -0.823208 0.091406 -0.560333 -86.015180
-0.561360 0.038257 0.826687 328.970290 0.099170 0.994843 0.021302 -1.722069 -0.821608 0.093941 -0.562259 -87.276173
-0.563514 0.036186 0.825314 330.849566 0.101078 0.994554 0.025409 -1.681163 -0.819899 0.097740 -0.564102 -88.544474
-0.566037 0.034388 0.823662 332.666952 0.103133 0.994234 0.029366 -1.634481 -0.817903 0.101569 -0.566319 -89.779932
-0.568373 0.031867 0.822153 334.600674 0.101610 0.994319 0.031705 -1.577437 -0.816472 0.101560 -0.568382 -91.103720
-0.570057 0.031068 0.821017 336.560373 0.100168 0.994459 0.031918 -1.522976 -0.815476 0.100435 -0.570010 -92.452077
-0.572562 0.031312 0.819263 338.529891 0.100858 0.994371 0.032482 -1.467647 -0.813634 0.101227 -0.572497 -93.818419
-0.575262 0.029320 0.817444 340.501387 0.101042 0.994251 0.035445 -1.405801 -0.811705 0.102986 -0.574917 -95.193897
-0.578284 0.025799 0.815427 342.480955 0.097941 0.994467 0.037995 -1.341122 -0.809935 0.101836 -0.577611 -96.584539
-0.580834 0.023182 0.813691 344.469858 0.096468 0.994511 0.040529 -1.268103 -0.808285 0.102036 -0.579882 -97.989954
-0.583299 0.022055 0.811958 346.459477 0.096225 0.994468 0.042114 -1.193782 -0.806537 0.102695 -0.582195 -99.405926
-0.585668 0.022092 0.810249 348.445790 0.096365 0.994437 0.042542 -1.119742 -0.804802 0.102995 -0.584539 -100.828935
-0.587636 0.021318 0.808844 350.425914 0.095721 0.994465 0.043332 -1.045266 -0.803443 0.102887 -0.586424 -102.254156
-0.589750 0.020445 0.807327 352.406735 0.095141 0.994477 0.044316 -0.969559 -0.801962 0.102945 -0.588438 -103.686908
-0.591885 0.018958 0.805799 354.373567 0.095904 0.994278 0.047052 -0.886272 -0.800296 0.105129 -0.590317 -105.112886
-0.594815 0.013162 0.803755 356.174585 0.099236 0.993420 0.057171 -0.793119 -0.797714 0.113767 -0.592207 -106.412450
-0.597453 0.012720 0.801802 357.936538 0.108044 0.992034 0.064769 -0.694579 -0.794591 0.125326 -0.594068 -107.700666
-0.598895 0.020368 0.800568 359.775353 0.112597 0.991888 0.058997 -0.583664 -0.792872 0.125474 -0.596329 -109.065161
-0.600330 0.023016 0.799420 361.652436 0.107837 0.992787 0.052398 -0.480640 -0.792448 0.117663 -0.598482 -110.462286
-0.602848 0.015689 0.797701 363.455830 0.096700 0.993873 0.053532 -0.377704 -0.791974 0.109409 -0.600671 -111.805247
-0.605702 0.005971 0.795669 365.360477 0.087449 0.994414 0.059108 -0.258994 -0.790871 0.105383 -0.602841 -113.231569
-0.608581 -0.000297 0.793491 367.294674 0.083987 0.994359 0.064788 -0.131721 -0.789034 0.106072 -0.605123 -114.692155
-0.610501 -0.000741 0.792014 369.238725 0.084393 0.994246 0.065983 -0.006354 -0.787506 0.107123 -0.606926 -116.171793
-0.612581 0.003944 0.790397 371.186295 0.086092 0.994371 0.061762 0.107034 -0.785705 0.105881 -0.609473 -117.670454
-0.613467 0.009557 0.789662 373.150129 0.090281 0.994220 0.058104 0.212952 -0.784543 0.106936 -0.610784 -119.181785
-0.615592 0.012071 0.787972 375.113402 0.092568 0.994068 0.057089 0.319617 -0.782609 0.108085 -0.613058 -120.700823
-0.617837 0.012561 0.786206 377.084115 0.092283 0.994121 0.056638 0.427297 -0.780872 0.107547 -0.615363 -122.235232
-0.620068 0.012176 0.784453 379.053561 0.090288 0.994344 0.055935 0.534966 -0.779335 0.105511 -0.617660 -123.777788
-0.621797 0.011741 0.783090 381.027582 0.088511 0.994535 0.055369 0.641629 -0.778160 0.103741 -0.619439 -125.330399
-0.622987 0.011782 0.782143 382.995085 0.088411 0.994540 0.055439 0.747778 -0.777220 0.103688 -0.620627 -126.881431
-0.623510 0.011536 0.781730 384.968111 0.088362 0.994524 0.055802 0.854954 -0.776806 0.103869 -0.621115 -128.438330
-0.624237 0.012025 0.781142 386.937516 0.088333 0.994556 0.055280 0.961551 -0.776225 0.103509 -0.621900 -129.996878
-0.625214 0.011648 0.780366 388.899976 0.086210 0.994801 0.054221 1.066470 -0.775677 0.101175 -0.622967 -131.554538
-0.625815 0.011193 0.779891 390.854068 0.083779 0.995077 0.052946 1.167537 -0.775459 0.098473 -0.623672 -133.107715
-0.626264 0.010955 0.779534 392.801690 0.081893 0.995294 0.051805 1.264064 -0.775298 0.096282 -0.624213 -134.657764
-0.626185 0.010440 0.779605 394.745037 0.083377 0.995073 0.053644 1.363903 -0.775204 0.098592 -0.623970 -136.199674
-0.626655 0.009362 0.779240 396.677183 0.086924 0.994528 0.057955 1.471400 -0.774433 0.104053 -0.624040 -137.730869
-0.627075 0.008500 0.778912 398.634152 0.088702 0.994216 0.060561 1.589523 -0.773892 0.107067 -0.624201 -139.285159
-0.627192 0.007545 0.778828 400.592854 0.088691 0.994141 0.061792 1.714600 -0.773798 0.107831 -0.624186 -140.841745
-0.627359 0.005419 0.778711 402.547246 0.089055 0.993915 0.064830 1.844983 -0.773621 0.110020 -0.624024 -142.392044
-0.627656 0.003556 0.778482 404.489182 0.090348 0.993565 0.068306 1.982166 -0.773230 0.113207 -0.623939 -143.931845
-0.628045 0.002817 0.778171 406.424751 0.090461 0.993478 0.069412 2.122542 -0.772901 0.113988 -0.624204 -145.470761
-0.628356 0.001851 0.777923 408.364086 0.088289 0.993706 0.068950 2.263787 -0.772899 0.112007 -0.624564 -147.016236
-0.628408 0.001382 0.777883 410.279847 0.084287 0.994232 0.066325 2.401024 -0.773304 0.107244 -0.624899 -148.544053
-0.627229 0.000987 0.778834 412.192882 0.078741 0.994956 0.062153 2.528055 -0.774844 0.100311 -0.624143 -150.065575
-0.625026 0.000902 0.780603 414.120292 0.074629 0.995488 0.058604 2.646025 -0.777028 0.094885 -0.622273 -151.587967
-0.623872 -0.001301 0.781525 416.056986 0.076313 0.995119 0.062575 2.767009 -0.777791 0.098679 -0.620728 -153.102907
-0.623600 -0.002898 0.781738 417.991871 0.081375 0.994320 0.068600 2.897659 -0.777496 0.106393 -0.619822 -154.614292
-0.622100 -0.005085 0.782921 419.958714 0.083054 0.993908 0.072450 3.045845 -0.778520 0.110096 -0.617888 -156.147354
-0.620053 -0.004468 0.784547 421.928735 0.084621 0.993769 0.072539 3.197721 -0.779982 0.111367 -0.615812 -157.679166
-0.617740 -0.003589 0.786374 423.903507 0.084101 0.993953 0.070602 3.343978 -0.781872 0.109748 -0.613703 -159.207740
-0.616053 -0.003229 0.787698 425.888781 0.083757 0.994054 0.069581 3.487723 -0.783239 0.108841 -0.612119 -160.736616
-0.614488 -0.003050 0.788920 427.849022 0.086539 0.993698 0.071246 3.629407 -0.784166 0.112053 -0.610351 -162.233435
-0.613780 -0.008508 0.789431 429.804879 0.086148 0.993249 0.077685 3.787067 -0.784762 0.115690 -0.608903 -163.717123
-0.613406 -0.015940 0.789607 431.752846 0.085656 0.992556 0.086579 3.966624 -0.785109 0.120743 -0.607474 -165.188964
-0.612691 -0.019810 0.790074 433.730075 0.087655 0.991815 0.092843 4.165043 -0.785446 0.126139 -0.605940 -166.683546
-0.612068 -0.020322 0.790544 435.699948 0.089017 0.991546 0.094409 4.368023 -0.785779 0.128157 -0.605084 -168.175887
-0.611314 -0.019845 0.791139 437.683081 0.087414 0.991875 0.092425 4.569184 -0.786545 0.125657 -0.604613 -169.679641
-0.610167 -0.020002 0.792020 439.673065 0.084880 0.992277 0.090450 4.765562 -0.787713 0.122417 -0.603757 -171.184840
-0.609165 -0.022003 0.792738 441.664918 0.083197 0.992326 0.091474 4.963433 -0.788667 0.121676 -0.602659 -172.684151
-0.608020 -0.023042 0.793587 443.667314 0.084578 0.992011 0.093604 5.166110 -0.789403 0.124033 -0.601214 -174.184822
-0.607120 -0.022668 0.794287 445.668549 0.086788 0.991722 0.094640 5.370057 -0.789857 0.126392 -0.600126 -175.682109
-0.606366 -0.021113 0.794905 447.666987 0.088412 0.991660 0.093781 5.572881 -0.790255 0.127144 -0.599442 -177.176640
-0.605275 -0.019975 0.795765 449.663812 0.087620 0.991939 0.091544 5.773188 -0.791179 0.125134 -0.598646 -178.666573
-0.603678 -0.019870 0.796980 451.663148 0.086417 0.992168 0.090193 5.969930 -0.792531 0.123320 -0.597233 -180.151571
-0.602390 -0.019600 0.797961 453.659248 0.086415 0.992222 0.089607 6.163965 -0.793510 0.122935 -0.596010 -181.628170
-0.601425 -0.019869 0.798682 455.675991 0.086028 0.992268 0.089466 6.357702 -0.794284 0.122516 -0.595065 -183.116526
-0.600417 -0.019992 0.799437 457.705593 0.085010 0.992428 0.088665 6.549768 -0.795156 0.121196 -0.594170 -184.612083
-0.599345 -0.020395 0.800231 459.734249 0.084633 0.992458 0.088681 6.741252 -0.796004 0.120876 -0.593099 -186.102272
-0.598299 -0.019516 0.801035 461.768620 0.086286 0.992321 0.088624 6.930159 -0.796614 0.122142 -0.592020 -187.592382
-0.597274 -0.018247 0.801829 463.803785 0.087989 0.992216 0.088122 7.118507 -0.797196 0.123186 -0.591019 -189.079271
-0.596124 -0.018109 0.802688 465.845352 0.087521 0.992323 0.087386 7.306954 -0.798108 0.122345 -0.589962 -190.566975
-0.595142 -0.018867 0.803399 467.891373 0.086629 0.992393 0.087479 7.496410 -0.798938 0.121660 -0.588980 -192.053232
-0.594434 -0.019655 0.803904 469.939096 0.086522 0.992335 0.088240 7.687961 -0.799476 0.122008 -0.588177 -193.537762
-0.593950 -0.019968 0.804254 471.987876 0.086597 0.992297 0.088589 7.880066 -0.799828 0.122263 -0.587646 -195.021736
-0.593320 -0.019174 0.804738 474.037199 0.087370 0.992277 0.088058 8.070686 -0.800211 0.122557 -0.587063 -196.504342
-0.592715 -0.018180 0.805207 476.086944 0.087862 0.992320 0.087081 8.258216 -0.800606 0.122361 -0.586565 -197.985478
-0.592442 -0.019111 0.805386 478.135642 0.086604 0.992415 0.087255 8.446809 -0.800944 0.121444 -0.586293 -199.464427
-0.592013 -0.020609 0.805664 480.185343 0.085401 0.992441 0.088141 8.637400 -0.801390 0.120985 -0.585778 -200.941579
-0.591614 -0.020939 0.805949 482.238897 0.085233 0.992437 0.088350 8.829208 -0.801703 0.120962 -0.585355 -202.420379
-0.591056 -0.020952 0.806358 484.292242 0.085869 0.992348 0.088726 9.020911 -0.802047 0.121683 -0.584734 -203.896386
-0.590815 -0.019713 0.806566 486.343245 0.087098 0.992301 0.088052 9.209923 -0.802092 0.122273 -0.584549 -205.371193
-0.590347 -0.018817 0.806930 488.396450 0.087568 0.992335 0.087205 9.397082 -0.802386 0.122142 -0.584173 -206.846236
-0.589979 -0.018933 0.807196 490.450175 0.087496 0.992339 0.087227 9.584699 -0.802664 0.122088 -0.583803 -208.319536
-0.589703 -0.018546 0.807407 492.505006 0.088243 0.992272 0.087241 9.773199 -0.802785 0.122694 -0.583509 -209.791794
-0.589296 -0.018019 0.807716 494.561062 0.089156 0.992195 0.087182 9.961773 -0.802983 0.123389 -0.583090 -211.263091
-0.589089 -0.018142 0.807864 496.616340 0.088702 0.992255 0.086964 10.149931 -0.803185 0.122888 -0.582917 -212.734084
-0.588928 -0.018331 0.807978 498.672008 0.087838 0.992369 0.086538 10.336143 -0.803398 0.121936 -0.582823 -214.205436
-0.588649 -0.018734 0.808171 500.724832 0.086841 0.992481 0.086259 10.522773 -0.803711 0.120959 -0.582596 -215.673287
-0.588399 -0.017362 0.808384 502.778255 0.087890 0.992473 0.085289 10.704970 -0.803780 0.121233 -0.582443 -217.141731
-0.588125 -0.015993 0.808612 504.831272 0.088555 0.992520 0.084039 10.883512 -0.803908 0.121032 -0.582309 -218.609242
-0.587650 -0.015658 0.808964 506.890626 0.088211 0.992614 0.083291 11.061519 -0.804293 0.120305 -0.581927 -220.079207
-0.587025 -0.016290 0.809405 508.948324 0.087740 0.992629 0.083611 11.241046 -0.804801 0.120098 -0.581268 -221.544082
-0.586851 -0.016671 0.809523 511.004674 0.087950 0.992561 0.084199 11.421494 -0.804904 0.120610 -0.581019 -223.006938
-0.586371 -0.016195 0.809881 513.062975 0.088670 0.992509 0.084046 11.600709 -0.805175 0.121094 -0.580542 -224.470432
-0.586196 -0.017000 0.809991 515.121360 0.087364 0.992624 0.084059 11.781035 -0.805445 0.120040 -0.580386 -225.933551
-0.585768 -0.018107 0.810276 517.182053 0.085779 0.992751 0.084196 11.960699 -0.805927 0.118824 -0.579968 -227.396389
-0.585425 -0.018989 0.810504 519.238918 0.085120 0.992761 0.084741 12.142599 -0.806246 0.118600 -0.579570 -228.854615
-0.584977 -0.018722 0.810834 521.297994 0.087075 0.992506 0.085737 12.326709 -0.806362 0.120758 -0.578963 -230.311105
-0.584317 -0.016937 0.811349 523.359187 0.090224 0.992229 0.085691 12.511179 -0.806494 0.123274 -0.578248 -231.767816
-0.583804 -0.016242 0.811732 525.420689 0.091064 0.992182 0.085347 12.694003 -0.806772 0.123746 -0.577760 -233.223303
-0.583210 -0.017457 0.812134 527.482646 0.088623 0.992435 0.084975 12.877496 -0.807473 0.121532 -0.577250 -234.677050
-0.582565 -0.017928 0.812586 529.547145 0.087033 0.992633 0.084296 13.059217 -0.808111 0.119830 -0.576713 -236.131047
-0.582041 -0.017390 0.812973 531.614757 0.087314 0.992655 0.083744 13.239651 -0.808458 0.119726 -0.576247 -237.585321
-0.581713 -0.016823 0.813220 533.681277 0.088083 0.992604 0.083542 13.417553 -0.808611 0.120228 -0.575929 -239.037294
-0.581104 -0.015999 0.813672 535.745034 0.088782 0.992594 0.082923 13.592834 -0.808972 0.120426 -0.575379 -240.484905
-0.580990 -0.015668 0.813760 537.809685 0.088116 0.992728 0.082026 13.766171 -0.809127 0.119362 -0.575383 -241.933822
-0.580388 -0.015862 0.814185 539.881342 0.087082 0.992869 0.081420 13.940335 -0.809671 0.118156 -0.574867 -243.384937
-0.579655 -0.016683 0.814691 541.953630 0.086250 0.992919 0.081700 14.115378 -0.810285 0.117625 -0.574111 -244.832557
-0.578652 -0.016442 0.815409 544.029145 0.086600 0.992906 0.081476 14.289763 -0.810964 0.117761 -0.573123 -246.279051
-0.577598 -0.015956 0.816165 546.104906 0.086431 0.992994 0.080580 14.461432 -0.811733 0.117085 -0.572172 -247.722302
-0.576583 -0.016231 0.816877 548.175430 0.085500 0.993115 0.080081 14.632098 -0.812553 0.116017 -0.571225 -249.158290
-0.575432 -0.017833 0.817655 550.252947 0.084798 0.993073 0.081336 14.805924 -0.813441 0.116139 -0.569934 -250.592385
-0.574385 -0.019680 0.818349 552.331833 0.084188 0.992990 0.082971 14.983321 -0.814245 0.116553 -0.568701 -252.023073
-0.573114 -0.019097 0.819253 554.412294 0.085376 0.992897 0.082870 15.159658 -0.815016 0.117439 -0.567412 -253.452060
-0.571727 -0.017152 0.820264 556.495945 0.086302 0.992978 0.080917 15.332419 -0.815892 0.117053 -0.566232 -254.880332
-0.570497 -0.015840 0.821147 558.582945 0.086875 0.993042 0.079513 15.501317 -0.816692 0.116699 -0.565150 -256.305778
-0.569550 -0.015788 0.821805 560.671190 0.086179 0.993158 0.078807 15.669391 -0.817426 0.115707 -0.564293 -257.728440
-0.568442 -0.016368 0.822561 562.755981 0.085167 0.993261 0.078620 15.836008 -0.818304 0.114746 -0.563216 -259.144396
-0.567265 -0.015480 0.823390 564.851966 0.086415 0.993185 0.078207 16.000977 -0.818989 0.115517 -0.562061 -260.562999
-0.566244 -0.015583 0.824090 566.950132 0.086874 0.993124 0.078472 16.165783 -0.819646 0.116027 -0.560997 -261.978567
-0.565174 -0.015474 0.824826 569.049842 0.087314 0.993087 0.078458 16.330728 -0.820338 0.116361 -0.559915 -263.391290
-0.564202 -0.016393 0.825474 571.152168 0.086980 0.993060 0.079171 16.497635 -0.821042 0.116469 -0.558860 -264.801697
-0.563224 -0.016646 0.826137 573.255119 0.087122 0.993029 0.079404 16.665268 -0.821699 0.116697 -0.557846 -266.209292
-0.562623 -0.017575 0.826526 575.355183 0.086895 0.992979 0.080265 16.834109 -0.822134 0.116979 -0.557145 -267.612029
-0.562439 -0.018984 0.826620 577.456019 0.087056 0.992821 0.082034 17.007487 -0.822243 0.118102 -0.556748 -269.013861
-0.562222 -0.018511 0.826779 579.555345 0.088282 0.992694 0.082258 17.181488 -0.822261 0.119237 -0.556479 -270.415339
-0.561897 -0.018227 0.827006 581.655339 0.087817 0.992794 0.081547 17.355907 -0.822533 0.118447 -0.556246 -271.816856
-0.561384 -0.018889 0.827340 583.758809 0.086329 0.992949 0.081248 17.529894 -0.823041 0.117034 -0.555794 -273.218050
-0.560952 -0.020510 0.827594 585.860315 0.085394 0.992927 0.082488 17.707029 -0.823433 0.116943 -0.555232 -274.615220
-0.560659 -0.020507 0.827793 587.962632 0.086788 0.992732 0.083374 17.885259 -0.823486 0.118587 -0.554804 -276.012079
-0.560085 -0.019221 0.828212 590.067244 0.088953 0.992556 0.083191 18.062284 -0.823645 0.120266 -0.554206 -277.409234
-0.559647 -0.017764 0.828540 592.175147 0.090407 0.992495 0.082346 18.238581 -0.823785 0.120991 -0.553841 -278.807135
-0.559218 -0.017483 0.828836 594.285513 0.090172 0.992564 0.081776 18.414168 -0.824102 0.120469 -0.553482 -280.205060
-0.558801 -0.017880 0.829109 596.396726 0.088968 0.992706 0.081370 18.589564 -0.824516 0.119233 -0.553134 -281.602190
-0.558266 -0.018130 0.829464 598.508197 0.088052 0.992821 0.080963 18.762627 -0.824976 0.118235 -0.552661 -282.997894
-0.557786 -0.018427 0.829780 600.620348 0.087545 0.992871 0.080898 18.934539 -0.825355 0.117767 -0.552196 -284.391975
-0.557278 -0.018265 0.830125 602.733943 0.088169 0.992805 0.081033 19.106516 -0.825631 0.118349 -0.551657 -285.784755
-0.556808 -0.018326 0.830439 604.848731 0.088740 0.992723 0.081408 19.279578 -0.825887 0.119022 -0.551130 -287.176356
-0.556044 -0.018333 0.830950 606.964226 0.088287 0.992798 0.080983 19.452016 -0.826450 0.118392 -0.550421 -288.565979
-0.555344 -0.018399 0.831417 609.080782 0.087797 0.992871 0.080616 19.625038 -0.826973 0.117766 -0.549770 -289.953682
-0.554644 -0.019034 0.831870 611.196604 0.087492 0.992863 0.081052 19.798887 -0.827475 0.117737 -0.549019 -291.337951
-0.553698 -0.019381 0.832492 613.311796 0.087585 0.992829 0.081367 19.974085 -0.828099 0.117967 -0.548029 -292.717993
-0.553012 -0.018526 0.832967 615.428523 0.088969 0.992724 0.081147 20.146433 -0.828409 0.118984 -0.547339 -294.097634
-0.552370 -0.018574 0.833392 617.546568 0.088738 0.992761 0.080942 20.318216 -0.828862 0.118664 -0.546723 -295.476191
-0.551742 -0.018415 0.833811 619.666289 0.088257 0.992854 0.080328 20.489086 -0.829332 0.117911 -0.546173 -296.853869
