0.999996 0.002562 -0.001185 -0.008313 -0.002565 0.999993 -0.002669 -0.016209 0.001178 0.002672 0.999996 1.583053
0.999992 0.003021 -0.002525 -0.022095 -0.003029 0.999990 -0.003173 -0.037508 0.002516 0.003181 0.999992 3.117651
0.999988 0.002606 -0.004099 -0.040154 -0.002615 0.999995 -0.002030 -0.059585 0.004094 0.002041 0.999990 4.676975
0.999981 0.002218 -0.005818 -0.060023 -0.002227 0.999997 -0.001416 -0.081125 0.005815 0.001429 0.999982 6.199141
0.999968 0.002316 -0.007688 -0.080984 -0.002332 0.999995 -0.001993 -0.102961 0.007683 0.002011 0.999968 7.711253
0.999951 0.002384 -0.009590 -0.104584 -0.002409 0.999994 -0.002660 -0.126732 0.009584 0.002683 0.999950 9.215673
0.999936 0.001139 -0.011302 -0.129353 -0.001193 0.999988 -0.004810 -0.154771 0.011297 0.004823 0.999924 10.727273
0.999922 0.000993 -0.012486 -0.156931 -0.001067 0.999982 -0.005914 -0.184685 0.012480 0.005927 0.999904 12.209805
0.999905 0.000620 -0.013785 -0.187269 -0.000696 0.999985 -0.005466 -0.216702 0.013781 0.005476 0.999890 13.674786
0.999888 0.000618 -0.014975 -0.220094 -0.000685 0.999990 -0.004526 -0.247890 0.014972 0.004535 0.999878 15.167841
0.999877 0.001205 -0.015639 -0.252977 -0.001255 0.999994 -0.003179 -0.275412 0.015635 0.003198 0.999873 16.632054
0.999862 0.002406 -0.016451 -0.287130 -0.002438 0.999995 -0.001921 -0.303282 0.016447 0.001960 0.999863 18.119266
0.999841 0.003486 -0.017485 -0.322095 -0.003504 0.999993 -0.000991 -0.326823 0.017482 0.001053 0.999847 19.600597
0.999823 0.003473 -0.018484 -0.358693 -0.003489 0.999994 -0.000834 -0.350287 0.018481 0.000898 0.999829 21.094972
0.999812 0.003448 -0.019088 -0.395836 -0.003454 0.999994 -0.000287 -0.372766 0.019087 0.000353 0.999818 22.568769
0.999809 0.003873 -0.019157 -0.432342 -0.003870 0.999993 0.000193 -0.395265 0.019158 -0.000119 0.999816 24.035335
0.999793 0.005357 -0.019636 -0.469063 -0.005343 0.999986 0.000757 -0.418266 0.019640 -0.000652 0.999807 25.513373
0.999789 0.004012 -0.020164 -0.506693 -0.003989 0.999992 0.001199 -0.439679 0.020168 -0.001119 0.999796 26.962315
0.999788 0.001775 -0.020525 -0.543312 -0.001746 0.999998 0.001406 -0.459022 0.020528 -0.001370 0.999788 28.369344
0.999785 0.001377 -0.020695 -0.577275 -0.001398 0.999999 -0.001025 -0.480435 0.020693 0.001053 0.999785 29.801793
0.999781 0.003912 -0.020583 -0.610738 -0.003962 0.999989 -0.002399 -0.505449 0.020573 0.002480 0.999785 31.208582
0.999771 0.004997 -0.020792 -0.643226 -0.005091 0.999977 -0.004482 -0.534749 0.020769 0.004587 0.999774 32.605855
0.999775 0.004456 -0.020732 -0.677596 -0.004567 0.999975 -0.005347 -0.566696 0.020708 0.005440 0.999771 34.008254
0.999787 0.002577 -0.020472 -0.712379 -0.002690 0.999981 -0.005495 -0.598987 0.020457 0.005549 0.999775 35.393841
0.999794 0.001683 -0.020216 -0.747007 -0.001770 0.999989 -0.004288 -0.629757 0.020208 0.004323 0.999786 36.741344
0.999803 0.000661 -0.019864 -0.779492 -0.000742 0.999992 -0.004069 -0.658177 0.019861 0.004083 0.999794 38.073029
0.999814 0.001472 -0.019224 -0.810747 -0.001544 0.999992 -0.003721 -0.683129 0.019219 0.003750 0.999808 39.393810
0.999829 0.003326 -0.018184 -0.838862 -0.003391 0.999988 -0.003518 -0.708976 0.018172 0.003579 0.999829 40.697104
0.999851 0.004129 -0.016749 -0.864289 -0.004205 0.999981 -0.004486 -0.737133 0.016730 0.004556 0.999850 42.008733
0.999881 0.004876 -0.014676 -0.887651 -0.004943 0.999978 -0.004552 -0.768349 0.014653 0.004624 0.999882 43.313668
0.999919 0.004344 -0.011969 -0.906737 -0.004409 0.999976 -0.005372 -0.799624 0.011946 0.005424 0.999914 44.645461
0.999957 0.002502 -0.008988 -0.919939 -0.002557 0.999979 -0.006070 -0.831442 0.008972 0.006093 0.999941 45.888316
0.999983 0.000521 -0.005748 -0.929265 -0.000558 0.999979 -0.006445 -0.860675 0.005744 0.006448 0.999963 47.099223
0.999998 0.001014 -0.001690 -0.934211 -0.001024 0.999983 -0.005827 -0.889516 0.001684 0.005829 0.999982 48.297289
0.999994 0.000778 0.003406 -0.931880 -0.000760 0.999986 -0.005271 -0.916266 -0.003410 0.005269 0.999980 49.474612
0.999954 -0.000325 0.009584 -0.921933 0.000363 0.999992 -0.003967 -0.941610 -0.009583 0.003970 0.999946 50.651059
0.999858 -0.000412 0.016869 -0.902199 0.000461 0.999996 -0.002902 -0.964446 -0.016868 0.002909 0.999854 51.820784
0.999675 0.000570 0.025500 -0.871893 -0.000518 0.999998 -0.002037 -0.986779 -0.025501 0.002024 0.999673 52.974645
0.999353 0.001014 0.035963 -0.828677 -0.001019 1.000000 0.000127 -1.005200 -0.035963 -0.000163 0.999353 54.119616
0.998798 0.000606 0.049022 -0.769130 -0.000704 0.999998 0.001997 -1.022514 -0.049021 -0.002029 0.998796 55.236945
0.997956 0.000812 0.063906 -0.692081 -0.001076 0.999991 0.004101 -1.036075 -0.063902 -0.004161 0.997948 56.357119
0.996779 0.001912 0.080174 -0.596260 -0.002443 0.999976 0.006527 -1.046929 -0.080159 -0.006701 0.996760 57.472432
0.995176 0.002986 0.098064 -0.483098 -0.003747 0.999964 0.007586 -1.058930 -0.098038 -0.007917 0.995151 58.520177
0.993082 0.002073 0.117405 -0.345537 -0.002964 0.999968 0.007413 -1.068130 -0.117386 -0.007709 0.993057 59.575010
0.990447 0.001366 0.137890 -0.184460 -0.002210 0.999980 0.005967 -1.076503 -0.137879 -0.006215 0.990430 60.619336
0.987276 0.001543 0.159009 0.001247 -0.002002 0.999995 0.002728 -1.087783 -0.159004 -0.003012 0.987274 61.652173
0.983503 0.004659 0.180835 0.211780 -0.004358 0.999989 -0.002060 -1.107977 -0.180842 0.001238 0.983512 62.670888
0.978914 0.007413 0.204139 0.446705 -0.005886 0.999950 -0.008089 -1.134902 -0.204189 0.006717 0.978909 63.668627
0.973546 0.007860 0.228358 0.702710 -0.004850 0.999894 -0.013741 -1.168116 -0.228442 0.012270 0.973480 64.643966
0.967326 0.007336 0.253430 0.977863 -0.002363 0.999799 -0.019922 -1.205640 -0.253525 0.018672 0.967149 65.582054
0.959981 0.008715 0.279929 1.278224 -0.002162 0.999717 -0.023708 -1.245187 -0.280057 0.022154 0.959728 66.511675
0.951566 0.011211 0.307242 1.605814 -0.003402 0.999658 -0.025940 -1.287118 -0.307427 0.023638 0.951278 67.432630
0.942102 0.014718 0.335004 1.961127 -0.004897 0.999534 -0.030142 -1.334948 -0.335291 0.026757 0.941735 68.336055
0.931572 0.015188 0.363241 2.342943 -0.002930 0.999408 -0.034276 -1.386635 -0.363546 0.030866 0.931065 69.225107
0.919786 0.011026 0.392266 2.744385 0.003253 0.999357 -0.035718 -1.435065 -0.392407 0.034128 0.919158 70.089052
0.907033 0.006982 0.421002 3.163925 0.010720 0.999156 -0.039666 -1.484091 -0.420923 0.040491 0.906192 70.912162
0.893088 0.005552 0.449849 3.610075 0.015490 0.998952 -0.043082 -1.533817 -0.449617 0.045444 0.892065 71.720954
0.877456 0.007202 0.479603 4.074361 0.014850 0.999000 -0.042171 -1.583499 -0.479427 0.044126 0.876472 72.508136
0.859722 0.009102 0.510682 4.572436 0.011780 0.999222 -0.037641 -1.632753 -0.510628 0.038376 0.858945 73.292711
0.840004 0.010278 0.542483 5.056469 0.010665 0.999315 -0.035448 -1.678209 -0.542475 0.035562 0.839319 73.984807
0.819502 0.003283 0.573068 5.591934 0.018040 0.999340 -0.031523 -1.722931 -0.572793 0.036171 0.818902 74.702916
0.798118 -0.004765 0.602483 6.151672 0.027102 0.999241 -0.028000 -1.761315 -0.601892 0.038676 0.797641 75.394090
0.776064 -0.007115 0.630614 6.736114 0.030697 0.999177 -0.026504 -1.795070 -0.629906 0.039927 0.775644 76.059523
0.752844 -0.004127 0.658186 7.347901 0.028861 0.999226 -0.026747 -1.834302 -0.657566 0.039132 0.752380 76.707007
0.728577 -0.003892 0.684954 7.988505 0.030004 0.999206 -0.026238 -1.873940 -0.684307 0.039668 0.728114 77.339035
0.703395 -0.006109 0.710773 8.649108 0.034877 0.999055 -0.025928 -1.907506 -0.709943 0.043027 0.702943 77.942658
0.677447 -0.008475 0.735523 9.318695 0.039089 0.998936 -0.024492 -1.937666 -0.734532 0.045343 0.677057 78.513483
0.650680 -0.010864 0.759274 10.014699 0.041665 0.998902 -0.021412 -1.966788 -0.758208 0.045567 0.650419 79.069240
0.622972 -0.012036 0.782152 10.723586 0.044088 0.998833 -0.019745 -1.998199 -0.781001 0.046784 0.622775 79.591367
0.594727 -0.017933 0.803728 11.461005 0.051723 0.998534 -0.015993 -2.025413 -0.802262 0.051082 0.594782 80.097639
0.565128 -0.025356 0.824614 12.210756 0.062638 0.997961 -0.012240 -2.044809 -0.822622 0.058569 0.565564 80.573725
0.534866 -0.031770 0.844340 12.961915 0.071831 0.997385 -0.007974 -2.055761 -0.841878 0.064914 0.535749 81.013094
0.503657 -0.036431 0.863135 13.725231 0.075555 0.997140 -0.002001 -2.062400 -0.860593 0.066222 0.504969 81.423828
0.471767 -0.037792 0.880913 14.517696 0.073514 0.997289 0.003415 -2.063006 -0.878654 0.063148 0.473266 81.814092
0.438892 -0.040787 0.897614 15.332501 0.069210 0.997536 0.011487 -2.061015 -0.895871 0.057082 0.440633 82.182616
0.404935 -0.044780 0.913249 16.159856 0.068039 0.997507 0.018743 -2.050298 -0.911811 0.054547 0.406972 82.518613
0.371330 -0.052271 0.927029 16.999359 0.067085 0.997315 0.029363 -2.031406 -0.926075 0.051286 0.373839 82.829468
0.336161 -0.057598 0.940042 17.847125 0.065948 0.997118 0.037512 -2.004333 -0.939493 0.049384 0.338990 83.103268
0.300523 -0.060070 0.951881 18.719942 0.062705 0.997100 0.043127 -1.972108 -0.951711 0.046728 0.303418 83.347697
0.264689 -0.061125 0.962395 19.613519 0.060212 0.997090 0.046769 -1.935593 -0.962452 0.045568 0.267599 83.562959
0.228969 -0.061003 0.971521 20.528491 0.057953 0.997119 0.048952 -1.896691 -0.971707 0.045094 0.231844 83.746434
0.193659 -0.059165 0.979283 21.452526 0.054773 0.997275 0.049420 -1.859213 -0.979539 0.044068 0.196372 83.895452
0.158906 -0.051697 0.985939 22.388523 0.053203 0.997626 0.043735 -1.826077 -0.985859 0.045505 0.161279 84.008439
0.125300 -0.050790 0.990818 23.322678 0.055432 0.997487 0.044121 -1.795055 -0.990569 0.049395 0.127801 84.095623
0.092548 -0.051556 0.994373 24.244927 0.059104 0.997182 0.046200 -1.760119 -0.993952 0.054495 0.095334 84.153409
0.063202 -0.046136 0.996934 25.163540 0.062232 0.997169 0.042202 -1.724979 -0.996058 0.059374 0.065895 84.181129
0.037474 -0.044714 0.998297 26.112466 0.059451 0.997329 0.042439 -1.688751 -0.997527 0.057760 0.040032 84.193812
0.015489 -0.043456 0.998935 27.073815 0.055627 0.997546 0.042533 -1.654203 -0.998331 0.054909 0.017868 84.189978
-0.003529 -0.043452 0.999049 28.060294 0.052231 0.997684 0.043577 -1.620685 -0.998629 0.052335 -0.001251 84.172847
-0.020703 -0.042755 0.998871 29.099920 0.054436 0.997555 0.043827 -1.584646 -0.998303 0.055281 -0.018325 84.138731
-0.035588 -0.039983 0.998566 30.084342 0.058059 0.997429 0.042006 -1.551857 -0.997678 0.059471 -0.033175 84.090490
-0.047368 -0.035482 0.998247 31.085573 0.062406 0.997312 0.038410 -1.522312 -0.996926 0.064116 -0.045026 84.032136
-0.056417 -0.030291 0.997948 32.073820 0.065082 0.997302 0.033951 -1.496906 -0.996284 0.066864 -0.054293 83.966889
-0.062424 -0.026440 0.997699 33.083188 0.070460 0.997038 0.030831 -1.473985 -0.995559 0.072222 -0.060377 83.900416
-0.066032 -0.024358 0.997520 34.070691 0.075215 0.996736 0.029318 -1.453110 -0.994979 0.076964 -0.063984 83.835530
-0.069141 -0.022199 0.997360 35.054146 0.078972 0.996493 0.027654 -1.435555 -0.994476 0.080675 -0.067146 83.768522
-0.072030 -0.021779 0.997165 36.044868 0.082014 0.996247 0.027683 -1.416469 -0.994025 0.083775 -0.069973 83.700986
-0.074765 -0.020763 0.996985 37.031493 0.085639 0.995956 0.027163 -1.396260 -0.993517 0.087412 -0.072685 83.630188
-0.076653 -0.019591 0.996865 38.017097 0.089652 0.995622 0.026461 -1.374463 -0.993019 0.091399 -0.074561 83.557207
-0.079125 -0.017335 0.996714 39.000204 0.090929 0.995555 0.024533 -1.355797 -0.992709 0.092572 -0.077197 83.479758
-0.081340 -0.017513 0.996533 39.996930 0.089574 0.995671 0.024809 -1.339790 -0.992653 0.091282 -0.079419 83.402139
-0.083838 -0.018050 0.996316 40.994248 0.089333 0.995674 0.025556 -1.320571 -0.992467 0.091147 -0.081863 83.322421
-0.086286 -0.018562 0.996098 41.987184 0.090875 0.995512 0.026423 -1.300013 -0.992117 0.092801 -0.084212 83.241398
-0.089020 -0.019134 0.995846 42.996013 0.093481 0.995242 0.027479 -1.277702 -0.991633 0.095539 -0.086808 83.156248
-0.091449 -0.020541 0.995598 44.011893 0.096168 0.994932 0.029360 -1.251329 -0.991155 0.098430 -0.089010 83.068107
-0.093949 -0.022670 0.995319 45.033837 0.099954 0.994475 0.032086 -1.225791 -0.990547 0.102501 -0.091164 82.979193
-0.095945 -0.025491 0.995060 46.040942 0.104523 0.993887 0.035540 -1.195804 -0.989884 0.107417 -0.092694 82.891310
-0.098276 -0.027645 0.994775 47.043690 0.107240 0.993499 0.038204 -1.161337 -0.989364 0.110435 -0.094673 82.799908
-0.100825 -0.029767 0.994459 48.066003 0.105741 0.993570 0.040461 -1.124523 -0.989269 0.109234 -0.097029 82.703540
-0.103407 -0.033206 0.994085 49.095704 0.101888 0.993832 0.043796 -1.085700 -0.989407 0.105814 -0.099385 82.605329
-0.105603 -0.033370 0.993848 50.136237 0.100226 0.993991 0.044025 -1.046241 -0.989345 0.104258 -0.101624 82.500750
-0.107424 -0.034075 0.993629 51.179560 0.100563 0.993915 0.044957 -1.006810 -0.989114 0.104752 -0.103344 82.395043
-0.108586 -0.032462 0.993557 52.209181 0.103310 0.993687 0.043757 -0.968062 -0.988704 0.107396 -0.104547 82.288450
-0.109367 -0.031883 0.993490 53.240510 0.105998 0.993412 0.043549 -0.930074 -0.988333 0.110071 -0.105267 82.182716
-0.109647 -0.032998 0.993423 54.278662 0.106983 0.993251 0.044800 -0.889867 -0.988196 0.111192 -0.105377 82.078706
-0.109197 -0.035766 0.993376 55.329774 0.105845 0.993253 0.047397 -0.847928 -0.988369 0.110319 -0.104675 81.976465
-0.109042 -0.039468 0.993253 56.384924 0.105531 0.993105 0.051047 -0.803058 -0.988419 0.110385 -0.104125 81.875727
-0.109084 -0.043104 0.993098 57.433837 0.107145 0.992729 0.054857 -0.754305 -0.988241 0.112389 -0.103672 81.776150
-0.109364 -0.047152 0.992883 58.469675 0.107878 0.992411 0.059012 -0.701962 -0.988130 0.113564 -0.103448 81.677748
-0.109529 -0.050831 0.992683 59.514089 0.108132 0.992155 0.062735 -0.638550 -0.988084 0.114212 -0.103173 81.577844
-0.110153 -0.051470 0.992581 60.583696 0.103250 0.992663 0.062932 -0.572475 -0.988537 0.109416 -0.104031 81.469175
-0.110186 -0.049125 0.992696 61.682379 0.093808 0.993806 0.059592 -0.511966 -0.989474 0.099689 -0.104895 81.353819
-0.110107 -0.044749 0.992912 62.807677 0.087991 0.994625 0.054583 -0.455127 -0.990017 0.093377 -0.105578 81.231354
-0.110225 -0.036540 0.993235 63.916018 0.089534 0.994896 0.046537 -0.409844 -0.989866 0.094058 -0.106391 81.107307
-0.109926 -0.030640 0.993467 65.015367 0.094710 0.994654 0.041156 -0.369147 -0.989417 0.098615 -0.106437 80.988645
-0.109556 -0.026265 0.993634 66.096046 0.100058 0.994282 0.037315 -0.339729 -0.988932 0.103509 -0.106302 80.874540
-0.109283 -0.024994 0.993697 67.191534 0.104276 0.993880 0.036466 -0.308080 -0.988526 0.107604 -0.106007 80.762875
-0.109114 -0.028222 0.993629 68.314281 0.101451 0.994061 0.039375 -0.272057 -0.988839 0.105101 -0.105603 80.652328
-0.108680 -0.029357 0.993643 69.435339 0.096915 0.994490 0.039982 -0.234557 -0.989341 0.100644 -0.105236 80.540428
-0.108626 -0.032153 0.993563 70.571871 0.094871 0.994580 0.042559 -0.194264 -0.989545 0.098884 -0.104987 80.429435
-0.108327 -0.033621 0.993547 71.707257 0.095729 0.994431 0.044088 -0.153298 -0.989496 0.099887 -0.104505 80.316793
-0.108432 -0.032656 0.993567 72.835846 0.100847 0.993943 0.043675 -0.110344 -0.988975 0.104934 -0.104482 80.203374
-0.108259 -0.032821 0.993581 73.952891 0.103813 0.993618 0.044134 -0.064097 -0.988687 0.107924 -0.104161 80.091307
-0.107778 -0.033011 0.993627 75.070846 0.102899 0.993711 0.044175 -0.017435 -0.988836 0.107004 -0.103703 79.979136
-0.107154 -0.032087 0.993725 76.213129 0.096089 0.994467 0.042473 0.026169 -0.989588 0.100037 -0.103478 79.864066
-0.107425 -0.032864 0.993670 77.336591 0.094515 0.994590 0.043112 0.062810 -0.989710 0.098548 -0.103738 79.753141
-0.107195 -0.034910 0.993625 78.459110 0.097787 0.994168 0.045478 0.104312 -0.989417 0.102039 -0.103156 79.645266
-0.106920 -0.034902 0.993655 79.577761 0.101139 0.993818 0.045790 0.149433 -0.989110 0.105393 -0.102729 79.535204
-0.106825 -0.035736 0.993636 80.702600 0.100644 0.993833 0.046563 0.198126 -0.989171 0.104977 -0.102570 79.424291
-0.106511 -0.036460 0.993643 81.841217 0.097228 0.994157 0.046901 0.246232 -0.989546 0.101605 -0.102344 79.312281
-0.105835 -0.035979 0.993733 82.984264 0.096066 0.994301 0.046231 0.290921 -0.989732 0.100357 -0.101775 79.199453
-0.104871 -0.034438 0.993890 84.134787 0.096532 0.994329 0.044639 0.336939 -0.989790 0.100623 -0.100952 79.085578
-0.104126 -0.031900 0.994053 85.272923 0.096554 0.994441 0.042026 0.378996 -0.989866 0.100356 -0.100467 78.973520
-0.103275 -0.032225 0.994131 86.438255 0.095882 0.994498 0.042197 0.418905 -0.990021 0.099677 -0.099617 78.863710
-0.102163 -0.030852 0.994289 87.604537 0.096696 0.994478 0.040794 0.462027 -0.990057 0.100311 -0.098616 78.752914
-0.101140 -0.031088 0.994387 88.788289 0.094850 0.994658 0.040744 0.503326 -0.990341 0.098439 -0.097651 78.644120
-0.100010 -0.032661 0.994451 89.989297 0.094280 0.994654 0.042150 0.546306 -0.990510 0.097972 -0.096396 78.536530
-0.098977 -0.031568 0.994589 91.186982 0.093399 0.994790 0.040869 0.587356 -0.990697 0.096939 -0.095513 78.427344
-0.097588 -0.033048 0.994678 92.380444 0.094748 0.994601 0.042341 0.629745 -0.990707 0.098375 -0.093930 78.323635
-0.096104 -0.032131 0.994853 93.567842 0.097769 0.994342 0.041559 0.674640 -0.990558 0.101260 -0.092419 78.220134
-0.094978 -0.034462 0.994883 94.754751 0.096727 0.994353 0.043678 0.718555 -0.990769 0.100381 -0.091109 78.121291
-0.093914 -0.037435 0.994876 95.949801 0.095641 0.994332 0.046442 0.760446 -0.990976 0.099513 -0.089802 78.024252
-0.093865 -0.039803 0.994789 97.155555 0.096997 0.994082 0.048927 0.810930 -0.990849 0.101084 -0.089449 77.924862
-0.094004 -0.042493 0.994665 98.364261 0.096416 0.994004 0.051577 0.864270 -0.990892 0.100750 -0.089343 77.824911
-0.094816 -0.045035 0.994476 99.588457 0.093469 0.994161 0.053933 0.918897 -0.991097 0.098066 -0.090053 77.721270
-0.095801 -0.047374 0.994273 100.805526 0.091951 0.994175 0.056229 0.975636 -0.991145 0.096811 -0.090887 77.617681
-0.096986 -0.049191 0.994070 102.029357 0.091106 0.994146 0.058084 1.035074 -0.991107 0.096199 -0.091936 77.511610
-0.098741 -0.049375 0.993888 103.254200 0.091149 0.994122 0.058442 1.097105 -0.990930 0.096362 -0.093660 77.399585
-0.101167 -0.050213 0.993602 104.477514 0.089723 0.994196 0.059378 1.161377 -0.990816 0.095156 -0.096075 77.285988
-0.103869 -0.053210 0.993167 105.716914 0.084835 0.994455 0.062152 1.227721 -0.990967 0.090711 -0.098779 77.167127
-0.107729 -0.053915 0.992718 106.941480 0.084607 0.994409 0.063188 1.290582 -0.990574 0.090798 -0.102565 77.042736
-0.113229 -0.058207 0.991863 108.119976 0.091028 0.993477 0.068693 1.358120 -0.989391 0.098065 -0.107192 76.920795
-0.120408 -0.057725 0.991045 109.311935 0.093512 0.993210 0.069212 1.429105 -0.988311 0.101009 -0.114193 76.781073
-0.129321 -0.057031 0.989962 110.521050 0.088380 0.993709 0.068792 1.498735 -0.987657 0.096389 -0.123467 76.624034
-0.140181 -0.056056 0.988538 111.738698 0.085251 0.994006 0.068455 1.571592 -0.986449 0.093869 -0.134562 76.449233
-0.153490 -0.056307 0.986545 112.955442 0.086030 0.993823 0.070107 1.652062 -0.984398 0.095633 -0.147698 76.259704
-0.167963 -0.055100 0.984253 114.162423 0.085209 0.993889 0.070180 1.731109 -0.982104 0.095655 -0.162241 76.049997
-0.182501 -0.055798 0.981622 115.367757 0.081920 0.994055 0.071735 1.805372 -0.979787 0.093506 -0.176844 75.822224
-0.198131 -0.052280 0.978781 116.562098 0.082512 0.994143 0.069803 1.875547 -0.976697 0.094591 -0.192657 75.570324
-0.212804 -0.052763 0.975670 117.741726 0.085143 0.993742 0.072311 1.951449 -0.973379 0.098459 -0.206979 75.309678
-0.227953 -0.052803 0.972239 118.894460 0.088781 0.993242 0.074759 2.031434 -0.969616 0.103358 -0.221725 75.035743
-0.243639 -0.057568 0.968156 120.043720 0.086787 0.992939 0.080882 2.119133 -0.965976 0.103729 -0.236922 74.747957
-0.259122 -0.065256 0.963638 121.206441 0.081527 0.992677 0.089145 2.217346 -0.962398 0.101662 -0.251904 74.440797
-0.274249 -0.070316 0.959085 122.369802 0.077639 0.992449 0.094963 2.323237 -0.958520 0.100506 -0.266719 74.110295
-0.289305 -0.071903 0.954533 123.503489 0.078582 0.992026 0.098544 2.428398 -0.954006 0.103518 -0.281348 73.767790
-0.303559 -0.072443 0.950055 124.619204 0.079718 0.991679 0.101088 2.535995 -0.949472 0.106422 -0.295258 73.410328
-0.317589 -0.070976 0.945569 125.721897 0.080285 0.991602 0.101397 2.642126 -0.944824 0.108118 -0.309223 73.035862
-0.331705 -0.069980 0.940784 126.823586 0.078227 0.991771 0.101354 2.749961 -0.940134 0.107214 -0.323501 72.643886
-0.345466 -0.071724 0.935687 127.929419 0.075091 0.991766 0.103747 2.863729 -0.935423 0.106103 -0.337235 72.234684
-0.359707 -0.072987 0.930207 129.028230 0.072835 0.991698 0.105977 2.979333 -0.930218 0.105872 -0.351405 71.807572
-0.374360 -0.074366 0.924297 130.102800 0.073743 0.991235 0.109619 3.094031 -0.924347 0.109197 -0.365594 71.373519
-0.389291 -0.073655 0.918166 131.173947 0.074573 0.991006 0.111116 3.214857 -0.918091 0.111727 -0.380297 70.917281
-0.403900 -0.072789 0.911903 132.229903 0.074352 0.990920 0.112028 3.331358 -0.911777 0.113050 -0.394820 70.446734
-0.418347 -0.070467 0.905550 133.283921 0.074457 0.990970 0.111512 3.448485 -0.905230 0.114075 -0.409323 69.953469
-0.433161 -0.070160 0.898582 134.327579 0.076670 0.990484 0.114295 3.565699 -0.898050 0.118403 -0.423660 69.447548
-0.447983 -0.069182 0.891362 135.355328 0.077048 0.990305 0.115585 3.688458 -0.890716 0.120458 -0.438309 68.926866
-0.463221 -0.072180 0.883299 136.402453 0.073228 0.990153 0.119314 3.822861 -0.883212 0.119951 -0.453374 68.378428
-0.479054 -0.076694 0.874429 137.445708 0.068474 0.989876 0.124332 3.965936 -0.875111 0.119437 -0.468952 67.807693
-0.495088 -0.077430 0.865386 138.467052 0.067562 0.989575 0.127194 4.110691 -0.866212 0.121440 -0.484695 67.221010
-0.510843 -0.079736 0.855969 139.492420 0.065686 0.989159 0.131345 4.261525 -0.857161 0.123322 -0.500067 66.608626
-0.526601 -0.081343 0.846212 140.504438 0.063144 0.988920 0.134356 4.414886 -0.847764 0.124185 -0.515630 65.977446
-0.542368 -0.082847 0.836046 141.493220 0.061834 0.988492 0.138067 4.569425 -0.837862 0.126579 -0.531003 65.335355
-0.557900 -0.083965 0.825650 142.481391 0.059687 0.988234 0.140829 4.731538 -0.827759 0.127849 -0.546323 64.666525
-0.573024 -0.086606 0.814950 143.452790 0.055217 0.988062 0.143828 4.897036 -0.817676 0.127416 -0.561401 63.983222
-0.587819 -0.089602 0.804016 144.424466 0.049356 0.988025 0.146193 5.068359 -0.807486 0.125618 -0.576356 63.271167
-0.602522 -0.090721 0.792930 145.386575 0.045246 0.988038 0.147425 5.244688 -0.796819 0.124703 -0.591209 62.536152
-0.616847 -0.092492 0.781630 146.335346 0.042243 0.987750 0.150219 5.419585 -0.785949 0.125681 -0.605383 61.785821
-0.631740 -0.092200 0.769678 147.259063 0.043139 0.987182 0.153662 5.595283 -0.773979 0.130278 -0.619665 61.027520
-0.646860 -0.093550 0.756850 148.156831 0.042830 0.986425 0.158532 5.777475 -0.761405 0.134964 -0.634072 60.262513
-0.662284 -0.096856 0.742967 149.058806 0.038491 0.985903 0.162837 5.971930 -0.748264 0.136442 -0.649219 59.460652
-0.677674 -0.104141 0.727952 149.956729 0.029809 0.985218 0.168696 6.175699 -0.734759 0.136020 -0.664551 58.627569
-0.694403 -0.106230 0.711703 150.834629 0.025129 0.984861 0.171520 6.383698 -0.719148 0.136988 -0.681220 57.765696
-0.711855 -0.108359 0.693918 151.694877 0.020818 0.984337 0.175065 6.595550 -0.702019 0.139067 -0.698449 56.878888
-0.729030 -0.111685 0.675309 152.544934 0.016439 0.983458 0.180395 6.816813 -0.684285 0.142614 -0.715133 55.957753
-0.745582 -0.113290 0.656714 153.366518 0.010731 0.983276 0.181809 7.037969 -0.666327 0.142600 -0.731897 55.013265
-0.762133 -0.110458 0.637929 154.122616 0.009201 0.983391 0.181269 7.245764 -0.647356 0.144020 -0.748458 54.091646
-0.777192 -0.111907 0.619233 154.897418 0.001961 0.983625 0.180221 7.464277 -0.629260 0.141281 -0.764246 53.103550
-0.792042 -0.110994 0.600293 155.644042 -0.003221 0.984079 0.177706 7.676359 -0.610459 0.138817 -0.779788 52.098323
-0.806646 -0.109394 0.580823 156.368506 -0.005392 0.984044 0.177850 7.889538 -0.591011 0.140330 -0.794364 51.075468
-0.821002 -0.106365 0.560930 157.058938 -0.005529 0.983928 0.178483 8.103264 -0.570898 0.143433 -0.808395 50.049278
-0.833995 -0.106120 0.541472 157.725347 -0.009991 0.984076 0.177474 8.318251 -0.551683 0.142602 -0.821773 49.003049
-0.845714 -0.108849 0.522417 158.381446 -0.016933 0.983958 0.177602 8.533106 -0.533368 0.141354 -0.833989 47.927020
-0.856691 -0.106932 0.504624 159.012895 -0.019255 0.984225 0.175873 8.743705 -0.515470 0.140952 -0.845236 46.838114
-0.866780 -0.103197 0.487898 159.619845 -0.019012 0.984483 0.174454 8.952095 -0.498329 0.141937 -0.855291 45.745502
-0.875957 -0.103418 0.471173 160.208857 -0.020919 0.983975 0.177082 9.164910 -0.481935 0.145260 -0.864083 44.646439
-0.884096 -0.105439 0.455254 160.780045 -0.024900 0.983459 0.179418 9.380146 -0.466641 0.147287 -0.872097 43.535265
-0.891568 -0.106575 0.440170 161.324659 -0.027820 0.982970 0.181651 9.595464 -0.452033 0.149709 -0.879349 42.431822
-0.898432 -0.108118 0.425596 161.854373 -0.031627 0.982631 0.182861 9.813825 -0.437974 0.150828 -0.886245 41.311962
-0.904648 -0.109955 0.411732 162.367302 -0.035155 0.982104 0.185033 10.035935 -0.424709 0.152915 -0.892323 40.184661
-0.909929 -0.114762 0.398571 162.875772 -0.041384 0.981285 0.188066 10.269194 -0.412694 0.154633 -0.897648 39.027345
-0.914728 -0.118533 0.386293 163.359138 -0.047066 0.980755 0.189490 10.502021 -0.401319 0.155151 -0.902702 37.880485
-0.918649 -0.121201 0.376025 163.830524 -0.052674 0.980859 0.187466 10.728763 -0.391548 0.152408 -0.907448 36.722176
-0.922289 -0.118097 0.368017 164.290370 -0.052626 0.981679 0.183135 10.950741 -0.382902 0.149537 -0.911606 35.560911
-0.924924 -0.115123 0.362302 164.740706 -0.052586 0.982628 0.177987 11.162206 -0.376499 0.145572 -0.914909 34.406366
-0.927217 -0.112076 0.357362 165.183526 -0.051314 0.983194 0.175209 11.366418 -0.370993 0.144120 -0.917385 33.265938
-0.928764 -0.114741 0.352467 165.635790 -0.053930 0.982595 0.177765 11.578346 -0.366729 0.146093 -0.918786 32.099543
-0.929993 -0.120802 0.347162 166.087711 -0.058850 0.981205 0.183780 11.799927 -0.362838 0.150484 -0.919622 30.927151
-0.931435 -0.124831 0.341829 166.538924 -0.061877 0.979975 0.189267 12.030958 -0.358610 0.155139 -0.920506 29.737513
-0.932998 -0.126737 0.336827 166.987831 -0.062124 0.978607 0.196138 12.270610 -0.354479 0.162071 -0.920912 28.544378
-0.934578 -0.125508 0.332884 167.426211 -0.060349 0.978072 0.199334 12.515466 -0.350602 0.166204 -0.921659 27.353983
-0.935515 -0.123240 0.331095 167.861045 -0.058313 0.978195 0.199338 12.762448 -0.348441 0.167177 -0.922302 26.160015
-0.935982 -0.121342 0.330476 168.291327 -0.056437 0.978300 0.199365 13.006152 -0.347495 0.167951 -0.922518 24.980206
-0.936050 -0.119077 0.331106 168.723165 -0.054763 0.978833 0.197203 13.247225 -0.347579 0.166460 -0.922757 23.794887
-0.935773 -0.117556 0.332431 169.152319 -0.053204 0.979069 0.196457 13.482973 -0.348567 0.166153 -0.922440 22.628705
-0.935386 -0.115946 0.334081 169.581146 -0.051546 0.979336 0.195568 13.716993 -0.349852 0.165711 -0.922033 21.466654
-0.934606 -0.115747 0.336327 170.010385 -0.051566 0.979674 0.193859 13.950306 -0.351929 0.163839 -0.921577 20.306926
-0.933588 -0.115896 0.339091 170.439872 -0.051041 0.979616 0.194291 14.178778 -0.354696 0.164081 -0.920472 19.166768
-0.932108 -0.116752 0.342847 170.877942 -0.050790 0.979401 0.195437 14.407823 -0.358602 0.164755 -0.918837 18.025247
-0.929980 -0.119250 0.347733 171.333822 -0.052418 0.979274 0.195642 14.646075 -0.363856 0.163716 -0.916955 16.855286
-0.927340 -0.122622 0.353561 171.788630 -0.054439 0.978945 0.196733 14.880684 -0.370241 0.163190 -0.914490 15.717338
-0.924382 -0.125978 0.360067 172.258952 -0.056140 0.978545 0.198240 15.118518 -0.377315 0.163035 -0.911621 14.568512
-0.921442 -0.125101 0.367824 172.732276 -0.054526 0.979011 0.196379 15.352345 -0.384671 0.160896 -0.908923 13.432570
-0.917926 -0.125407 0.376412 173.219722 -0.053156 0.979051 0.196557 15.581212 -0.393176 0.160416 -0.905362 12.303764
-0.914358 -0.122549 0.385917 173.711773 -0.049194 0.979661 0.194538 15.808234 -0.401908 0.158893 -0.901789 11.193742
-0.909772 -0.123187 0.396410 174.223242 -0.048449 0.979938 0.193330 16.035561 -0.412272 0.156680 -0.897487 10.078833
-0.904661 -0.121765 0.408365 174.761423 -0.045174 0.980310 0.192230 16.266253 -0.423731 0.155456 -0.892348 8.949922
-0.898753 -0.120343 0.421618 175.309456 -0.041996 0.980803 0.190430 16.492795 -0.436440 0.153443 -0.886553 7.843007
-0.892580 -0.119257 0.434833 175.866023 -0.039615 0.981401 0.187841 16.714441 -0.449147 0.150437 -0.880702 6.759735
-0.885628 -0.121619 0.448187 176.447661 -0.039616 0.981367 0.188019 16.940347 -0.462702 0.148760 -0.873944 5.675132
-0.878996 -0.119864 0.461518 177.040633 -0.036287 0.981898 0.185904 17.160767 -0.475447 0.146662 -0.867434 4.604671
-0.871904 -0.119278 0.474928 177.651884 -0.034600 0.982463 0.183224 17.378399 -0.488453 0.143321 -0.860740 3.540270
-0.864228 -0.119487 0.488705 178.273206 -0.033853 0.982997 0.180476 17.591718 -0.501960 0.139428 -0.853578 2.499216
-0.856174 -0.119657 0.502641 178.913554 -0.033563 0.983640 0.176993 17.802214 -0.515596 0.134667 -0.846183 1.462723
-0.847649 -0.118519 0.517151 179.563135 -0.032139 0.984411 0.172925 18.001055 -0.529583 0.129959 -0.838244 0.449457
-0.838120 -0.117246 0.532736 180.233386 -0.030291 0.985125 0.169154 18.194248 -0.544644 0.125634 -0.829204 -0.551784
-0.827741 -0.115993 0.548990 180.921149 -0.028367 0.985800 0.165514 18.382667 -0.560393 0.121430 -0.819277 -1.538169
-0.816454 -0.114526 0.565939 181.633204 -0.026206 0.986473 0.161821 18.567333 -0.576816 0.117288 -0.808410 -2.515016
-0.804970 -0.113769 0.582306 182.356505 -0.023755 0.986837 0.159966 18.745887 -0.592840 0.114935 -0.797076 -3.462566
-0.792974 -0.112695 0.598742 183.095630 -0.021387 0.987288 0.157502 18.919023 -0.608880 0.112090 -0.785303 -4.391464
-0.779843 -0.111412 0.615982 183.859491 -0.018513 0.987709 0.155208 19.094274 -0.625702 0.109635 -0.772319 -5.307840
-0.766119 -0.111092 0.633025 184.631129 -0.017958 0.988264 0.151701 19.260462 -0.642448 0.104853 -0.759122 -6.196142
-0.750161 -0.110198 0.652008 185.428763 -0.016343 0.988805 0.148319 19.421778 -0.661053 0.100607 -0.743563 -7.064085
-0.733522 -0.107941 0.671040 186.233641 -0.012511 0.989286 0.145456 19.572819 -0.679551 0.098300 -0.727013 -7.893028
-0.715949 -0.105528 0.690131 187.046316 -0.007570 0.989626 0.143471 19.721947 -0.698112 0.097493 -0.709320 -8.682980
-0.697892 -0.104586 0.708526 187.876909 -0.003900 0.989821 0.142267 19.870077 -0.716193 0.096524 -0.691195 -9.447997
-0.678504 -0.104374 0.727144 188.730204 -0.000529 0.989925 0.141600 20.020701 -0.734596 0.095691 -0.671723 -10.190380
-0.658325 -0.104637 0.745426 189.601347 0.002472 0.989986 0.141149 20.167297 -0.752730 0.094764 -0.651473 -10.905841
-0.637928 -0.104461 0.762978 190.491109 0.006911 0.989942 0.141313 20.312242 -0.770065 0.095421 -0.630789 -11.595539
-0.616911 -0.104696 0.780039 191.404458 0.010907 0.989881 0.141487 20.462084 -0.786958 0.095793 -0.609525 -12.265914
-0.595134 -0.104460 0.796808 192.324405 0.014256 0.989988 0.140433 20.607600 -0.803500 0.094936 -0.587686 -12.903855
-0.571917 -0.104078 0.813682 193.269022 0.016625 0.990245 0.138347 20.749807 -0.820143 0.092650 -0.564607 -13.517869
-0.547899 -0.102610 0.830228 194.237174 0.020256 0.990531 0.135790 20.890239 -0.836299 0.091216 -0.540632 -14.107104
-0.522623 -0.098368 0.846870 195.208003 0.025723 0.991051 0.130989 21.025282 -0.852176 0.090241 -0.515416 -14.658899
-0.496072 -0.097111 0.862834 196.204293 0.029362 0.991282 0.128449 21.158942 -0.867785 0.089055 -0.488895 -15.181135
-0.468633 -0.097389 0.878009 197.224490 0.031907 0.991391 0.126996 21.293116 -0.882817 0.087529 -0.461490 -15.675165
-0.439781 -0.097805 0.892764 198.268055 0.033717 0.991554 0.125238 21.428608 -0.897472 0.085179 -0.432769 -16.139338
-0.409306 -0.094384 0.907502 199.343213 0.038389 0.991973 0.120484 21.560076 -0.911589 0.084153 -0.402397 -16.574943
-0.378349 -0.091419 0.921138 200.409569 0.044579 0.992158 0.116778 21.684436 -0.924589 0.085246 -0.371306 -16.963200
-0.347018 -0.087993 0.933722 201.490001 0.049265 0.992505 0.111841 21.801996 -0.936564 0.084810 -0.340081 -17.317068
-0.315294 -0.084510 0.945224 202.572577 0.052442 0.992954 0.106270 21.911658 -0.947544 0.083075 -0.308640 -17.632431
-0.282827 -0.082554 0.955612 203.664156 0.055758 0.993190 0.102303 22.017976 -0.957549 0.082217 -0.276297 -17.907748
-0.249397 -0.079895 0.965100 204.761310 0.057685 0.993596 0.097161 22.117198 -0.966682 0.079903 -0.243191 -18.144436
-0.215105 -0.077961 0.973474 205.854124 0.058852 0.993963 0.092606 22.206262 -0.974816 0.077211 -0.209218 -18.339351
-0.180619 -0.075375 0.980661 206.963630 0.060340 0.994333 0.087539 22.289431 -0.981701 0.074984 -0.175047 -18.498456
-0.145828 -0.072748 0.986632 208.084941 0.062625 0.994615 0.082593 22.366169 -0.987326 0.073832 -0.140487 -18.618643
-0.110961 -0.070460 0.991324 209.201093 0.064546 0.994867 0.077936 22.437492 -0.991727 0.072634 -0.105843 -18.698077
-0.075922 -0.067717 0.994812 210.305476 0.066930 0.995096 0.072845 22.501635 -0.994865 0.072114 -0.071017 -18.737404
-0.041461 -0.066876 0.996900 211.428616 0.069707 0.995133 0.069657 22.562816 -0.996706 0.072379 -0.036597 -18.737010
-0.007218 -0.065668 0.997816 212.561091 0.071485 0.995255 0.066017 22.622012 -0.997416 0.071805 -0.002489 -18.699201
0.026201 -0.065284 0.997523 213.686395 0.072753 0.995344 0.063230 22.677304 -0.997006 0.070916 0.030829 -18.624266
0.058997 -0.064623 0.996164 214.802163 0.075150 0.995359 0.060120 22.730268 -0.995425 0.071315 0.063580 -18.515060
0.091306 -0.061694 0.993910 215.913732 0.077235 0.995512 0.054698 22.780140 -0.992823 0.071770 0.095661 -18.371397
0.122617 -0.059072 0.990695 217.018199 0.077191 0.995772 0.049821 22.823977 -0.989448 0.070363 0.126658 -18.194947
0.153103 -0.055871 0.986630 218.119837 0.077990 0.995970 0.044298 22.859597 -0.985128 0.070166 0.156843 -17.984913
0.182871 -0.053083 0.981703 219.223178 0.079977 0.996036 0.038960 22.891418 -0.979879 0.071389 0.186391 -17.740358
0.212460 -0.049845 0.975898 220.330380 0.081625 0.996114 0.033107 22.918906 -0.973755 0.072624 0.215703 -17.461002
0.241991 -0.045938 0.969191 221.420639 0.082986 0.996199 0.026498 22.939597 -0.966723 0.074017 0.244883 -17.150847
0.271412 -0.041667 0.961561 222.505303 0.083393 0.996324 0.019635 22.951026 -0.958844 0.074859 0.273889 -16.807762
0.300479 -0.038280 0.953020 223.582085 0.084090 0.996367 0.013509 22.954549 -0.950074 0.076081 0.302607 -16.431532
0.329279 -0.034692 0.943595 224.643124 0.085896 0.996283 0.006655 22.952706 -0.940318 0.078860 0.331035 -16.024118
0.357611 -0.032092 0.933319 225.712722 0.086216 0.996277 0.001222 22.943173 -0.929882 0.080031 0.359046 -15.576759
0.385261 -0.029648 0.922331 226.764292 0.085286 0.996351 -0.003597 22.926205 -0.918858 0.080048 0.386384 -15.101381
0.413101 -0.028056 0.910253 227.800384 0.084882 0.996361 -0.007813 22.901738 -0.906721 0.080492 0.413979 -14.592393
0.440881 -0.026249 0.897182 228.819322 0.087283 0.996089 -0.013748 22.869157 -0.893312 0.084370 0.441448 -14.052906
0.468146 -0.024607 0.883309 229.827034 0.089441 0.995799 -0.019662 22.831578 -0.879113 0.088209 0.468380 -13.479751
0.495142 -0.021849 0.868537 230.829544 0.088469 0.995756 -0.025386 22.788014 -0.864296 0.089408 0.494974 -12.870057
0.521359 -0.018623 0.853135 231.804670 0.086098 0.995809 -0.030877 22.737209 -0.848983 0.089551 0.520777 -12.237018
0.545756 -0.016226 0.837787 232.769651 0.083340 0.995907 -0.035001 22.679674 -0.833789 0.088923 0.544874 -11.572220
0.568088 -0.016123 0.822810 233.724791 0.082701 0.995866 -0.037585 22.619296 -0.818802 0.089399 0.567073 -10.875418
0.588803 -0.015433 0.808129 234.648488 0.081541 0.995852 -0.040392 22.558942 -0.804153 0.089679 0.587619 -10.166809
0.607875 -0.013852 0.793913 235.555067 0.079144 0.995927 -0.043222 22.494557 -0.790079 0.089107 0.606494 -9.438887
0.625936 -0.011397 0.779791 236.446164 0.075921 0.996035 -0.046384 22.429715 -0.776170 0.088236 0.624319 -8.691965
0.642462 -0.008159 0.766274 237.321144 0.072949 0.996054 -0.050557 22.359268 -0.762837 0.088380 0.640522 -7.929280
0.658182 -0.004918 0.752843 238.177912 0.070209 0.996023 -0.054875 22.281105 -0.749578 0.088974 0.655909 -7.152993
0.673366 -0.002717 0.739305 239.026032 0.068816 0.995883 -0.059020 22.197704 -0.736100 0.090618 0.670780 -6.352062
0.688442 -0.001899 0.725289 239.872875 0.067432 0.995834 -0.061399 22.109187 -0.722150 0.091178 0.685702 -5.517133
0.702640 -0.000947 0.711545 240.718148 0.066032 0.995772 -0.063880 22.018173 -0.708475 0.091870 0.699731 -4.652407
0.717094 0.001799 0.696974 241.539034 0.062029 0.995865 -0.066389 21.927262 -0.694211 0.090840 0.714017 -3.777779
0.731307 0.004651 0.682032 242.343875 0.058419 0.995876 -0.069431 21.832351 -0.679542 0.090619 0.728019 -2.883930
0.745212 0.006202 0.666799 243.134163 0.056170 0.995820 -0.072038 21.731764 -0.664458 0.091137 0.741748 -1.968243
0.758573 0.006951 0.651552 243.909902 0.056034 0.995544 -0.075859 21.625219 -0.649175 0.094053 0.754802 -1.034792
0.770792 0.007648 0.637041 244.665375 0.055084 0.995384 -0.078599 21.519561 -0.634701 0.095674 0.766813 -0.090317
0.782207 0.008724 0.622957 245.411799 0.052959 0.995353 -0.080437 21.410499 -0.620763 0.095909 0.778110 0.876759
0.793160 0.011941 0.608896 246.140715 0.048846 0.995340 -0.083147 21.297394 -0.607051 0.095692 0.788881 1.853480
0.803626 0.014377 0.594961 246.873650 0.046099 0.995202 -0.086315 21.175691 -0.593347 0.096792 0.799107 2.869423
0.813449 0.015078 0.581441 247.577893 0.044580 0.995108 -0.088173 21.052716 -0.579925 0.097645 0.808797 3.883417
0.821640 0.015637 0.569793 248.305536 0.045392 0.994655 -0.092752 20.922540 -0.568197 0.102073 0.816537 4.950579
0.830094 0.018232 0.557326 248.989510 0.042481 0.994494 -0.095807 20.792404 -0.556003 0.103204 0.824748 5.993997
0.837681 0.020932 0.545759 249.658711 0.040296 0.994174 -0.099981 20.659201 -0.544671 0.105745 0.831957 7.039346
0.844534 0.022061 0.535047 250.314430 0.038996 0.993966 -0.102535 20.523179 -0.534080 0.107459 0.838577 8.092655
0.849823 0.023336 0.526551 250.964397 0.036956 0.993923 -0.103694 20.382927 -0.525771 0.107580 0.843796 9.159290
0.853644 0.025382 0.520239 251.608788 0.034007 0.993966 -0.104296 20.241260 -0.519746 0.106723 0.847629 10.233411
0.856578 0.027284 0.515297 252.246298 0.031795 0.993914 -0.105480 20.099460 -0.515038 0.106736 0.850496 11.307438
0.859336 0.027858 0.510652 252.880285 0.031087 0.993824 -0.106532 19.958147 -0.510465 0.107421 0.853162 12.386678
0.861810 0.028507 0.506431 253.513630 0.030353 0.993733 -0.107590 19.815916 -0.506323 0.108094 0.855543 13.474396
0.864021 0.030875 0.502508 254.150745 0.027952 0.993638 -0.109111 19.667631 -0.502679 0.108320 0.857660 14.578481
0.866175 0.032324 0.498695 254.785263 0.026863 0.993453 -0.111051 19.515027 -0.499019 0.109586 0.859635 15.688601
0.868522 0.032637 0.494576 255.413861 0.026833 0.993271 -0.112668 19.362698 -0.494925 0.111126 0.861801 16.800074
0.870812 0.033844 0.490451 256.046083 0.025781 0.993112 -0.114305 19.203062 -0.490941 0.112182 0.863940 17.931425
0.873087 0.034200 0.486364 256.671661 0.024793 0.993133 -0.114341 19.039902 -0.486934 0.111888 0.866243 19.066541
0.875182 0.035320 0.482504 257.293338 0.023446 0.993064 -0.115220 18.875443 -0.483226 0.112151 0.868283 20.206298
0.876971 0.035757 0.479212 257.921106 0.022411 0.993101 -0.115114 18.705726 -0.480021 0.111691 0.870118 21.370339
0.878179 0.035500 0.477013 258.542905 0.021883 0.993217 -0.114204 18.537939 -0.477831 0.110730 0.871445 22.530046
0.878868 0.034767 0.475798 259.173241 0.021236 0.993502 -0.111823 18.374548 -0.476594 0.108382 0.872418 23.708867
0.879464 0.034665 0.474703 259.792371 0.021303 0.993479 -0.112015 18.215307 -0.475490 0.108626 0.872989 24.863262
0.880137 0.032890 0.473579 260.403692 0.022211 0.993653 -0.110288 18.060561 -0.474200 0.107587 0.873819 26.011489
0.880758 0.030727 0.472570 261.007745 0.023988 0.993718 -0.109320 17.908307 -0.472960 0.107620 0.874487 27.145995
0.881117 0.029016 0.472008 261.611301 0.025567 0.993734 -0.108815 17.756956 -0.472208 0.107946 0.874853 28.279502
