0.999989 -0.004618 0.000563 -0.004829 0.004617 0.999989 0.000395 -0.012526 -0.000565 -0.000393 1.000000 1.027921
0.999985 -0.005458 0.000374 -0.008400 0.005459 0.999984 -0.001433 -0.025849 -0.000366 0.001435 0.999999 2.067142
0.999999 -0.001562 -0.000385 -0.016145 0.001561 0.999998 -0.001195 -0.038822 0.000387 0.001195 0.999999 3.068250
0.999990 0.004298 -0.001407 -0.023734 -0.004300 0.999990 -0.001348 -0.052270 0.001401 0.001354 0.999998 4.078828
0.999987 0.004305 -0.002601 -0.029194 -0.004316 0.999981 -0.004322 -0.071395 0.002582 0.004333 0.999987 5.093215
0.999991 0.001404 -0.004022 -0.036653 -0.001434 0.999972 -0.007379 -0.095334 0.004012 0.007385 0.999965 6.122287
0.999984 -0.002094 -0.005174 -0.048274 0.002057 0.999972 -0.007232 -0.114379 0.005189 0.007221 0.999960 7.085028
0.999975 -0.002672 -0.006467 -0.061467 0.002631 0.999977 -0.006337 -0.129951 0.006484 0.006320 0.999959 8.044271
0.999968 -0.000887 -0.007935 -0.076401 0.000846 0.999987 -0.005134 -0.143787 0.007939 0.005127 0.999955 9.018230
0.999956 0.002003 -0.009165 -0.092102 -0.002043 0.999989 -0.004337 -0.156483 0.009156 0.004355 0.999949 10.014016
0.999939 0.003450 -0.010454 -0.108813 -0.003498 0.999984 -0.004500 -0.169993 0.010438 0.004536 0.999935 11.021243
0.999921 0.004348 -0.011793 -0.126321 -0.004409 0.999977 -0.005136 -0.183883 0.011771 0.005188 0.999917 12.023093
0.999903 0.004411 -0.013207 -0.147873 -0.004474 0.999979 -0.004754 -0.198935 0.013186 0.004813 0.999902 13.032537
0.999885 0.003432 -0.014791 -0.169239 -0.003506 0.999981 -0.004999 -0.214859 0.014774 0.005050 0.999878 13.993833
0.999854 0.001731 -0.016991 -0.192159 -0.001823 0.999984 -0.005377 -0.227199 0.016981 0.005407 0.999841 14.938416
0.999813 0.000925 -0.019316 -0.214024 -0.001059 0.999976 -0.006886 -0.239012 0.019309 0.006905 0.999790 15.838001
0.999772 0.000696 -0.021316 -0.239829 -0.000844 0.999976 -0.006906 -0.253256 0.021311 0.006922 0.999749 16.739757
0.999732 0.000022 -0.023151 -0.269938 -0.000151 0.999985 -0.005557 -0.268023 0.023151 0.005559 0.999717 17.660697
0.999690 0.000452 -0.024877 -0.302308 -0.000548 0.999993 -0.003828 -0.280344 0.024875 0.003841 0.999683 18.584473
0.999650 0.001783 -0.026385 -0.334850 -0.001881 0.999992 -0.003698 -0.291877 0.026378 0.003746 0.999645 19.537159
0.999603 0.003703 -0.027913 -0.368679 -0.003802 0.999987 -0.003503 -0.302766 0.027899 0.003608 0.999604 20.468256
0.999564 0.004736 -0.029149 -0.402750 -0.004863 0.999979 -0.004295 -0.311405 0.029128 0.004435 0.999566 21.409709
0.999511 0.005062 -0.030855 -0.436393 -0.005240 0.999970 -0.005702 -0.321585 0.030826 0.005861 0.999508 22.315413
0.999472 0.004782 -0.032145 -0.472705 -0.004961 0.999973 -0.005499 -0.333800 0.032118 0.005656 0.999468 23.225969
0.999430 0.005439 -0.033307 -0.511725 -0.005605 0.999973 -0.004888 -0.346721 0.033279 0.005072 0.999433 24.169371
0.999370 0.007576 -0.034667 -0.549683 -0.007771 0.999955 -0.005492 -0.360060 0.034624 0.005758 0.999384 25.085705
0.999320 0.010157 -0.035437 -0.586026 -0.010419 0.999920 -0.007222 -0.374491 0.035361 0.007587 0.999346 25.991336
0.999281 0.012009 -0.035959 -0.626464 -0.012284 0.999897 -0.007434 -0.390342 0.035866 0.007870 0.999326 26.932117
0.999262 0.010981 -0.036810 -0.665160 -0.011289 0.999903 -0.008173 -0.407729 0.036717 0.008583 0.999289 27.838660
0.999239 0.008493 -0.038080 -0.705109 -0.008798 0.999931 -0.007841 -0.423919 0.038011 0.008170 0.999244 28.725881
0.999204 0.006732 -0.039310 -0.742358 -0.007081 0.999937 -0.008740 -0.438052 0.039249 0.009011 0.999189 29.577029
0.999158 0.006793 -0.040456 -0.783228 -0.007122 0.999943 -0.007998 -0.453754 0.040399 0.008279 0.999149 30.438797
0.999105 0.006834 -0.041734 -0.824459 -0.007179 0.999942 -0.008120 -0.469318 0.041676 0.008413 0.999096 31.281930
0.999059 0.006434 -0.042888 -0.866193 -0.006732 0.999955 -0.006791 -0.483789 0.042842 0.007074 0.999057 32.080126
0.999001 0.006844 -0.044159 -0.905448 -0.007138 0.999954 -0.006522 -0.498636 0.044112 0.006830 0.999003 32.842412
0.998928 0.008398 -0.045526 -0.946165 -0.008684 0.999944 -0.006096 -0.514545 0.045473 0.006485 0.998945 33.611410
0.998821 0.011078 -0.047258 -0.987006 -0.011417 0.999911 -0.006909 -0.531326 0.047178 0.007440 0.998859 34.382019
0.998717 0.012942 -0.048964 -1.029032 -0.013256 0.999894 -0.006080 -0.544423 0.048880 0.006721 0.998782 35.117729
0.998612 0.013577 -0.050892 -1.074292 -0.013819 0.999895 -0.004388 -0.556651 0.050827 0.005085 0.998695 35.856065
0.998531 0.012930 -0.052621 -1.121696 -0.012988 0.999916 -0.000748 -0.565000 0.052606 0.001431 0.998614 36.563098
0.998456 0.012038 -0.054219 -1.167957 -0.011926 0.999926 0.002390 -0.568194 0.054244 -0.001740 0.998526 37.255119
0.998378 0.012835 -0.055465 -1.212528 -0.012663 0.999914 0.003453 -0.568323 0.055505 -0.002745 0.998455 37.950593
0.998324 0.014746 -0.055958 -1.255925 -0.014495 0.999883 0.004881 -0.566576 0.056023 -0.004061 0.998421 38.629068
0.998347 0.015542 -0.055322 -1.301283 -0.015148 0.999857 0.007534 -0.564227 0.055431 -0.006684 0.998440 39.324217
0.998480 0.013516 -0.053435 -1.343826 -0.012931 0.999853 0.011287 -0.561464 0.053580 -0.010579 0.998508 39.983657
0.998638 0.010396 -0.051118 -1.377554 -0.009745 0.999869 0.012967 -0.555495 0.051246 -0.012452 0.998609 40.594564
0.998794 0.008130 -0.048427 -1.405731 -0.007505 0.999886 0.013086 -0.547210 0.048528 -0.012707 0.998741 41.169905
0.998926 0.009024 -0.045447 -1.433519 -0.008414 0.999873 0.013593 -0.538962 0.045564 -0.013196 0.998874 41.746548
0.999044 0.012647 -0.041847 -1.466576 -0.011898 0.999766 0.018105 -0.527737 0.042066 -0.017590 0.998960 42.369095
0.999165 0.017158 -0.037085 -1.495000 -0.016334 0.999616 0.022406 -0.518402 0.037455 -0.021782 0.999061 42.988871
0.999302 0.018527 -0.032448 -1.521487 -0.017665 0.999489 0.026659 -0.503229 0.032926 -0.026067 0.999118 43.643763
0.999452 0.018702 -0.027314 -1.541171 -0.017879 0.999388 0.030079 -0.484425 0.027860 -0.029574 0.999174 44.249759
0.999546 0.020956 -0.021639 -1.557166 -0.020234 0.999248 0.033074 -0.465636 0.022315 -0.032621 0.999219 44.870651
0.999629 0.022457 -0.015435 -1.569352 -0.021873 0.999076 0.037017 -0.446570 0.016252 -0.036666 0.999195 45.478480
0.999712 0.022455 -0.008427 -1.574922 -0.022103 0.998965 0.039768 -0.425205 0.009311 -0.039570 0.999173 46.074119
0.999735 0.022989 -0.001237 -1.576553 -0.022915 0.998806 0.043159 -0.404568 0.002228 -0.043119 0.999067 46.636744
0.999710 0.023303 0.006115 -1.575186 -0.023567 0.998595 0.047463 -0.385697 -0.005000 -0.047593 0.998854 47.143130
0.999681 0.021262 0.013597 -1.569649 -0.021941 0.998413 0.051879 -0.366487 -0.012472 -0.052160 0.998561 47.605001
0.999593 0.018648 0.021577 -1.556585 -0.019790 0.998345 0.053996 -0.345771 -0.020534 -0.054401 0.998308 48.035807
0.999377 0.018956 0.029770 -1.538019 -0.020561 0.998298 0.054586 -0.322744 -0.028685 -0.055164 0.998065 48.465814
0.999037 0.021447 0.038264 -1.516174 -0.023506 0.998253 0.054217 -0.301090 -0.037035 -0.055065 0.997796 48.878489
0.998658 0.023080 0.046352 -1.494614 -0.025663 0.998105 0.055924 -0.283786 -0.044974 -0.057038 0.997358 49.262727
0.998201 0.023751 0.055043 -1.472122 -0.026999 0.997891 0.059042 -0.269380 -0.053525 -0.060422 0.996737 49.614771
0.997672 0.023237 0.064105 -1.448907 -0.027355 0.997567 0.064127 -0.254461 -0.062459 -0.065732 0.995881 49.961502
0.997082 0.022994 0.072786 -1.422772 -0.027986 0.997271 0.068328 -0.237428 -0.071017 -0.070166 0.995004 50.285304
0.996359 0.024502 0.081664 -1.382546 -0.029994 0.997321 0.066718 -0.222932 -0.079811 -0.068924 0.994424 50.648420
0.995460 0.023963 0.092114 -1.336976 -0.029988 0.997462 0.064590 -0.210104 -0.090332 -0.067059 0.993651 50.998044
0.994292 0.020846 0.104632 -1.286237 -0.027506 0.997659 0.062616 -0.194867 -0.103082 -0.065137 0.992538 51.345641
0.992714 0.017851 0.119166 -1.231224 -0.025429 0.997729 0.062376 -0.178506 -0.117782 -0.064951 0.990913 51.688425
0.990605 0.016298 0.135777 -1.175550 -0.025159 0.997646 0.063803 -0.161729 -0.134417 -0.066619 0.988683 51.995220
0.988081 0.015699 0.153133 -1.109988 -0.025984 0.997522 0.065393 -0.142757 -0.151727 -0.068593 0.986040 52.325110
0.985237 0.015828 0.170460 -1.040315 -0.027442 0.997443 0.065993 -0.128730 -0.168980 -0.069697 0.983152 52.631700
0.981965 0.016053 0.188377 -0.964119 -0.028870 0.997436 0.065496 -0.117285 -0.186842 -0.069753 0.979910 52.933355
0.978201 0.016909 0.206970 -0.881778 -0.031026 0.997393 0.065152 -0.105924 -0.205328 -0.070153 0.976176 53.235114
0.973850 0.016537 0.226587 -0.794488 -0.032287 0.997299 0.065984 -0.092403 -0.224883 -0.071574 0.971753 53.535020
0.968946 0.014991 0.246816 -0.707868 -0.032809 0.997130 0.068239 -0.077759 -0.245085 -0.074218 0.966657 53.808088
0.963166 0.013951 0.268545 -0.612400 -0.033815 0.997010 0.069485 -0.062893 -0.266773 -0.076006 0.960758 54.077876
0.956379 0.014229 0.291783 -0.507339 -0.036340 0.996850 0.070499 -0.048768 -0.289861 -0.078027 0.953883 54.350181
0.949003 0.014311 0.314943 -0.402335 -0.039106 0.996598 0.072550 -0.035819 -0.312833 -0.081166 0.946334 54.602858
0.940262 0.014470 0.340144 -0.278701 -0.042204 0.996345 0.074278 -0.019987 -0.337825 -0.084196 0.937436 54.879208
0.930133 0.015232 0.366906 -0.139516 -0.045645 0.996187 0.074358 -0.003431 -0.364375 -0.085910 0.927281 55.161481
0.917866 0.017028 0.396524 0.015916 -0.049323 0.996229 0.071389 0.012084 -0.393813 -0.085084 0.915245 55.441832
0.903246 0.019243 0.428691 0.206599 -0.052693 0.996408 0.066297 0.026654 -0.425875 -0.082472 0.901016 55.761218
0.886379 0.019148 0.462563 0.424292 -0.054545 0.996505 0.063269 0.040041 -0.459735 -0.081311 0.884326 56.102762
0.867544 0.016979 0.497070 0.655851 -0.054956 0.996570 0.061875 0.054159 -0.494314 -0.080996 0.865502 56.431915
0.846240 0.014284 0.532611 0.895992 -0.055735 0.996530 0.061830 0.066609 -0.529879 -0.082008 0.844099 56.744084
0.822234 0.011655 0.569031 1.152224 -0.057796 0.996332 0.063107 0.083001 -0.566208 -0.084777 0.819891 57.047679
0.795053 0.010273 0.606453 1.438138 -0.060643 0.996193 0.062627 0.103882 -0.603501 -0.086568 0.792649 57.351733
0.764904 0.009369 0.644076 1.746182 -0.063828 0.996076 0.061313 0.120790 -0.640974 -0.088008 0.762501 57.645712
0.731659 0.010597 0.681588 2.127773 -0.067583 0.996081 0.057062 0.138181 -0.678312 -0.087814 0.729508 57.980933
0.695277 0.014389 0.718598 2.556788 -0.072566 0.996097 0.050266 0.149743 -0.715069 -0.087095 0.693607 58.322906
0.654510 0.016310 0.755877 2.999669 -0.075930 0.996131 0.044253 0.160688 -0.752231 -0.086357 0.653216 58.631805
0.612299 0.018108 0.790419 3.485737 -0.079352 0.996098 0.038650 0.172277 -0.786634 -0.086386 0.611346 58.937628
0.567294 0.018625 0.823304 4.010998 -0.081267 0.996131 0.033462 0.181344 -0.819496 -0.085890 0.566613 59.230488
0.520159 0.020681 0.853819 4.542054 -0.083301 0.996169 0.026619 0.187895 -0.849997 -0.084970 0.519890 59.486895
0.474419 0.024692 0.879953 5.080677 -0.086286 0.996098 0.018570 0.189890 -0.876060 -0.084738 0.474699 59.716555
0.426325 0.028228 0.904129 5.628864 -0.088715 0.996000 0.010736 0.184210 -0.900209 -0.084787 0.427124 59.914192
0.374664 0.030906 0.926645 6.141718 -0.090267 0.995913 0.003281 0.170891 -0.922756 -0.084874 0.375922 60.059858
0.323100 0.030926 0.945859 6.680024 -0.088376 0.996085 -0.002380 0.155723 -0.942229 -0.082822 0.324569 60.186286
0.271788 0.034518 0.961738 7.280861 -0.087054 0.996142 -0.011151 0.138902 -0.958412 -0.080692 0.273744 60.298007
0.220914 0.043243 0.974334 7.898896 -0.087921 0.995833 -0.024263 0.105461 -0.971322 -0.080304 0.223795 60.380474
0.174113 0.048958 0.983508 8.467569 -0.084577 0.995817 -0.034598 0.078044 -0.981087 -0.077158 0.177525 60.429283
0.133719 0.050858 0.989713 9.077296 -0.080810 0.995917 -0.040258 0.047886 -0.987719 -0.074595 0.137283 60.470594
0.097288 0.057994 0.993565 9.721827 -0.076778 0.995764 -0.050604 0.011818 -0.992290 -0.071360 0.101329 60.493345
0.065757 0.063843 0.995791 10.368613 -0.076122 0.995365 -0.058789 -0.031854 -0.994928 -0.071936 0.070313 60.502249
0.038480 0.068725 0.996893 10.984331 -0.076194 0.994930 -0.065649 -0.077277 -0.996350 -0.073431 0.043522 60.499511
0.016750 0.071520 0.997298 11.552700 -0.076334 0.994620 -0.070045 -0.124476 -0.996942 -0.074954 0.022120 60.489530
-0.001446 0.072963 0.997333 12.104627 -0.073339 0.994642 -0.072872 -0.168097 -0.997306 -0.073249 0.003912 60.473971
-0.016974 0.072177 0.997247 12.666115 -0.072948 0.994644 -0.073230 -0.215244 -0.997191 -0.073990 -0.011618 60.456160
-0.030018 0.071103 0.997017 13.218272 -0.071725 0.994743 -0.073101 -0.263250 -0.996973 -0.073706 -0.024760 60.432542
-0.040133 0.075005 0.996375 13.801427 -0.068480 0.994628 -0.077632 -0.313096 -0.996845 -0.071347 -0.034780 60.399010
-0.047070 0.079380 0.995732 14.392560 -0.066290 0.994392 -0.082407 -0.365986 -0.996690 -0.069886 -0.041543 60.364817
-0.051516 0.079315 0.995517 14.989354 -0.066894 0.994329 -0.082682 -0.416276 -0.996429 -0.070853 -0.045918 60.336070
-0.055980 0.076352 0.995508 15.626612 -0.069462 0.994359 -0.080170 -0.463448 -0.996013 -0.073638 -0.050361 60.306666
-0.059603 0.072628 0.995576 16.281111 -0.076242 0.994106 -0.077085 -0.511395 -0.995306 -0.080499 -0.053715 60.274636
-0.061968 0.073369 0.995378 16.947198 -0.082277 0.993525 -0.078355 -0.567181 -0.994681 -0.086752 -0.055530 60.238022
-0.063049 0.075477 0.995152 17.628035 -0.085042 0.993104 -0.080710 -0.629185 -0.994381 -0.089718 -0.056195 60.198854
-0.062847 0.078766 0.994910 18.332735 -0.082807 0.993033 -0.083848 -0.696147 -0.994582 -0.087655 -0.055886 60.159342
-0.061182 0.079633 0.994945 19.003011 -0.075377 0.993598 -0.084160 -0.758031 -0.995276 -0.080145 -0.054788 60.126623
-0.058925 0.079485 0.995093 19.735595 -0.067118 0.994255 -0.083392 -0.820674 -0.996003 -0.071703 -0.053251 60.093327
-0.057417 0.079698 0.995164 20.457363 -0.066350 0.994301 -0.083457 -0.879225 -0.996143 -0.070822 -0.051802 60.060965
-0.055670 0.078051 0.995394 21.206122 -0.070578 0.994139 -0.081900 -0.938442 -0.995952 -0.074812 -0.049835 60.030681
-0.053985 0.075911 0.995652 21.949125 -0.077406 0.993788 -0.079966 -1.002905 -0.995537 -0.081386 -0.047774 60.003522
-0.051077 0.072649 0.996049 22.715336 -0.079723 0.993872 -0.076578 -1.068705 -0.995508 -0.083319 -0.044972 59.979332
-0.047209 0.080898 0.995604 23.419294 -0.074665 0.993642 -0.084279 -1.132549 -0.996091 -0.078316 -0.040868 59.948537
-0.043036 0.082526 0.995659 24.174459 -0.069062 0.993954 -0.085370 -1.202159 -0.996684 -0.072436 -0.037077 59.930103
-0.040180 0.075755 0.996316 24.918896 -0.068385 0.994576 -0.078381 -1.260045 -0.996850 -0.071282 -0.034781 59.921994
-0.037653 0.069399 0.996878 25.655256 -0.071953 0.994809 -0.071973 -1.313642 -0.996697 -0.074439 -0.032464 59.912803
-0.034113 0.073199 0.996734 26.423093 -0.075915 0.994244 -0.075614 -1.379123 -0.996531 -0.078247 -0.028360 59.894780
-0.030274 0.078706 0.996438 27.218374 -0.075342 0.993880 -0.080793 -1.451956 -0.996698 -0.077519 -0.024158 59.877800
-0.026707 0.078205 0.996579 27.967457 -0.070899 0.994277 -0.079924 -1.517400 -0.997126 -0.072791 -0.021009 59.872947
-0.023302 0.074135 0.996976 28.709324 -0.070218 0.994663 -0.075604 -1.577871 -0.997260 -0.071767 -0.017972 59.873615
-0.020453 0.072461 0.997161 29.461815 -0.070647 0.994773 -0.073736 -1.637052 -0.997292 -0.071955 -0.015227 59.871200
-0.018273 0.076494 0.996902 30.246711 -0.073857 0.994243 -0.077643 -1.705734 -0.997102 -0.075047 -0.012518 59.863137
-0.015680 0.080445 0.996636 31.034506 -0.073224 0.993990 -0.081384 -1.776994 -0.997192 -0.074253 -0.009695 59.856464
-0.012931 0.083119 0.996456 31.794229 -0.072348 0.993850 -0.083840 -1.847132 -0.997296 -0.073175 -0.006838 59.854468
-0.011364 0.082935 0.996490 32.570255 -0.072436 0.993869 -0.083543 -1.915567 -0.997308 -0.073131 -0.005287 59.856026
-0.009065 0.083938 0.996430 33.353879 -0.073984 0.993684 -0.084379 -1.986111 -0.997218 -0.074484 -0.002797 59.859671
-0.006255 0.085931 0.996281 34.160587 -0.075100 0.993448 -0.086158 -2.059499 -0.997157 -0.075359 0.000240 59.865183
-0.003573 0.084032 0.996456 34.946100 -0.074850 0.993646 -0.084063 -2.130061 -0.997189 -0.074885 0.002740 59.877804
-0.000564 0.081431 0.996679 35.738550 -0.073267 0.993998 -0.081254 -2.199323 -0.997312 -0.073070 0.005406 59.893053
0.001715 0.083288 0.996524 36.537509 -0.073287 0.993857 -0.082939 -2.270106 -0.997310 -0.072890 0.007809 59.903399
0.003861 0.081461 0.996669 37.330303 -0.074092 0.993961 -0.080952 -2.340561 -0.997244 -0.073533 0.009873 59.919973
0.006123 0.079816 0.996791 38.123412 -0.074269 0.994094 -0.079143 -2.408461 -0.997220 -0.073546 0.012015 59.938116
0.008996 0.077035 0.996988 38.949670 -0.074699 0.994295 -0.076153 -2.478020 -0.997166 -0.073789 0.014699 59.960641
0.012170 0.076580 0.996989 39.753485 -0.073128 0.994462 -0.075493 -2.546196 -0.997249 -0.071989 0.017703 59.982870
0.016168 0.076289 0.996954 40.524498 -0.070060 0.994722 -0.074981 -2.610787 -0.997412 -0.068635 0.021428 60.007990
0.019674 0.076807 0.996852 41.272169 -0.068219 0.994825 -0.075304 -2.676331 -0.997477 -0.066523 0.024812 60.034809
0.022792 0.070854 0.997226 42.061759 -0.066907 0.995358 -0.069192 -2.736376 -0.997499 -0.065145 0.027427 60.072650
0.025426 0.068007 0.997361 42.885851 -0.068345 0.995468 -0.066135 -2.796134 -0.997338 -0.066483 0.029958 60.107836
0.028400 0.070363 0.997117 43.740613 -0.067960 0.995348 -0.068303 -2.862290 -0.997284 -0.065824 0.033050 60.142018
0.031629 0.069699 0.997066 44.594498 -0.067163 0.995460 -0.067456 -2.924461 -0.997241 -0.064832 0.036167 60.182775
0.034992 0.065738 0.997223 45.443380 -0.066941 0.995748 -0.063292 -2.979449 -0.997143 -0.064540 0.039244 60.229751
0.038378 0.064770 0.997162 46.320291 -0.069294 0.995668 -0.062006 -3.039101 -0.996858 -0.066718 0.042700 60.277516
0.042876 0.065710 0.996917 47.249153 -0.069917 0.995587 -0.062615 -3.103943 -0.996631 -0.067016 0.047281 60.331359
0.049050 0.061798 0.996883 48.168889 -0.066806 0.996053 -0.058459 -3.166024 -0.996560 -0.063730 0.052985 60.396881
0.056268 0.060330 0.996591 49.006552 -0.058671 0.996648 -0.057020 -3.218319 -0.996691 -0.055262 0.059619 60.460996
0.063882 0.058429 0.996245 49.820913 -0.054536 0.996998 -0.054976 -3.266420 -0.996466 -0.050820 0.066876 60.531285
0.071603 0.054757 0.995929 50.698237 -0.052182 0.997331 -0.051082 -3.311035 -0.996068 -0.048312 0.074269 60.614781
0.077836 0.051056 0.995658 51.585827 -0.054436 0.997417 -0.046891 -3.355917 -0.995479 -0.050549 0.080414 60.702573
0.084616 0.051225 0.995096 52.485191 -0.056312 0.997328 -0.046551 -3.399055 -0.994821 -0.052097 0.087274 60.793335
0.091027 0.052017 0.994489 53.401754 -0.060252 0.997094 -0.046639 -3.442825 -0.994024 -0.055675 0.093896 60.891056
0.097365 0.052744 0.993850 54.283184 -0.066699 0.996696 -0.046360 -3.480110 -0.993012 -0.061775 0.100561 60.991267
0.102823 0.051533 0.993364 55.191487 -0.074617 0.996244 -0.043959 -3.525469 -0.991897 -0.069602 0.106282 61.101852
0.109277 0.052228 0.992638 56.079247 -0.077692 0.996013 -0.043853 -3.574390 -0.990971 -0.072328 0.112899 61.215313
0.116315 0.053177 0.991788 56.935059 -0.075865 0.996125 -0.044513 -3.618040 -0.990311 -0.070065 0.119898 61.329199
0.122166 0.054023 0.991038 57.811399 -0.069157 0.996555 -0.045798 -3.662845 -0.990098 -0.062942 0.125482 61.448870
0.127135 0.053402 0.990447 58.632855 -0.065995 0.996793 -0.045273 -3.708379 -0.989688 -0.059609 0.130252 61.568353
0.132246 0.052474 0.989827 59.436574 -0.063081 0.997020 -0.044427 -3.751151 -0.989208 -0.056564 0.135162 61.690576
0.136932 0.050356 0.989300 60.252935 -0.064302 0.997054 -0.041850 -3.788810 -0.988491 -0.057883 0.139767 61.818945
0.141169 0.054431 0.988488 61.062763 -0.066701 0.996742 -0.045359 -3.822492 -0.987736 -0.059530 0.144339 61.941754
0.144560 0.057243 0.987839 61.914743 -0.074136 0.996147 -0.046875 -3.856963 -0.986715 -0.066458 0.148247 62.075566
0.146818 0.055844 0.987586 62.747210 -0.081026 0.995730 -0.044259 -3.892169 -0.985840 -0.073522 0.150715 62.213203
0.148997 0.051700 0.987485 63.585857 -0.085091 0.995599 -0.039286 -3.928822 -0.985170 -0.078172 0.152740 62.356098
0.151840 0.050674 0.987105 64.388215 -0.085448 0.995620 -0.037967 -3.964881 -0.984705 -0.078581 0.155505 62.491986
0.154039 0.049738 0.986812 65.176474 -0.083858 0.995788 -0.037101 -4.002354 -0.984500 -0.077037 0.157561 62.626877
0.155994 0.046752 0.986651 65.948202 -0.080319 0.996173 -0.034505 -4.038507 -0.984487 -0.073865 0.159152 62.762015
0.157805 0.045730 0.986411 66.708951 -0.076366 0.996502 -0.033981 -4.072852 -0.984513 -0.069965 0.160745 62.893304
0.159181 0.044794 0.986233 67.429529 -0.070500 0.996936 -0.033901 -4.099129 -0.984729 -0.064133 0.161851 63.016543
0.160681 0.045142 0.985974 68.168530 -0.067999 0.997087 -0.034570 -4.124728 -0.984661 -0.061491 0.163282 63.144419
0.161678 0.042188 0.985941 68.917835 -0.068803 0.997137 -0.031384 -4.149177 -0.984442 -0.062762 0.164117 63.278642
0.162116 0.042494 0.985856 69.688778 -0.072093 0.996913 -0.031115 -4.175644 -0.984135 -0.066029 0.164679 63.413464
0.162542 0.043277 0.985752 70.459485 -0.074856 0.996700 -0.031414 -4.203313 -0.983858 -0.068684 0.165246 63.547919
0.161951 0.044764 0.985783 71.214175 -0.076013 0.996569 -0.032765 -4.230637 -0.983867 -0.069626 0.164798 63.676741
0.160639 0.044891 0.985992 71.953615 -0.077071 0.996486 -0.032812 -4.261307 -0.984000 -0.070720 0.163535 63.803107
0.159191 0.043769 0.986277 72.639934 -0.076550 0.996557 -0.031869 -4.290918 -0.984276 -0.070427 0.161993 63.920671
0.157436 0.042956 0.986595 73.301845 -0.074075 0.996754 -0.031578 -4.320361 -0.984747 -0.068110 0.160106 64.031632
0.155362 0.042880 0.986927 73.958664 -0.069517 0.997056 -0.032376 -4.344528 -0.985409 -0.063578 0.157886 64.138191
0.153657 0.044665 0.987114 74.582356 -0.068345 0.997067 -0.034477 -4.366490 -0.985758 -0.062167 0.156259 64.237012
0.151879 0.044565 0.987394 75.190532 -0.069520 0.996991 -0.034304 -4.387105 -0.985951 -0.063434 0.154521 64.334514
0.149990 0.045636 0.987634 75.826808 -0.072860 0.996729 -0.034991 -4.409970 -0.985999 -0.066711 0.152825 64.434288
0.147772 0.047171 0.987896 76.461286 -0.076683 0.996402 -0.036106 -4.436955 -0.986044 -0.070419 0.150858 64.532084
0.145141 0.050249 0.988134 77.068185 -0.076946 0.996259 -0.039360 -4.468516 -0.986414 -0.070320 0.148465 64.621262
0.142442 0.052618 0.988403 77.647272 -0.074579 0.996319 -0.042292 -4.500813 -0.986989 -0.067691 0.145842 64.704464
0.139359 0.055008 0.988713 78.214098 -0.071418 0.996415 -0.045370 -4.530314 -0.987663 -0.064289 0.142788 64.783830
0.137356 0.053719 0.989064 78.773442 -0.069424 0.996596 -0.044486 -4.559013 -0.988086 -0.062555 0.140618 64.866825
0.135724 0.052441 0.989358 79.337295 -0.066279 0.996843 -0.043745 -4.583029 -0.988527 -0.059636 0.138771 64.949800
0.134242 0.053687 0.989493 79.888944 -0.067174 0.996728 -0.044966 -4.608466 -0.988669 -0.060432 0.137409 65.026497
0.134489 0.059408 0.989133 80.446901 -0.067086 0.996458 -0.050726 -4.636944 -0.988642 -0.059535 0.137998 65.101112
0.135730 0.064253 0.988660 81.009081 -0.067967 0.996149 -0.055409 -4.669624 -0.988412 -0.059675 0.139574 65.180037
0.137510 0.067593 0.988191 81.608636 -0.068022 0.995959 -0.058659 -4.706354 -0.988162 -0.059153 0.141552 65.268562
0.140853 0.066098 0.987822 82.215334 -0.069272 0.995982 -0.056767 -4.746419 -0.987604 -0.060433 0.144866 65.368245
0.146283 0.065718 0.987057 82.815786 -0.069176 0.996029 -0.056063 -4.783878 -0.986821 -0.060080 0.150248 65.470954
0.152638 0.067930 0.985945 83.412243 -0.070359 0.995851 -0.057720 -4.821456 -0.985775 -0.060560 0.156784 65.574468
0.160291 0.067015 0.984792 84.018743 -0.071214 0.995879 -0.056178 -4.857009 -0.984498 -0.061126 0.164403 65.690564
0.167966 0.068350 0.983420 84.634799 -0.073666 0.995675 -0.056619 -4.892470 -0.983037 -0.062934 0.172275 65.810637
0.176764 0.065889 0.982045 85.251606 -0.075423 0.995731 -0.053232 -4.926627 -0.981359 -0.064659 0.180979 65.942487
0.186260 0.065173 0.980336 85.876382 -0.076314 0.995744 -0.051697 -4.964587 -0.979532 -0.065184 0.190441 66.080809
0.196696 0.060274 0.978610 86.493198 -0.074161 0.996165 -0.046449 -4.998393 -0.977656 -0.063439 0.200412 66.230011
0.206974 0.058366 0.976604 87.109468 -0.073411 0.996332 -0.043987 -5.029358 -0.975588 -0.062589 0.210500 66.381995
0.218941 0.056177 0.974120 87.762876 -0.072198 0.996538 -0.041243 -5.060491 -0.973063 -0.061300 0.222239 66.553297
0.229768 0.055915 0.971638 88.418604 -0.071109 0.996645 -0.040539 -5.089929 -0.970644 -0.059777 0.232973 66.729086
0.240456 0.053980 0.969158 89.082540 -0.071871 0.996703 -0.037682 -5.120536 -0.967996 -0.060593 0.243543 66.917228
0.251405 0.053474 0.966404 89.739911 -0.072253 0.996725 -0.036355 -5.148950 -0.965182 -0.060685 0.254445 67.110352
0.262150 0.050806 0.963689 90.441909 -0.073072 0.996792 -0.032674 -5.170950 -0.962257 -0.061853 0.265021 67.325787
0.273167 0.052558 0.960530 91.146317 -0.078124 0.996421 -0.032304 -5.197481 -0.958789 -0.066216 0.276295 67.545969
0.284119 0.057051 0.957090 91.900188 -0.084005 0.995872 -0.034425 -5.226961 -0.955102 -0.070620 0.287738 67.787470
0.295158 0.060066 0.953559 92.610549 -0.087600 0.995521 -0.035594 -5.255908 -0.951424 -0.073026 0.299097 68.026490
0.305013 0.060020 0.950455 93.328028 -0.091206 0.995267 -0.033580 -5.287395 -0.947971 -0.076445 0.309043 68.278744
0.314070 0.064719 0.947191 94.030687 -0.090880 0.995143 -0.037862 -5.321615 -0.945040 -0.074189 0.318426 68.524525
0.321338 0.070791 0.944315 94.793181 -0.093640 0.994691 -0.042703 -5.364373 -0.942324 -0.074703 0.326261 68.795096
0.327174 0.078396 0.941707 95.588664 -0.098486 0.993955 -0.048529 -5.416208 -0.939818 -0.076867 0.332917 69.081685
0.333141 0.082253 0.939282 96.394431 -0.100334 0.993625 -0.051426 -5.473868 -0.937524 -0.077110 0.339270 69.381859
0.339157 0.082251 0.937127 97.151716 -0.099212 0.993743 -0.051314 -5.528888 -0.935484 -0.075571 0.345195 69.672811
0.346873 0.081705 0.934347 97.810282 -0.091139 0.994421 -0.053123 -5.575641 -0.933474 -0.066728 0.352385 69.931482
0.353783 0.082732 0.931662 98.483887 -0.085319 0.994783 -0.055939 -5.626844 -0.931428 -0.059698 0.358995 70.200770
0.358953 0.081700 0.929773 99.199429 -0.084248 0.994932 -0.054900 -5.681491 -0.929546 -0.058624 0.364017 70.496127
0.363508 0.076299 0.928461 99.891041 -0.086113 0.995126 -0.048063 -5.731700 -0.927603 -0.062481 0.368307 70.793018
0.368227 0.069171 0.927159 100.578296 -0.085353 0.995534 -0.040374 -5.777437 -0.925810 -0.064269 0.372486 71.091546
0.373151 0.068315 0.925252 101.246996 -0.082434 0.995783 -0.040278 -5.823411 -0.924101 -0.061242 0.377209 71.376460
0.378565 0.065115 0.923281 101.903986 -0.079767 0.996107 -0.037545 -5.866497 -0.922131 -0.059434 0.382285 71.665089
0.382673 0.062685 0.921755 102.583845 -0.078400 0.996301 -0.035207 -5.904008 -0.920551 -0.058793 0.386172 71.963975
0.386514 0.062959 0.920132 103.265110 -0.081103 0.996124 -0.034090 -5.940685 -0.918711 -0.061449 0.390122 72.265622
0.390084 0.065220 0.918467 103.976679 -0.084337 0.995827 -0.034895 -5.976977 -0.916909 -0.063848 0.393957 72.580629
0.393111 0.066465 0.917086 104.679838 -0.087576 0.995557 -0.034613 -6.012971 -0.915311 -0.066708 0.397185 72.896476
0.396396 0.066576 0.915663 105.379952 -0.089295 0.995435 -0.033719 -6.051298 -0.913727 -0.068398 0.400531 73.216150
0.400458 0.064968 0.914009 106.054930 -0.088449 0.995567 -0.032013 -6.086268 -0.912037 -0.068023 0.404429 73.529344
0.403801 0.065656 0.912488 106.707662 -0.087303 0.995636 -0.033005 -6.117353 -0.910672 -0.066336 0.407770 73.829341
0.405932 0.067691 0.911393 107.379839 -0.088402 0.995486 -0.034562 -6.153234 -0.909618 -0.066539 0.410083 74.138757
0.407575 0.070013 0.910484 108.034908 -0.088626 0.995383 -0.036869 -6.187970 -0.908861 -0.065666 0.411898 74.441114
0.409256 0.069785 0.909747 108.677493 -0.089332 0.995346 -0.036165 -6.224373 -0.908036 -0.066469 0.413585 74.743535
0.410712 0.072676 0.908864 109.300952 -0.089799 0.995197 -0.039000 -6.266318 -0.907333 -0.065597 0.415265 75.034350
0.413171 0.072780 0.907741 109.926975 -0.088374 0.995302 -0.039575 -6.305032 -0.906355 -0.063869 0.417662 75.331475
0.415598 0.075873 0.906378 110.524371 -0.087060 0.995259 -0.043394 -6.341636 -0.905372 -0.060875 0.420233 75.612168
0.418244 0.077704 0.905005 111.094666 -0.086708 0.995201 -0.045376 -6.378211 -0.904187 -0.059493 0.422974 75.884906
0.420973 0.080914 0.903457 111.666887 -0.086886 0.995032 -0.048630 -6.418025 -0.902903 -0.058026 0.425912 76.159125
0.424366 0.082252 0.901747 112.231549 -0.087116 0.994956 -0.049757 -6.459238 -0.901291 -0.057442 0.429391 76.435845
0.427724 0.082739 0.900115 112.783715 -0.086663 0.994969 -0.050277 -6.499161 -0.899745 -0.056502 0.432743 76.709900
0.431407 0.083607 0.898275 113.332270 -0.086994 0.994913 -0.050822 -6.541206 -0.897954 -0.056219 0.436485 76.985418
0.435031 0.085246 0.896371 113.856260 -0.086877 0.994839 -0.052446 -6.584735 -0.896215 -0.055058 0.440192 77.251154
0.439645 0.084825 0.894157 114.386916 -0.085864 0.994941 -0.052168 -6.629083 -0.894058 -0.053840 0.444704 77.526683
0.444681 0.086562 0.891497 114.908833 -0.084833 0.994916 -0.054289 -6.674839 -0.891663 -0.051487 0.449763 77.799447
0.450544 0.083313 0.888858 115.411763 -0.082400 0.995268 -0.051519 -6.721639 -0.888944 -0.050030 0.455277 78.074098
0.457087 0.077752 0.886017 115.862264 -0.077805 0.995849 -0.047252 -6.760278 -0.886013 -0.047338 0.461239 78.327917
0.463920 0.071395 0.882996 116.289703 -0.073089 0.996435 -0.042166 -6.793771 -0.882857 -0.044976 0.467484 78.575490
0.471080 0.065300 0.879670 116.746118 -0.069395 0.996910 -0.036840 -6.824309 -0.879357 -0.043690 0.474156 78.844151
0.477300 0.060710 0.876641 117.213778 -0.066073 0.997267 -0.033089 -6.844651 -0.876253 -0.042129 0.480006 79.119109
0.482903 0.058102 0.873744 117.675971 -0.067950 0.997275 -0.028761 -6.861153 -0.873034 -0.045482 0.485535 79.392189
0.488390 0.055428 0.870864 118.172645 -0.072871 0.997087 -0.022596 -6.874811 -0.869578 -0.052425 0.491005 79.690962
0.493985 0.053881 0.867799 118.695414 -0.079880 0.996671 -0.016411 -6.889824 -0.865794 -0.061213 0.496644 80.008705
0.499352 0.051230 0.864883 119.227364 -0.085719 0.996275 -0.009522 -6.904016 -0.862149 -0.069382 0.501883 80.337790
0.504973 0.051282 0.861611 119.726545 -0.089969 0.995924 -0.006547 -6.920686 -0.858434 -0.074212 0.507528 80.648175
0.511567 0.046919 0.857962 120.257557 -0.088763 0.996053 -0.001545 -6.934471 -0.854647 -0.075365 0.513712 80.988882
0.517841 0.043281 0.854381 120.800439 -0.086261 0.996272 0.001814 -6.947843 -0.851117 -0.074639 0.519644 81.339640
0.523708 0.040149 0.850951 121.362170 -0.083495 0.996500 0.004370 -6.955899 -0.847797 -0.073339 0.525227 81.705141
0.529892 0.037612 0.847231 121.913015 -0.081665 0.996638 0.006832 -6.958440 -0.844125 -0.072810 0.531181 82.068576
0.536254 0.035729 0.843300 122.487618 -0.082250 0.996562 0.010080 -6.957073 -0.840040 -0.074767 0.537349 82.453521
0.542595 0.031544 0.839402 123.061470 -0.083288 0.996392 0.016394 -6.950524 -0.835856 -0.078807 0.543264 82.847473
0.549596 0.033210 0.834770 123.663597 -0.085816 0.996170 0.016869 -6.946045 -0.831012 -0.080908 0.550340 83.259943
0.556921 0.035026 0.829827 124.245552 -0.088562 0.995920 0.017400 -6.945351 -0.825831 -0.083182 0.557750 83.667331
0.564562 0.034769 0.824658 124.827447 -0.088667 0.995887 0.018713 -6.945086 -0.820615 -0.083685 0.565322 84.086375
0.572068 0.031543 0.819599 125.382941 -0.088749 0.995775 0.023622 -6.941531 -0.815391 -0.086252 0.572450 84.499564
0.579872 0.030391 0.814141 125.940337 -0.087885 0.995807 0.025424 -6.934605 -0.809954 -0.086293 0.580111 84.916652
0.586486 0.029104 0.809436 126.531036 -0.087798 0.995751 0.027812 -6.924994 -0.805187 -0.087378 0.586549 85.364242
0.591156 0.029672 0.806011 127.116259 -0.088523 0.995674 0.028272 -6.912242 -0.801685 -0.088064 0.591225 85.806812
0.594549 0.030831 0.803468 127.722149 -0.089184 0.995629 0.027790 -6.897986 -0.799098 -0.088179 0.594699 86.265268
0.597861 0.033461 0.800901 128.340814 -0.089347 0.995686 0.025098 -6.885144 -0.796605 -0.086563 0.598271 86.733241
0.600686 0.036930 0.798632 128.979453 -0.089364 0.995775 0.021169 -6.876231 -0.794475 -0.084085 0.601447 87.217576
0.603174 0.042433 0.796481 129.625337 -0.090438 0.995784 0.015438 -6.873938 -0.792466 -0.081344 0.604467 87.709236
0.605962 0.047433 0.794079 130.272566 -0.092677 0.995634 0.011249 -6.873207 -0.790077 -0.080409 0.607711 88.209310
0.608467 0.051828 0.791885 130.933042 -0.094743 0.995474 0.007646 -6.874909 -0.787904 -0.079678 0.610622 88.724637
0.611594 0.052501 0.789428 131.590310 -0.095992 0.995350 0.008173 -6.875010 -0.785327 -0.080778 0.613789 89.249169
0.614357 0.050973 0.787380 132.242437 -0.094258 0.995508 0.009099 -6.875775 -0.783378 -0.079807 0.616401 89.774580
0.617473 0.046454 0.785219 132.874707 -0.093024 0.995563 0.014253 -6.872638 -0.781073 -0.081844 0.619054 90.294765
0.620592 0.041374 0.783041 133.548403 -0.093496 0.995389 0.021505 -6.858920 -0.778540 -0.086557 0.621598 90.853409
0.623897 0.043911 0.780272 134.279676 -0.097187 0.995031 0.021712 -6.842560 -0.775441 -0.089378 0.625063 91.453171
0.627564 0.045081 0.777259 135.015728 -0.102906 0.994368 0.025415 -6.821451 -0.771734 -0.095934 0.628668 92.066980
0.630943 0.050344 0.774194 135.784934 -0.109911 0.993629 0.024961 -6.804457 -0.768004 -0.100842 0.632456 92.710655
0.635347 0.054170 0.770325 136.497642 -0.113258 0.993288 0.023563 -6.794904 -0.763877 -0.102216 0.637216 93.314454
0.639223 0.056141 0.766970 137.210504 -0.111779 0.993524 0.020437 -6.789602 -0.760855 -0.098795 0.641358 93.920527
0.643839 0.058328 0.762934 137.908140 -0.105905 0.994288 0.013358 -6.786973 -0.757796 -0.089399 0.646338 94.516023
0.648750 0.057668 0.758813 138.599902 -0.098023 0.995152 0.008176 -6.790758 -0.754662 -0.079686 0.651257 95.118319
0.654636 0.057426 0.753760 139.267912 -0.094342 0.995523 0.006091 -6.791660 -0.750034 -0.075099 0.657122 95.715355
0.660366 0.060905 0.748470 139.965957 -0.097186 0.995256 0.004759 -6.792549 -0.744629 -0.075884 0.663152 96.348972
0.665589 0.065910 0.743403 140.718593 -0.099826 0.995006 0.001160 -6.800868 -0.739612 -0.074983 0.668844 97.038670
0.669581 0.068549 0.739569 141.427637 -0.099310 0.995055 -0.002317 -6.817421 -0.736070 -0.071896 0.673077 97.696025
0.674206 0.066491 0.735545 142.114114 -0.093836 0.995581 -0.003986 -6.833935 -0.732558 -0.066334 0.677465 98.342403
0.677881 0.065759 0.732225 142.803354 -0.092329 0.995722 -0.003946 -6.846770 -0.729351 -0.064931 0.681052 98.998006
0.680590 0.067942 0.729508 143.501270 -0.093306 0.995623 -0.005678 -6.857752 -0.726699 -0.064203 0.683950 99.662930
0.682146 0.072538 0.727610 144.206071 -0.097553 0.995202 -0.007758 -6.870049 -0.724680 -0.065689 0.685948 100.335977
0.682723 0.075167 0.726801 144.921933 -0.099930 0.994955 -0.009030 -6.881837 -0.723812 -0.066464 0.686790 101.018872
0.682901 0.078357 0.726296 145.643860 -0.102603 0.994665 -0.010838 -6.897800 -0.723269 -0.067119 0.687297 101.708667
0.683298 0.078273 0.725932 146.371081 -0.103726 0.994561 -0.009603 -6.914290 -0.722734 -0.068737 0.687700 102.410161
0.683419 0.077502 0.725901 147.095801 -0.104651 0.994481 -0.007651 -6.930516 -0.722486 -0.070737 0.687757 103.110711
0.683346 0.075603 0.726170 147.818321 -0.103325 0.994629 -0.006321 -6.946655 -0.722746 -0.070712 0.687487 103.808225
0.682563 0.071876 0.727284 148.517000 -0.102122 0.994770 -0.002469 -6.958842 -0.723657 -0.072586 0.686333 104.482056
0.681069 0.068411 0.729016 149.224999 -0.100394 0.994949 0.000425 -6.967486 -0.725304 -0.073479 0.684497 105.156896
0.679330 0.066150 0.730846 149.942258 -0.101132 0.994867 0.003957 -6.972251 -0.726831 -0.076600 0.682532 105.837449
0.677463 0.065204 0.732661 150.680682 -0.101677 0.994804 0.005483 -6.975072 -0.728496 -0.078210 0.680572 106.531147
0.675668 0.067231 0.734134 151.397592 -0.103731 0.994597 0.004387 -6.975801 -0.729872 -0.079117 0.678990 107.196461
0.673176 0.068906 0.736265 152.120502 -0.107026 0.994246 0.004805 -6.975462 -0.731696 -0.082034 0.676677 107.863092
0.669814 0.073012 0.738930 152.878793 -0.108705 0.994076 0.000315 -6.985035 -0.734529 -0.080536 0.673782 108.549163
0.667161 0.069295 0.741684 153.596531 -0.103356 0.994646 0.000041 -6.992511 -0.737709 -0.076685 0.670750 109.200066
0.664816 0.060295 0.744570 154.289911 -0.094097 0.995559 0.003398 -6.991631 -0.741058 -0.072321 0.667536 109.828727
0.661702 0.055520 0.747709 155.032993 -0.087517 0.996159 0.003482 -6.994489 -0.744642 -0.067742 0.664018 110.491238
0.657900 0.057115 0.750937 155.743613 -0.091658 0.995782 0.004564 -6.994812 -0.747507 -0.071832 0.660359 111.118584
0.653973 0.059009 0.754213 156.475522 -0.096977 0.995269 0.006219 -6.994830 -0.750277 -0.077208 0.656601 111.760310
0.650629 0.060050 0.757018 157.213798 -0.100921 0.994865 0.007821 -6.993712 -0.752660 -0.081487 0.653348 112.402252
0.647474 0.060513 0.759682 157.959772 -0.100551 0.994913 0.006449 -6.991175 -0.755425 -0.080563 0.650264 113.039781
0.644268 0.062449 0.762246 158.718482 -0.101099 0.994870 0.003943 -6.992881 -0.758088 -0.079603 0.647276 113.681511
0.641123 0.062970 0.764850 159.468870 -0.098562 0.995132 0.000689 -6.997196 -0.761083 -0.075827 0.644208 114.308618
0.637374 0.063338 0.767947 160.175583 -0.096358 0.995346 -0.002119 -7.006530 -0.764506 -0.072647 0.640510 114.893110
0.633828 0.062625 0.770935 160.883182 -0.093040 0.995654 -0.004386 -7.015008 -0.767858 -0.068947 0.636900 115.474753
0.630112 0.062582 0.773978 161.621813 -0.093252 0.995634 -0.004586 -7.025294 -0.770885 -0.069286 0.633196 116.081356
0.625684 0.061264 0.777667 162.374351 -0.093081 0.995654 -0.003547 -7.030975 -0.774504 -0.070167 0.628666 116.692119
0.620182 0.062572 0.781958 163.150528 -0.093059 0.995645 -0.005865 -7.037771 -0.778919 -0.069131 0.623304 117.308268
0.613784 0.059224 0.787250 163.922159 -0.092066 0.995750 -0.003129 -7.045280 -0.784088 -0.070558 0.616626 117.916179
0.608160 0.051927 0.792115 164.659813 -0.085775 0.996316 0.000542 -7.050650 -0.789167 -0.068273 0.610373 118.489135
0.601862 0.045863 0.797282 165.344248 -0.080843 0.996722 0.003692 -7.050035 -0.794498 -0.066676 0.603596 119.009136
0.594763 0.043995 0.802696 166.083486 -0.078411 0.996917 0.003460 -7.037568 -0.800068 -0.064998 0.596379 119.555021
0.587137 0.047553 0.808090 166.814747 -0.086708 0.996226 0.004375 -7.029220 -0.804831 -0.072637 0.589044 120.085167
0.578798 0.048703 0.814015 167.569219 -0.096162 0.995328 0.008823 -7.022341 -0.809782 -0.083384 0.580777 120.624178
0.571260 0.051595 0.819146 168.304728 -0.101823 0.994769 0.008353 -7.020470 -0.814429 -0.088180 0.573524 121.136975
0.564038 0.048332 0.824334 169.082023 -0.103634 0.994537 0.012599 -7.012598 -0.819220 -0.092535 0.565965 121.674207
0.556695 0.046756 0.829400 169.853006 -0.101077 0.994811 0.011762 -7.005044 -0.824545 -0.090381 0.558531 122.187874
0.549928 0.048558 0.833799 170.657404 -0.097236 0.995244 0.006172 -7.004903 -0.829533 -0.084470 0.552034 122.710395
0.543980 0.043567 0.837967 171.447501 -0.086870 0.996211 0.004600 -7.001542 -0.834590 -0.075297 0.545702 123.222322
0.536748 0.042999 0.842647 172.205320 -0.083467 0.996510 0.002316 -6.998163 -0.839604 -0.071576 0.538463 123.698780
0.528202 0.045586 0.847895 172.963894 -0.087023 0.996208 0.000653 -6.997125 -0.844648 -0.074132 0.530165 124.164732
0.519506 0.050998 0.852944 173.734675 -0.092049 0.995750 -0.003472 -7.006275 -0.849494 -0.076710 0.521992 124.626591
0.512176 0.050669 0.857385 174.492690 -0.093147 0.995649 -0.003197 -7.015065 -0.853815 -0.078226 0.514667 125.079905
0.504778 0.047959 0.861916 175.234699 -0.092629 0.995702 -0.001155 -7.021244 -0.858266 -0.079255 0.507050 125.515475
0.497382 0.051164 0.866022 176.000160 -0.092722 0.995678 -0.005571 -7.029666 -0.862562 -0.077529 0.499976 125.947422
0.490282 0.056235 0.869748 176.771918 -0.096572 0.995278 -0.009913 -7.042638 -0.866197 -0.079133 0.493397 126.377006
0.484790 0.056634 0.872795 177.540156 -0.099508 0.994995 -0.009292 -7.056913 -0.868952 -0.082346 0.487999 126.807525
0.479834 0.055382 0.875610 178.307338 -0.101632 0.994798 -0.007227 -7.069599 -0.871453 -0.085522 0.482966 127.234832
0.475163 0.052615 0.878324 179.076585 -0.098948 0.995076 -0.006079 -7.078883 -0.874317 -0.084020 0.478028 127.657010
