0.999998 0.001883 -0.000705 -0.005529 -0.001884 0.999997 -0.001201 -0.010744 0.000703 0.001202 0.999999 1.144965
0.999997 0.002034 -0.001261 -0.009912 -0.002038 0.999993 -0.003188 -0.025050 0.001255 0.003191 0.999994 2.302246
0.999998 0.001141 -0.001294 -0.013969 -0.001147 0.999988 -0.004701 -0.039801 0.001288 0.004702 0.999988 3.444217
0.999998 0.001489 -0.001465 -0.019849 -0.001496 0.999987 -0.004830 -0.054603 0.001458 0.004832 0.999987 4.585098
0.999995 0.002591 -0.001644 -0.025076 -0.002600 0.999983 -0.005316 -0.070152 0.001630 0.005320 0.999985 5.722168
0.999991 0.003820 -0.001622 -0.029462 -0.003831 0.999972 -0.006456 -0.086515 0.001597 0.006462 0.999978 6.861276
0.999987 0.004870 -0.001781 -0.036506 -0.004881 0.999968 -0.006291 -0.105533 0.001750 0.006299 0.999979 8.006251
0.999992 0.003398 -0.002040 -0.045374 -0.003408 0.999981 -0.005160 -0.123266 0.002023 0.005167 0.999985 9.117163
0.999996 0.001649 -0.002148 -0.056224 -0.001654 0.999995 -0.002553 -0.136600 0.002144 0.002556 0.999994 10.220892
0.999997 0.001189 -0.002127 -0.067744 -0.001188 0.999999 0.000404 -0.147388 0.002127 -0.000401 0.999998 11.327778
0.999998 0.001139 -0.001809 -0.077923 -0.001134 0.999996 0.002565 -0.153823 0.001811 -0.002563 0.999995 12.454837
0.999997 0.001862 -0.001398 -0.085174 -0.001858 0.999992 0.003430 -0.157741 0.001404 -0.003428 0.999993 13.599707
0.999989 0.004485 -0.001042 -0.089163 -0.004483 0.999989 0.001146 -0.164813 0.001047 -0.001141 0.999999 14.743338
0.999980 0.006160 -0.001270 -0.091731 -0.006165 0.999976 -0.003298 -0.176329 0.001249 0.003305 0.999994 15.937753
0.999992 0.003644 -0.001509 -0.096102 -0.003653 0.999978 -0.005591 -0.192489 0.001488 0.005597 0.999983 17.059461
0.999998 0.001620 -0.001116 -0.101007 -0.001628 0.999973 -0.007229 -0.210833 0.001104 0.007231 0.999973 18.173815
1.000000 0.000386 -0.000467 -0.109865 -0.000389 0.999983 -0.005804 -0.227030 0.000465 0.005805 0.999983 19.364728
0.999995 0.003231 0.000462 -0.118712 -0.003229 0.999987 -0.004013 -0.240689 -0.000475 0.004011 0.999992 20.612187
0.999972 0.007385 0.001409 -0.124316 -0.007379 0.999965 -0.003886 -0.254705 -0.001437 0.003876 0.999992 21.885771
0.999958 0.009015 0.001687 -0.123617 -0.009002 0.999932 -0.007359 -0.272186 -0.001754 0.007344 0.999972 23.181447
0.999977 0.006633 0.001529 -0.122373 -0.006614 0.999906 -0.012030 -0.297542 -0.001609 0.012019 0.999927 24.409190
0.999989 0.004383 0.001851 -0.124847 -0.004359 0.999908 -0.012832 -0.324507 -0.001907 0.012824 0.999916 25.634118
0.999994 0.001917 0.002773 -0.126839 -0.001881 0.999916 -0.012825 -0.351213 -0.002797 0.012819 0.999914 26.837354
0.999994 0.001570 0.003091 -0.131429 -0.001537 0.999942 -0.010700 -0.377757 -0.003108 0.010695 0.999938 28.061769
0.999994 -0.000608 0.003346 -0.134284 0.000642 0.999950 -0.010024 -0.401647 -0.003339 0.010026 0.999944 29.201619
0.999994 -0.000036 0.003448 -0.137125 0.000069 0.999955 -0.009462 -0.422867 -0.003448 0.009463 0.999949 30.384957
0.999994 0.001127 0.003249 -0.139655 -0.001095 0.999951 -0.009867 -0.445030 -0.003259 0.009864 0.999946 31.601952
0.999990 0.002986 0.003245 -0.143206 -0.002955 0.999949 -0.009692 -0.470697 -0.003274 0.009683 0.999948 32.809226
0.999987 0.003707 0.003451 -0.147895 -0.003679 0.999961 -0.008084 -0.493431 -0.003481 0.008071 0.999962 34.021451
0.999986 0.003629 0.003835 -0.151981 -0.003604 0.999972 -0.006557 -0.513091 -0.003858 0.006543 0.999971 35.199704
0.999983 0.004401 0.003886 -0.156473 -0.004383 0.999979 -0.004812 -0.530855 -0.003907 0.004795 0.999981 36.381464
0.999984 0.004411 0.003569 -0.159377 -0.004395 0.999981 -0.004387 -0.546297 -0.003589 0.004371 0.999984 37.537510
0.999986 0.004096 0.003315 -0.160725 -0.004079 0.999978 -0.005226 -0.562947 -0.003337 0.005213 0.999981 38.699376
0.999991 0.003375 0.002563 -0.163487 -0.003360 0.999976 -0.006075 -0.580169 -0.002584 0.006066 0.999978 39.855343
0.999993 0.003342 0.001706 -0.167548 -0.003330 0.999970 -0.006985 -0.597153 -0.001729 0.006979 0.999974 40.992856
0.999990 0.004356 0.001013 -0.172797 -0.004348 0.999961 -0.007706 -0.615820 -0.001047 0.007702 0.999970 42.128729
0.999992 0.004003 -0.000008 -0.179455 -0.004003 0.999958 -0.008244 -0.635012 -0.000025 0.008244 0.999966 43.245695
0.999989 0.004614 -0.000865 -0.186727 -0.004622 0.999945 -0.009401 -0.656699 0.000822 0.009405 0.999956 44.419354
0.999985 0.005400 -0.001169 -0.193409 -0.005412 0.999930 -0.010560 -0.679620 0.001112 0.010566 0.999944 45.619698
0.999981 0.006062 -0.001458 -0.198366 -0.006081 0.999893 -0.013292 -0.705904 0.001377 0.013301 0.999911 46.801602
0.999980 0.005928 -0.002016 -0.204796 -0.005958 0.999869 -0.015084 -0.736191 0.001926 0.015096 0.999884 48.023597
0.999986 0.004807 -0.002213 -0.209653 -0.004847 0.999824 -0.018125 -0.768950 0.002125 0.018136 0.999833 49.205470
0.999986 0.004980 -0.001508 -0.214439 -0.005009 0.999796 -0.019566 -0.807827 0.001410 0.019574 0.999808 50.421098
0.999986 0.005264 -0.000675 -0.218856 -0.005277 0.999769 -0.020858 -0.848145 0.000565 0.020861 0.999782 51.635629
0.999984 0.005572 0.000172 -0.223297 -0.005567 0.999755 -0.021447 -0.891983 -0.000292 0.021446 0.999770 52.919108
0.999989 0.004585 0.000498 -0.227894 -0.004572 0.999735 -0.022579 -0.937298 -0.000601 0.022576 0.999745 54.197347
0.999995 0.003170 0.000524 -0.231679 -0.003156 0.999693 -0.024556 -0.985033 -0.000602 0.024554 0.999698 55.479718
0.999997 0.002231 0.001037 -0.237405 -0.002206 0.999720 -0.023562 -1.032746 -0.001089 0.023560 0.999722 56.762776
0.999997 0.001549 0.001658 -0.241996 -0.001511 0.999743 -0.022638 -1.075182 -0.001692 0.022635 0.999742 58.017200
0.999995 0.002377 0.001973 -0.248793 -0.002337 0.999792 -0.020262 -1.117314 -0.002021 0.020257 0.999793 59.295947
0.999992 0.003103 0.002443 -0.256110 -0.003059 0.999840 -0.017632 -1.158102 -0.002497 0.017624 0.999842 60.573950
0.999991 0.003311 0.002728 -0.263422 -0.003270 0.999886 -0.014759 -1.195645 -0.002776 0.014750 0.999887 61.852832
0.999991 0.002882 0.003012 -0.269705 -0.002846 0.999925 -0.011915 -1.229575 -0.003047 0.011906 0.999925 63.136205
0.999991 0.002388 0.003637 -0.273274 -0.002351 0.999944 -0.010296 -1.260795 -0.003661 0.010287 0.999941 64.413581
0.999988 0.002020 0.004425 -0.274617 -0.001978 0.999955 -0.009314 -1.290942 -0.004444 0.009305 0.999947 65.679365
0.999986 0.002392 0.004663 -0.274375 -0.002345 0.999947 -0.010037 -1.322319 -0.004687 0.010026 0.999939 66.962723
0.999986 0.002028 0.004874 -0.272552 -0.001970 0.999927 -0.011976 -1.354886 -0.004898 0.011966 0.999917 68.223378
0.999988 0.001146 0.004762 -0.271041 -0.001081 0.999905 -0.013719 -1.387873 -0.004778 0.013714 0.999895 69.448534
0.999989 0.001035 0.004658 -0.270469 -0.000964 0.999884 -0.015202 -1.424654 -0.004673 0.015197 0.999874 70.720121
0.999989 0.001065 0.004551 -0.271012 -0.000991 0.999868 -0.016201 -1.462275 -0.004568 0.016197 0.999859 71.984940
0.999990 0.000738 0.004334 -0.271020 -0.000661 0.999843 -0.017712 -1.501547 -0.004347 0.017709 0.999834 73.258000
0.999992 0.000982 0.003876 -0.272397 -0.000911 0.999831 -0.018397 -1.538860 -0.003894 0.018393 0.999823 74.516741
0.999994 0.001979 0.002950 -0.273456 -0.001920 0.999803 -0.019789 -1.576942 -0.002989 0.019783 0.999800 75.729111
0.999994 0.002901 0.001787 -0.275246 -0.002861 0.999745 -0.022420 -1.617245 -0.001852 0.022415 0.999747 76.978662
0.999995 0.003103 0.000924 -0.277809 -0.003079 0.999690 -0.024735 -1.662211 -0.001000 0.024732 0.999694 78.247728
0.999996 0.002797 0.000317 -0.281719 -0.002788 0.999643 -0.026590 -1.709350 -0.000391 0.026589 0.999647 79.523372
0.999998 0.002124 0.000149 -0.285679 -0.002119 0.999596 -0.028337 -1.757211 -0.000209 0.028337 0.999599 80.795947
0.999999 0.001704 -0.000197 -0.290525 -0.001710 0.999546 -0.030081 -1.806570 0.000146 0.030082 0.999548 82.053898
0.999999 0.001367 -0.000051 -0.296706 -0.001368 0.999533 -0.030549 -1.860716 0.000009 0.030549 0.999534 83.345288
1.000000 0.001026 0.000113 -0.301401 -0.001022 0.999496 -0.031730 -1.916052 -0.000146 0.031729 0.999497 84.598422
1.000000 0.000385 0.000109 -0.307661 -0.000382 0.999496 -0.031745 -1.970250 -0.000121 0.031745 0.999496 85.835211
1.000000 0.000753 0.000233 -0.314115 -0.000745 0.999515 -0.031152 -2.022641 -0.000256 0.031152 0.999515 87.070186
0.999998 0.002275 0.000250 -0.320583 -0.002266 0.999537 -0.030349 -2.074669 -0.000319 0.030348 0.999540 88.270965
0.999993 0.003885 0.000144 -0.327691 -0.003879 0.999568 -0.029159 -2.126401 -0.000257 0.029159 0.999575 89.477972
0.999998 0.002331 0.000245 -0.331964 -0.002323 0.999540 -0.030262 -2.176714 -0.000316 0.030261 0.999542 90.639488
1.000000 0.000131 0.000632 -0.336259 -0.000112 0.999539 -0.030382 -2.226389 -0.000635 0.030382 0.999538 91.778646
0.999999 -0.000942 0.001094 -0.337943 0.000977 0.999488 -0.031987 -2.273480 -0.001063 0.031988 0.999488 92.911159
0.999998 0.000199 0.002139 -0.337104 -0.000125 0.999405 -0.034501 -2.324637 -0.002145 0.034501 0.999403 94.054883
0.999991 0.002136 0.003853 -0.333657 -0.001993 0.999315 -0.036966 -2.378470 -0.003929 0.036958 0.999309 95.167003
0.999983 0.002603 0.005360 -0.329097 -0.002390 0.999225 -0.039307 -2.435739 -0.005458 0.039294 0.999213 96.275207
0.999977 0.001441 0.006745 -0.324558 -0.001164 0.999167 -0.040807 -2.498475 -0.006798 0.040799 0.999145 97.446775
0.999968 -0.000569 0.008008 -0.321248 0.000891 0.999188 -0.040288 -2.558493 -0.007978 0.040294 0.999156 98.595951
0.999951 -0.002265 0.009674 -0.316404 0.002642 0.999233 -0.039088 -2.617028 -0.009578 0.039111 0.999189 99.807076
0.999936 -0.001804 0.011165 -0.311090 0.002220 0.999299 -0.037370 -2.672831 -0.011090 0.037392 0.999239 101.010734
0.999919 0.000234 0.012735 -0.302216 0.000228 0.999341 -0.036305 -2.727587 -0.012735 0.036304 0.999260 102.258146
0.999894 0.002479 0.014372 -0.290317 -0.001967 0.999367 -0.035518 -2.782683 -0.014451 0.035486 0.999266 103.471024
0.999868 0.003103 0.015971 -0.273736 -0.002518 0.999330 -0.036518 -2.839969 -0.016073 0.036473 0.999206 104.705134
0.999841 0.002632 0.017631 -0.258960 -0.002010 0.999378 -0.035207 -2.897383 -0.017713 0.035166 0.999225 105.917585
0.999821 0.002280 0.018795 -0.244384 -0.001665 0.999466 -0.032632 -2.953325 -0.018859 0.032595 0.999291 107.177181
0.999799 0.002566 0.019882 -0.226533 -0.001952 0.999523 -0.030827 -3.009952 -0.019952 0.030782 0.999327 108.468197
0.999774 0.001706 0.021206 -0.206012 -0.001071 0.999551 -0.029942 -3.062702 -0.021248 0.029912 0.999327 109.746589
0.999749 0.001481 0.022356 -0.183781 -0.000834 0.999581 -0.028925 -3.112556 -0.022390 0.028899 0.999332 111.039743
0.999718 0.001425 0.023709 -0.157287 -0.000712 0.999548 -0.030058 -3.161669 -0.023741 0.030033 0.999267 112.324314
0.999690 0.002836 0.024737 -0.129901 -0.002061 0.999507 -0.031317 -3.210656 -0.024814 0.031257 0.999204 113.581004
0.999655 0.004096 0.025946 -0.100144 -0.003239 0.999451 -0.032976 -3.265989 -0.026066 0.032881 0.999120 114.891129
0.999639 0.004189 0.026537 -0.069957 -0.003289 0.999421 -0.033862 -3.324450 -0.026664 0.033762 0.999074 116.236614
0.999631 0.003879 0.026917 -0.038311 -0.002917 0.999358 -0.035699 -3.386188 -0.027038 0.035608 0.999000 117.585105
0.999631 0.004639 0.026780 -0.008220 -0.003636 0.999294 -0.037394 -3.455528 -0.026934 0.037283 0.998942 118.897713
0.999653 0.004229 0.025995 0.018970 -0.003229 0.999257 -0.038408 -3.523165 -0.026138 0.038311 0.998924 120.222196
0.999679 0.004018 0.025035 0.045991 -0.003030 0.999220 -0.039374 -3.589174 -0.025174 0.039286 0.998911 121.572319
0.999681 0.004899 0.024786 0.072123 -0.003894 0.999176 -0.040408 -3.657900 -0.024963 0.040299 0.998876 122.860737
0.999693 0.004845 0.024293 0.097160 -0.003833 0.999130 -0.041523 -3.727876 -0.024473 0.041417 0.998842 124.134124
0.999708 0.004686 0.023709 0.119855 -0.003686 0.999109 -0.042040 -3.796949 -0.023885 0.041941 0.998835 125.385701
0.999726 0.004179 0.023051 0.142780 -0.003190 0.999080 -0.042783 -3.867775 -0.023208 0.042697 0.998819 126.670705
0.999752 0.003973 0.021929 0.164256 -0.002992 0.999000 -0.044607 -3.938192 -0.022084 0.044530 0.998764 127.878891
0.999777 0.001628 0.021063 0.186716 -0.000647 0.998918 -0.046505 -4.009437 -0.021116 0.046481 0.998696 129.095545
0.999797 0.001218 0.020137 0.211526 -0.000195 0.998715 -0.050685 -4.084837 -0.020172 0.050670 0.998512 130.328809
0.999816 0.003536 0.018856 0.237417 -0.002444 0.998335 -0.057631 -4.169403 -0.019028 0.057574 0.998160 131.574633
0.999829 0.004681 0.017891 0.262168 -0.003526 0.997943 -0.064021 -4.264072 -0.018154 0.063947 0.997789 132.866853
0.999841 0.001599 0.017789 0.283658 -0.000394 0.997714 -0.067575 -4.361374 -0.017856 0.067557 0.997556 134.146106
0.999830 -0.001312 0.018402 0.301551 0.002564 0.997672 -0.068144 -4.454245 -0.018270 0.068179 0.997506 135.384962
0.999806 -0.003183 0.019436 0.318571 0.004471 0.997770 -0.066599 -4.541086 -0.019180 0.066673 0.997591 136.605124
0.999787 -0.003225 0.020387 0.341308 0.004611 0.997657 -0.068261 -4.628912 -0.020120 0.068341 0.997460 137.836190
0.999777 -0.000188 0.021118 0.366221 0.001723 0.997355 -0.072670 -4.722301 -0.021048 0.072690 0.997133 139.021675
0.999765 0.002039 0.021577 0.393826 -0.000334 0.996896 -0.078729 -4.829230 -0.021671 0.078703 0.996663 140.229010
0.999763 0.003025 0.021568 0.419815 -0.001207 0.996483 -0.083784 -4.942369 -0.021746 0.083738 0.996251 141.437384
0.999747 0.002514 0.022353 0.444587 -0.000577 0.996275 -0.086239 -5.060074 -0.022486 0.086204 0.996024 142.668056
0.999711 0.003072 0.023872 0.467459 -0.001013 0.996313 -0.085789 -5.173839 -0.024048 0.085740 0.996028 143.875870
0.999681 0.002144 0.025179 0.489901 -0.000040 0.996526 -0.083279 -5.283806 -0.025270 0.083251 0.996209 145.082214
0.999661 0.000018 0.026058 0.514385 0.002087 0.996733 -0.080749 -5.392218 -0.025975 0.080775 0.996394 146.321170
0.999634 -0.000460 0.027056 0.539361 0.002594 0.996880 -0.078897 -5.493694 -0.026935 0.078938 0.996516 147.523381
0.999626 0.000668 0.027350 0.565260 0.001458 0.996982 -0.077627 -5.599563 -0.027320 0.077637 0.996608 148.769741
0.999641 0.000182 0.026822 0.588134 0.001859 0.997101 -0.076067 -5.699692 -0.026758 0.076090 0.996742 149.954129
0.999638 -0.002183 0.026831 0.611592 0.004188 0.997182 -0.074904 -5.797265 -0.026592 0.074989 0.996830 151.130935
0.999627 -0.004724 0.026924 0.634094 0.006677 0.997315 -0.072932 -5.892610 -0.026507 0.073085 0.996974 152.300930
0.999607 -0.006132 0.027357 0.655797 0.008010 0.997580 -0.069068 -5.980061 -0.026867 0.069260 0.997237 153.503628
0.999608 -0.004913 0.027584 0.680709 0.006731 0.997781 -0.066242 -6.068282 -0.027197 0.066402 0.997423 154.759148
0.999605 -0.002672 0.028006 0.709095 0.004474 0.997909 -0.064482 -6.159621 -0.027775 0.064582 0.997526 156.063822
0.999617 -0.000224 0.027697 0.740511 0.002032 0.997867 -0.065246 -6.254032 -0.027623 0.065277 0.997485 157.392786
0.999642 0.000348 0.026764 0.771364 0.001486 0.997652 -0.068468 -6.354192 -0.026725 0.068483 0.997295 158.674306
0.999705 -0.000621 0.024287 0.797008 0.002325 0.997533 -0.070168 -6.461707 -0.024184 0.070203 0.997240 159.988664
0.999755 -0.005020 0.021573 0.818982 0.006564 0.997375 -0.072116 -6.568232 -0.021154 0.072240 0.997163 161.256135
0.999764 -0.009945 0.019308 0.834537 0.011294 0.997407 -0.071077 -6.671791 -0.018551 0.071278 0.997284 162.538182
0.999784 -0.010629 0.017858 0.846516 0.011818 0.997624 -0.067869 -6.774043 -0.017095 0.068066 0.997535 163.867436
0.999804 -0.009822 0.017231 0.859364 0.010925 0.997816 -0.065144 -6.871593 -0.016553 0.065319 0.997727 165.227964
0.999836 -0.006635 0.016885 0.872862 0.007689 0.997973 -0.063171 -6.964938 -0.016432 0.063291 0.997860 166.591970
0.999846 -0.004633 0.016945 0.889439 0.005694 0.997988 -0.063150 -7.060142 -0.016618 0.063237 0.997861 167.995016
0.999846 -0.003977 0.017136 0.908640 0.005067 0.997936 -0.064019 -7.157807 -0.016846 0.064096 0.997802 169.453427
0.999840 -0.003572 0.017575 0.930705 0.004735 0.997771 -0.066570 -7.259443 -0.017298 0.066642 0.997627 170.900841
0.999827 -0.003345 0.018317 0.954353 0.004617 0.997548 -0.069835 -7.363652 -0.018039 0.069908 0.997391 172.291758
0.999817 -0.003530 0.018834 0.979075 0.004904 0.997292 -0.073385 -7.474604 -0.018524 0.073464 0.997126 173.690012
0.999805 -0.002804 0.019564 1.004380 0.004307 0.997004 -0.077228 -7.588917 -0.019289 0.077297 0.996822 175.032022
0.999793 -0.001720 0.020297 1.030824 0.003367 0.996674 -0.081423 -7.711105 -0.020089 0.081474 0.996473 176.395220
0.999784 -0.002389 0.020642 1.055454 0.004128 0.996405 -0.084617 -7.841978 -0.020366 0.084684 0.996200 177.779765
0.999754 -0.007095 0.021030 1.074807 0.008840 0.996419 -0.084090 -7.966341 -0.020358 0.084255 0.996237 179.113516
0.999704 -0.011784 0.021282 1.090178 0.013457 0.996683 -0.080266 -8.082245 -0.020266 0.080529 0.996547 180.433740
0.999689 -0.011661 0.022085 1.105080 0.013266 0.997169 -0.074012 -8.191097 -0.021160 0.074282 0.997013 181.768935
0.999711 -0.008109 0.022643 1.122709 0.009639 0.997617 -0.068324 -8.291655 -0.022035 0.068522 0.997407 183.108845
0.999721 -0.005762 0.022932 1.148156 0.007319 0.997629 -0.068433 -8.395995 -0.022483 0.068582 0.997393 184.499245
0.999739 -0.005233 0.022271 1.174647 0.006805 0.997448 -0.071079 -8.503077 -0.021842 0.071212 0.997223 185.876109
0.999758 -0.005278 0.021391 1.201529 0.006879 0.997125 -0.075466 -8.617098 -0.020931 0.075595 0.996919 187.233284
0.999766 -0.006270 0.020726 1.225214 0.007870 0.996919 -0.078046 -8.735028 -0.020173 0.078191 0.996735 188.584837
0.999772 -0.006868 0.020227 1.246146 0.008439 0.996867 -0.078653 -8.856629 -0.019623 0.078805 0.996697 189.953424
0.999778 -0.006793 0.019963 1.266407 0.008339 0.996885 -0.078423 -8.979466 -0.019368 0.078572 0.996721 191.351641
0.999791 -0.005860 0.019627 1.286884 0.007380 0.996900 -0.078334 -9.102570 -0.019107 0.078463 0.996734 192.770123
0.999786 -0.006908 0.019529 1.307956 0.008442 0.996789 -0.079627 -9.219811 -0.018916 0.079775 0.996634 194.113842
0.999780 -0.008281 0.019272 1.328085 0.009816 0.996670 -0.080945 -9.333579 -0.018537 0.081117 0.996533 195.425574
0.999776 -0.008981 0.019186 1.349243 0.010541 0.996506 -0.082858 -9.453046 -0.018375 0.083042 0.996377 196.783121
0.999770 -0.009387 0.019284 1.369592 0.010975 0.996408 -0.083971 -9.571695 -0.018426 0.084163 0.996282 198.127214
0.999767 -0.009883 0.019190 1.390089 0.011477 0.996331 -0.084809 -9.694102 -0.018282 0.085009 0.996213 199.494584
0.999762 -0.010524 0.019137 1.411177 0.012133 0.996222 -0.085988 -9.817969 -0.018160 0.086200 0.996113 200.866527
0.999757 -0.011114 0.019062 1.431088 0.012720 0.996189 -0.086291 -9.941141 -0.018030 0.086513 0.996088 202.240346
0.999754 -0.011554 0.018938 1.452372 0.013169 0.996077 -0.087506 -10.068689 -0.017853 0.087734 0.995984 203.636565
0.999760 -0.011525 0.018631 1.472309 0.013123 0.996030 -0.088045 -10.195030 -0.017543 0.088268 0.995943 205.017649
0.999761 -0.011668 0.018523 1.492362 0.013285 0.995875 -0.089758 -10.320959 -0.017399 0.089983 0.995792 206.351605
0.999750 -0.011961 0.018937 1.513397 0.013653 0.995676 -0.091890 -10.452112 -0.017756 0.092125 0.995590 207.701949
0.999744 -0.011880 0.019301 1.534378 0.013641 0.995494 -0.093837 -10.585486 -0.018099 0.094076 0.995401 209.052718
0.999741 -0.011016 0.019954 1.556567 0.012883 0.995300 -0.095982 -10.725922 -0.018803 0.096214 0.995184 210.420524
0.999730 -0.010788 0.020593 1.578702 0.012739 0.995197 -0.097059 -10.865486 -0.019447 0.097295 0.995066 211.767172
0.999708 -0.011190 0.021420 1.601667 0.013232 0.995132 -0.097660 -11.006305 -0.020223 0.097914 0.994990 213.127250
0.999682 -0.012135 0.022125 1.624398 0.014231 0.995162 -0.097209 -11.149126 -0.020838 0.097493 0.995019 214.514506
0.999661 -0.011787 0.023256 1.649751 0.013971 0.995277 -0.096069 -11.295880 -0.022013 0.096361 0.995103 215.947833
0.999669 -0.009966 0.023732 1.677107 0.012216 0.995242 -0.096668 -11.439203 -0.022656 0.096926 0.995034 217.318446
0.999666 -0.009550 0.024024 1.706466 0.011856 0.995142 -0.097735 -11.588998 -0.022974 0.097988 0.994923 218.745905
0.999633 -0.011746 0.024432 1.732740 0.014077 0.995132 -0.097543 -11.730095 -0.023168 0.097851 0.994932 220.085714
0.999603 -0.013200 0.024931 1.758818 0.015556 0.995179 -0.096839 -11.868581 -0.023533 0.097188 0.994988 221.427321
0.999599 -0.012956 0.025208 1.783767 0.015311 0.995305 -0.095567 -12.005034 -0.023852 0.095915 0.995104 222.745009
0.999610 -0.011912 0.025262 1.808923 0.014275 0.995327 -0.095506 -12.142058 -0.024006 0.095830 0.995109 224.052175
0.999616 -0.011713 0.025137 1.833483 0.014034 0.995449 -0.094263 -12.285780 -0.023919 0.094579 0.995230 225.414181
0.999614 -0.012010 0.025061 1.856567 0.014287 0.995588 -0.092746 -12.423642 -0.023836 0.093068 0.995375 226.725065
0.999601 -0.012202 0.025509 1.881847 0.014474 0.995756 -0.090885 -12.560134 -0.024292 0.091218 0.995535 228.081067
0.999602 -0.012076 0.025520 1.909127 0.014320 0.995868 -0.089684 -12.701268 -0.024331 0.090014 0.995644 229.496517
0.999586 -0.012131 0.026093 1.937575 0.014394 0.995983 -0.088386 -12.841860 -0.024916 0.088725 0.995745 230.908924
0.999573 -0.012159 0.026578 1.968166 0.014475 0.995949 -0.088749 -12.976613 -0.025391 0.089096 0.995700 232.272185
0.999560 -0.011357 0.027420 2.001084 0.013771 0.995889 -0.089532 -13.115176 -0.026291 0.089870 0.995607 233.658609
0.999549 -0.010281 0.028228 2.035538 0.012827 0.995719 -0.091537 -13.255389 -0.027166 0.091858 0.995402 235.037467
0.999539 -0.011040 0.028317 2.069482 0.013619 0.995612 -0.092588 -13.398540 -0.027171 0.092931 0.995302 236.437193
0.999522 -0.012107 0.028462 2.102259 0.014694 0.995605 -0.092500 -13.538667 -0.027217 0.092874 0.995306 237.812564
0.999493 -0.010703 0.030010 2.140788 0.013439 0.995624 -0.092481 -13.689314 -0.028889 0.092837 0.995263 239.297396
0.999467 -0.009112 0.031363 2.180193 0.012018 0.995523 -0.093758 -13.836169 -0.030369 0.094085 0.995102 240.722638
0.999426 -0.010495 0.032216 2.220549 0.013461 0.995551 -0.093257 -13.978302 -0.031094 0.093637 0.995121 242.157056
0.999378 -0.011474 0.033347 2.261711 0.014529 0.995573 -0.092869 -14.122056 -0.032134 0.093295 0.995120 243.558424
0.999337 -0.011556 0.034541 2.303793 0.014706 0.995616 -0.092373 -14.264017 -0.033322 0.092820 0.995126 244.952734
0.999296 -0.011478 0.035740 2.346030 0.014663 0.995817 -0.090190 -14.402604 -0.034555 0.090651 0.995284 246.359910
0.999255 -0.011352 0.036888 2.391951 0.014604 0.995913 -0.089128 -14.543181 -0.035725 0.089600 0.995338 247.810494
0.999228 -0.011367 0.037628 2.437582 0.014656 0.995986 -0.088310 -14.677270 -0.036473 0.088794 0.995383 249.216407
0.999211 -0.011342 0.038083 2.484828 0.014681 0.995962 -0.088566 -14.811262 -0.036924 0.089055 0.995343 250.600378
0.999187 -0.011952 0.038515 2.532021 0.015332 0.995941 -0.088701 -14.941256 -0.037299 0.089219 0.995314 251.956922
0.999157 -0.012753 0.039040 2.580541 0.016187 0.995905 -0.088948 -15.072960 -0.037746 0.089505 0.995271 253.308631
0.999146 -0.012701 0.039319 2.631411 0.016184 0.995850 -0.089558 -15.212135 -0.038018 0.090118 0.995206 254.728449
0.999166 -0.011748 0.039112 2.682057 0.015244 0.995796 -0.090321 -15.355357 -0.037887 0.090842 0.995145 256.162452
0.999178 -0.011585 0.038859 2.730846 0.015092 0.995718 -0.091203 -15.497639 -0.037636 0.091714 0.995074 257.577533
0.999163 -0.014443 0.038296 2.779043 0.017913 0.995608 -0.091897 -15.638022 -0.036800 0.092506 0.995032 259.007059
0.999145 -0.017021 0.037696 2.826366 0.020454 0.995488 -0.092656 -15.778875 -0.035949 0.093348 0.994985 260.438054
0.999166 -0.017232 0.037028 2.874057 0.020607 0.995473 -0.092792 -15.929415 -0.035262 0.093478 0.994997 261.939302
0.999178 -0.017413 0.036628 2.921936 0.020786 0.995374 -0.093805 -16.081894 -0.034825 0.094489 0.994917 263.434815
0.999187 -0.018226 0.035981 2.965860 0.021546 0.995324 -0.094158 -16.227025 -0.034096 0.094856 0.994907 264.875608
0.999173 -0.019089 0.035912 3.010189 0.022448 0.995168 -0.095591 -16.370908 -0.033914 0.096318 0.994773 266.281715
0.999184 -0.018972 0.035658 3.053880 0.022369 0.994993 -0.097416 -16.514445 -0.033631 0.098134 0.994605 267.638738
0.999201 -0.019373 0.034975 3.096795 0.022797 0.994692 -0.100344 -16.660092 -0.032845 0.101061 0.994338 268.989009
0.999226 -0.018549 0.034700 3.137045 0.022012 0.994515 -0.102256 -16.804143 -0.032613 0.102940 0.994153 270.292919
0.999234 -0.017404 0.035052 3.176616 0.020890 0.994596 -0.101695 -16.952984 -0.033092 0.102350 0.994198 271.630791
0.999175 -0.017817 0.036519 3.219151 0.021453 0.994582 -0.101722 -17.095677 -0.034508 0.102421 0.994143 272.938340
0.999095 -0.018611 0.038260 3.265040 0.022435 0.994522 -0.102091 -17.238809 -0.036151 0.102857 0.994039 274.251552
0.999036 -0.019466 0.039369 3.313581 0.023485 0.994264 -0.104343 -17.378312 -0.037112 0.105167 0.993762 275.531729
0.998981 -0.020798 0.040076 3.363229 0.025012 0.993869 -0.107696 -17.521648 -0.037590 0.108589 0.993376 276.805819
0.998895 -0.023152 0.040910 3.413054 0.027538 0.993536 -0.110132 -17.669065 -0.038096 0.111137 0.993075 278.086755
0.998892 -0.024409 0.040257 3.461281 0.028767 0.993349 -0.111497 -17.825378 -0.037268 0.112531 0.992950 279.435943
0.998958 -0.025410 0.037929 3.503287 0.029491 0.993358 -0.111225 -17.981488 -0.034851 0.112227 0.993072 280.784235
0.999043 -0.024497 0.036255 3.545438 0.028363 0.993494 -0.110297 -18.144525 -0.033317 0.111219 0.993238 282.198780
0.999112 -0.021719 0.036111 3.590205 0.025546 0.993697 -0.109148 -18.302827 -0.033513 0.109974 0.993370 283.631865
0.999158 -0.019009 0.036381 3.641504 0.022950 0.993538 -0.111158 -18.470712 -0.034033 0.111899 0.993137 285.125731
0.999164 -0.018625 0.036417 3.691164 0.022643 0.993312 -0.113225 -18.642780 -0.034065 0.113955 0.992902 286.597943
0.999141 -0.020169 0.036212 3.738621 0.024212 0.993078 -0.114936 -18.820426 -0.033643 0.115714 0.992713 288.045658
0.999140 -0.020452 0.036074 3.787405 0.024513 0.992949 -0.115983 -19.008437 -0.033448 0.116767 0.992597 289.569698
0.999158 -0.020139 0.035764 3.834975 0.024189 0.992875 -0.116683 -19.198850 -0.033160 0.117449 0.992526 291.089935
0.999178 -0.020150 0.035196 3.881812 0.024151 0.992812 -0.117228 -19.394596 -0.032581 0.117981 0.992482 292.631724
0.999174 -0.021128 0.034737 3.924933 0.025046 0.992872 -0.116527 -19.582332 -0.032027 0.117301 0.992580 294.133300
0.999146 -0.021940 0.035017 3.970683 0.025887 0.992843 -0.116589 -19.763867 -0.032208 0.117396 0.992563 295.600292
0.999168 -0.020518 0.035244 4.016184 0.024555 0.992686 -0.118207 -19.943255 -0.032560 0.118974 0.992364 297.021730
0.999170 -0.020298 0.035329 4.061574 0.024399 0.992495 -0.119831 -20.122844 -0.032632 0.120593 0.992166 298.415767
0.999149 -0.021693 0.035100 4.105413 0.025812 0.992254 -0.121519 -20.303643 -0.032192 0.122322 0.991969 299.807258
0.999153 -0.021987 0.034782 4.147874 0.026066 0.992241 -0.121567 -20.489730 -0.031840 0.122370 0.991974 301.239205
0.999133 -0.024436 0.033703 4.186842 0.028366 0.992180 -0.121554 -20.673101 -0.030469 0.122405 0.992013 302.650405
0.999093 -0.027574 0.032465 4.223910 0.031308 0.992186 -0.120780 -20.854879 -0.028881 0.121686 0.992149 304.077422
0.999119 -0.027694 0.031530 4.260036 0.031299 0.992248 -0.120275 -21.030725 -0.027955 0.121156 0.992241 305.485765
0.999236 -0.024528 0.030453 4.295894 0.028037 0.992292 -0.120715 -21.208417 -0.027258 0.121477 0.992221 306.910639
0.999327 -0.021986 0.029382 4.329558 0.025374 0.992399 -0.120424 -21.386163 -0.026510 0.121088 0.992288 308.325352
0.999349 -0.023525 0.027351 4.358217 0.026670 0.992295 -0.120994 -21.558364 -0.024294 0.121644 0.992277 309.687697
0.999359 -0.025613 0.025041 4.383707 0.028475 0.992177 -0.121548 -21.734563 -0.021731 0.122183 0.992270 311.081365
0.999422 -0.024706 0.023352 4.412465 0.027409 0.991957 -0.123572 -21.926023 -0.020111 0.124141 0.992062 312.590078
0.999451 -0.024565 0.022238 4.439428 0.027172 0.991697 -0.125696 -22.117542 -0.018966 0.126231 0.991820 314.057789
0.999432 -0.026009 0.021435 4.464975 0.028530 0.991464 -0.127228 -22.309690 -0.017943 0.127767 0.991643 315.524353
0.999399 -0.027654 0.020906 4.488623 0.030113 0.991279 -0.128296 -22.494904 -0.017176 0.128848 0.991516 316.925317
0.999381 -0.028340 0.020849 4.512652 0.030789 0.991233 -0.128492 -22.690657 -0.017025 0.129054 0.991492 318.409038
0.999359 -0.028957 0.021063 4.538505 0.031440 0.991138 -0.129068 -22.889645 -0.017139 0.129647 0.991413 319.909824
0.999334 -0.029946 0.020865 4.563452 0.032398 0.991072 -0.129334 -23.088648 -0.016805 0.129924 0.991382 321.414414
0.999310 -0.030905 0.020619 4.588850 0.033337 0.990890 -0.130485 -23.289930 -0.016398 0.131082 0.991237 322.910753
0.999323 -0.030431 0.020679 4.614696 0.032893 0.990760 -0.131585 -23.496499 -0.016484 0.132176 0.991090 324.416052
0.999297 -0.031101 0.020943 4.638459 0.033601 0.990664 -0.132121 -23.691938 -0.016638 0.132732 0.991013 325.834761
0.999242 -0.032551 0.021365 4.663325 0.035115 0.990454 -0.133301 -23.885331 -0.016822 0.133951 0.990846 327.248385
0.999283 -0.030946 0.021829 4.691461 0.033638 0.990108 -0.136222 -24.083207 -0.017397 0.136859 0.990439 328.684481
0.999312 -0.030141 0.021628 4.717872 0.032864 0.989725 -0.139158 -24.284828 -0.017212 0.139773 0.990035 330.117641
0.999282 -0.031402 0.021198 4.739766 0.034063 0.989597 -0.139779 -24.481855 -0.016588 0.140401 0.989957 331.491230
0.999254 -0.032322 0.021152 4.761041 0.034952 0.989700 -0.138832 -24.683390 -0.016447 0.139467 0.990091 332.911365
0.999249 -0.031978 0.021898 4.786649 0.034692 0.989887 -0.137558 -24.898363 -0.017278 0.138214 0.990253 334.449564
0.999266 -0.031075 0.022438 4.817921 0.033895 0.989742 -0.138793 -25.126729 -0.017895 0.139451 0.990068 336.065270
0.999220 -0.032063 0.023076 4.847399 0.034961 0.989720 -0.138684 -25.342816 -0.018393 0.139382 0.990069 337.567909
0.999149 -0.033629 0.023916 4.876540 0.036618 0.989741 -0.138106 -25.551356 -0.019027 0.138864 0.990130 339.004521
0.999124 -0.033868 0.024590 4.909595 0.036941 0.989784 -0.137708 -25.784007 -0.019674 0.138495 0.990169 340.631366
0.999071 -0.034695 0.025600 4.941690 0.037884 0.989853 -0.136960 -25.999826 -0.020588 0.137802 0.990247 342.146156
0.999025 -0.035026 0.026881 4.973073 0.038354 0.990049 -0.135397 -26.207003 -0.021871 0.136296 0.990428 343.598048
0.999029 -0.034250 0.027745 5.008034 0.037696 0.990118 -0.135083 -26.420238 -0.022844 0.135997 0.990447 345.085212
0.998993 -0.035026 0.028076 5.043059 0.038451 0.990429 -0.132564 -26.638126 -0.023164 0.133510 0.990778 346.622483
0.998982 -0.035202 0.028227 5.083258 0.038660 0.990338 -0.133179 -26.859633 -0.023267 0.134135 0.990691 348.203993
0.998979 -0.034949 0.028644 5.123095 0.038456 0.990402 -0.132768 -27.082491 -0.023729 0.133734 0.990734 349.821018
0.999017 -0.033850 0.028636 5.161229 0.037337 0.990600 -0.131601 -27.301398 -0.023912 0.132541 0.990890 351.406412
0.999029 -0.033239 0.028923 5.199905 0.036752 0.990711 -0.130927 -27.512782 -0.024302 0.131863 0.990971 352.956351
0.999004 -0.033694 0.029280 5.236885 0.037217 0.990873 -0.129564 -27.716015 -0.024648 0.130525 0.991139 354.477615
