0.999999 -0.001115 -0.001293 -0.001699 0.001113 0.999998 -0.001714 -0.005552 0.001295 0.001713 0.999998 0.602003
0.999993 -0.002774 -0.002453 -0.005983 0.002769 0.999994 -0.002195 -0.011646 0.002459 0.002188 0.999995 1.218456
0.999982 -0.004247 -0.004150 -0.012007 0.004236 0.999988 -0.002599 -0.018159 0.004161 0.002581 0.999988 1.808732
0.999964 -0.005930 -0.006005 -0.016391 0.005900 0.999971 -0.004923 -0.024274 0.006034 0.004887 0.999970 2.400174
0.999938 -0.008069 -0.007720 -0.020909 0.008006 0.999935 -0.008070 -0.030765 0.007784 0.008007 0.999938 2.985215
0.999918 -0.009122 -0.009002 -0.027851 0.009031 0.999908 -0.010147 -0.036816 0.009094 0.010065 0.999908 3.588587
0.999914 -0.008697 -0.009777 -0.036988 0.008591 0.999904 -0.010843 -0.045831 0.009870 0.010759 0.999893 4.198153
0.999907 -0.009080 -0.010229 -0.046167 0.008964 0.999896 -0.011317 -0.057103 0.010330 0.011224 0.999884 4.808388
0.999870 -0.011653 -0.011181 -0.057738 0.011528 0.999872 -0.011125 -0.067125 0.011309 0.010995 0.999876 5.432343
0.999803 -0.015294 -0.012628 -0.071357 0.015170 0.999836 -0.009889 -0.071621 0.012777 0.009695 0.999871 6.015040
0.999718 -0.018926 -0.014340 -0.085841 0.018795 0.999781 -0.009252 -0.071541 0.014512 0.008980 0.999854 6.615009
0.999695 -0.019141 -0.015625 -0.102592 0.019005 0.999780 -0.008837 -0.064528 0.015790 0.008538 0.999839 7.269560
0.999800 -0.012374 -0.015733 -0.118629 0.012258 0.999897 -0.007461 -0.055708 0.015824 0.007267 0.999848 7.850620
0.999877 -0.001483 -0.015644 -0.135574 0.001385 0.999979 -0.006263 -0.053542 0.015653 0.006241 0.999858 8.529544
0.999872 0.005369 -0.015104 -0.153510 -0.005434 0.999976 -0.004221 -0.062018 0.015081 0.004303 0.999877 9.270067
0.999881 0.004379 -0.014833 -0.170142 -0.004401 0.999989 -0.001449 -0.072498 0.014827 0.001514 0.999889 9.911028
0.999866 -0.002985 -0.016079 -0.187925 0.002994 0.999995 0.000493 -0.073512 0.016078 -0.000541 0.999871 10.592315
0.999817 -0.008741 -0.016994 -0.204966 0.008758 0.999961 0.000952 -0.073118 0.016985 -0.001101 0.999855 11.301334
0.999822 -0.007243 -0.017423 -0.218073 0.007217 0.999973 -0.001562 -0.068398 0.017434 0.001436 0.999847 11.978029
0.999870 0.001233 -0.016091 -0.233618 -0.001260 0.999998 -0.001694 -0.066871 0.016089 0.001714 0.999869 12.691372
0.999848 0.008035 -0.015497 -0.249395 -0.008057 0.999967 -0.001341 -0.069870 0.015486 0.001465 0.999879 13.444184
0.999826 0.010469 -0.015448 -0.265536 -0.010495 0.999944 -0.001602 -0.079467 0.015431 0.001764 0.999879 14.231666
0.999834 0.009801 -0.015382 -0.279548 -0.009853 0.999946 -0.003311 -0.092486 0.015349 0.003462 0.999876 15.005436
0.999857 0.007793 -0.015002 -0.295499 -0.007854 0.999961 -0.003991 -0.109074 0.014970 0.004108 0.999879 15.812828
0.999885 0.004855 -0.014402 -0.315408 -0.004878 0.999987 -0.001543 -0.123555 0.014394 0.001613 0.999895 16.694979
0.999899 -0.000759 -0.014172 -0.330002 0.000687 0.999987 -0.005115 -0.139678 0.014176 0.005104 0.999886 17.640958
0.999877 -0.007514 -0.013743 -0.344188 0.007390 0.999932 -0.009018 -0.154740 0.013810 0.008915 0.999865 18.571789
0.999842 -0.012607 -0.012550 -0.362397 0.012516 0.999895 -0.007259 -0.168368 0.012641 0.007101 0.999895 19.503608
0.999843 -0.013045 -0.011980 -0.379426 0.012971 0.999897 -0.006165 -0.180385 0.012059 0.006008 0.999909 20.419131
0.999866 -0.012091 -0.011013 -0.394183 0.012021 0.999907 -0.006373 -0.193597 0.011089 0.006240 0.999919 21.355590
0.999865 -0.012948 -0.010138 -0.408869 0.012895 0.999903 -0.005297 -0.207859 0.010206 0.005166 0.999935 22.291369
0.999852 -0.014590 -0.009070 -0.425603 0.014569 0.999891 -0.002417 -0.218401 0.009104 0.002284 0.999956 23.279367
0.999850 -0.015126 -0.008496 -0.443196 0.015135 0.999885 0.001072 -0.225822 0.008479 -0.001201 0.999963 24.308177
0.999860 -0.014801 -0.007766 -0.458155 0.014821 0.999887 0.002505 -0.231896 0.007728 -0.002619 0.999967 25.374312
0.999861 -0.014614 -0.007997 -0.472107 0.014635 0.999889 0.002609 -0.234895 0.007958 -0.002726 0.999965 26.421833
0.999858 -0.014703 -0.008190 -0.485052 0.014725 0.999888 0.002513 -0.235895 0.008153 -0.002633 0.999963 27.441566
0.999866 -0.014001 -0.008518 -0.499911 0.014030 0.999896 0.003355 -0.235202 0.008471 -0.003474 0.999958 28.470874
0.999889 -0.012292 -0.008427 -0.513771 0.012320 0.999918 0.003366 -0.236268 0.008385 -0.003469 0.999959 29.518802
0.999903 -0.011100 -0.008454 -0.528082 0.011128 0.999933 0.003226 -0.237842 0.008417 -0.003320 0.999959 30.607515
0.999887 -0.012150 -0.008819 -0.541160 0.012172 0.999923 0.002480 -0.239923 0.008788 -0.002587 0.999958 31.662078
0.999871 -0.013132 -0.009291 -0.556465 0.013168 0.999906 0.003894 -0.238677 0.009239 -0.004015 0.999949 32.668060
0.999873 -0.012666 -0.009674 -0.570418 0.012706 0.999911 0.004058 -0.234949 0.009622 -0.004181 0.999945 33.644732
0.999891 -0.010582 -0.010339 -0.587525 0.010630 0.999933 0.004584 -0.233356 0.010290 -0.004693 0.999936 34.693672
0.999913 -0.007245 -0.011058 -0.606405 0.007299 0.999961 0.004852 -0.235912 0.011023 -0.004932 0.999927 35.788542
0.999917 -0.005183 -0.011786 -0.625902 0.005239 0.999975 0.004745 -0.241354 0.011761 -0.004806 0.999919 36.906148
0.999912 -0.004764 -0.012391 -0.645165 0.004820 0.999978 0.004449 -0.249071 0.012370 -0.004509 0.999913 38.038866
0.999891 -0.006229 -0.013425 -0.665244 0.006282 0.999972 0.003919 -0.256466 0.013401 -0.004003 0.999902 39.182559
0.999877 -0.006684 -0.014214 -0.686838 0.006747 0.999967 0.004388 -0.263404 0.014184 -0.004483 0.999889 40.296961
0.999872 -0.005559 -0.015025 -0.710230 0.005624 0.999975 0.004312 -0.270623 0.015000 -0.004396 0.999878 41.441801
0.999866 -0.003870 -0.015896 -0.734193 0.003931 0.999985 0.003839 -0.279389 0.015880 -0.003901 0.999866 42.569701
0.999861 -0.001666 -0.016615 -0.759223 0.001723 0.999992 0.003446 -0.289125 0.016609 -0.003474 0.999856 43.697181
0.999854 -0.001846 -0.017008 -0.785914 0.001915 0.999990 0.004008 -0.302404 0.017001 -0.004040 0.999847 44.832764
0.999834 -0.005787 -0.017267 -0.811889 0.005860 0.999974 0.004142 -0.314391 0.017242 -0.004242 0.999842 45.980178
0.999797 -0.010017 -0.017469 -0.838293 0.010113 0.999934 0.005366 -0.322842 0.017414 -0.005542 0.999833 47.102614
0.999788 -0.010579 -0.017663 -0.862916 0.010677 0.999928 0.005460 -0.329338 0.017604 -0.005647 0.999829 48.177725
0.999816 -0.008381 -0.017242 -0.887383 0.008478 0.999949 0.005554 -0.335151 0.017195 -0.005699 0.999836 49.260464
0.999835 -0.006778 -0.016888 -0.913037 0.006891 0.999954 0.006640 -0.340653 0.016842 -0.006755 0.999836 50.343222
0.999847 -0.005818 -0.016533 -0.936871 0.005916 0.999965 0.005924 -0.347870 0.016498 -0.006021 0.999846 51.435158
0.999839 -0.006772 -0.016630 -0.963194 0.006873 0.999958 0.006054 -0.357280 0.016588 -0.006167 0.999844 52.580067
0.999827 -0.008520 -0.016538 -0.989225 0.008616 0.999946 0.005789 -0.368913 0.016488 -0.005930 0.999847 53.727870
0.999808 -0.010662 -0.016459 -1.015976 0.010768 0.999922 0.006367 -0.380894 0.016390 -0.006543 0.999844 54.883190
0.999777 -0.013081 -0.016562 -1.041644 0.013178 0.999897 0.005731 -0.390529 0.016485 -0.005948 0.999847 56.020818
0.999722 -0.016509 -0.016829 -1.065471 0.016581 0.999854 0.004095 -0.401531 0.016759 -0.004373 0.999850 57.161982
0.999690 -0.018248 -0.016938 -1.088132 0.018289 0.999830 0.002248 -0.411430 0.016894 -0.002557 0.999854 58.291586
0.999740 -0.016146 -0.016082 -1.109502 0.016160 0.999869 0.000749 -0.421714 0.016068 -0.001009 0.999871 59.397402
0.999834 -0.010368 -0.014974 -1.130365 0.010365 0.999946 -0.000274 -0.432155 0.014976 0.000119 0.999888 60.554582
0.999878 -0.004449 -0.014955 -1.152781 0.004426 0.999989 -0.001531 -0.446338 0.014962 0.001465 0.999887 61.717539
0.999872 -0.003547 -0.015617 -1.174166 0.003479 0.999984 -0.004359 -0.467229 0.015632 0.004304 0.999869 62.844131
0.999853 -0.006461 -0.015879 -1.193139 0.006331 0.999946 -0.008181 -0.493213 0.015931 0.008079 0.999841 63.965490
0.999821 -0.009514 -0.016360 -1.215370 0.009354 0.999908 -0.009826 -0.520391 0.016452 0.009671 0.999818 65.069533
0.999762 -0.013624 -0.017028 -1.243768 0.013500 0.999882 -0.007363 -0.544439 0.017126 0.007132 0.999828 66.143514
0.999682 -0.018128 -0.017531 -1.268814 0.018007 0.999813 -0.007005 -0.565058 0.017655 0.006687 0.999822 67.181256
0.999673 -0.018875 -0.017285 -1.295977 0.018811 0.999815 -0.003874 -0.582314 0.017355 0.003547 0.999843 68.233430
0.999732 -0.015338 -0.017346 -1.323269 0.015329 0.999882 -0.000676 -0.594898 0.017355 0.000410 0.999850 69.301912
0.999759 -0.013186 -0.017572 -1.348794 0.013201 0.999912 0.000771 -0.608111 0.017560 -0.001003 0.999846 70.366184
0.999768 -0.012194 -0.017766 -1.373394 0.012209 0.999925 0.000689 -0.623928 0.017757 -0.000906 0.999842 71.456369
0.999774 -0.011283 -0.018004 -1.397017 0.011278 0.999936 -0.000406 -0.642015 0.018007 0.000203 0.999838 72.553884
0.999790 -0.009743 -0.018040 -1.421425 0.009732 0.999952 -0.000681 -0.660955 0.018046 0.000506 0.999837 73.648984
0.999809 -0.007646 -0.017981 -1.445577 0.007626 0.999970 -0.001150 -0.681582 0.017990 0.001012 0.999838 74.733393
0.999824 -0.005978 -0.017815 -1.470402 0.005959 0.999981 -0.001086 -0.701532 0.017821 0.000980 0.999841 75.820177
0.999821 -0.007292 -0.017451 -1.495924 0.007278 0.999973 -0.000887 -0.721499 0.017457 0.000760 0.999848 76.904257
0.999780 -0.011183 -0.017758 -1.521906 0.011175 0.999937 -0.000557 -0.743267 0.017763 0.000359 0.999842 77.931721
0.999752 -0.012922 -0.018147 -1.549027 0.012928 0.999916 0.000238 -0.761873 0.018142 -0.000473 0.999836 78.985345
0.999760 -0.011211 -0.018816 -1.578201 0.011261 0.999933 0.002531 -0.775716 0.018786 -0.002743 0.999820 80.066568
0.999789 -0.006735 -0.019428 -1.607229 0.006800 0.999971 0.003268 -0.787401 0.019405 -0.003399 0.999806 81.172132
0.999780 -0.002705 -0.020808 -1.639069 0.002776 0.999990 0.003403 -0.802413 0.020799 -0.003460 0.999778 82.312525
0.999763 -0.001810 -0.021727 -1.671049 0.001896 0.999990 0.003938 -0.818182 0.021720 -0.003978 0.999756 83.456680
0.999733 -0.003974 -0.022790 -1.703165 0.004072 0.999982 0.004274 -0.833555 0.022772 -0.004366 0.999731 84.597459
0.999706 -0.004642 -0.023802 -1.735001 0.004739 0.999980 0.004025 -0.848711 0.023783 -0.004136 0.999709 85.728476
0.999687 -0.004933 -0.024534 -1.765667 0.005012 0.999982 0.003156 -0.863670 0.024518 -0.003278 0.999694 86.812848
0.999661 -0.004800 -0.025603 -1.796932 0.004854 0.999986 0.002050 -0.878805 0.025593 -0.002174 0.999670 87.880798
0.999638 -0.003593 -0.026682 -1.828967 0.003597 0.999993 0.000101 -0.895735 0.026682 -0.000197 0.999644 88.937827
0.999617 -0.000949 -0.027670 -1.864068 0.000921 0.999999 -0.001021 -0.912184 0.027671 0.000995 0.999617 90.014119
0.999569 -0.000310 -0.029365 -1.899334 0.000218 0.999995 -0.003152 -0.932594 0.029366 0.003144 0.999564 91.058232
0.999495 -0.000063 -0.031776 -1.936450 -0.000114 0.999984 -0.005582 -0.953897 0.031776 0.005583 0.999480 92.060479
0.999395 -0.001247 -0.034754 -1.978097 0.001002 0.999974 -0.007059 -0.979425 0.034762 0.007020 0.999371 93.048924
0.999283 -0.002359 -0.037795 -2.020055 0.002068 0.999968 -0.007727 -1.002994 0.037812 0.007643 0.999256 93.958173
0.999157 -0.002194 -0.041004 -2.066409 0.001840 0.999960 -0.008675 -1.028047 0.041021 0.008592 0.999121 94.887396
0.999015 -0.000958 -0.044358 -2.116264 0.000592 0.999966 -0.008263 -1.053311 0.044365 0.008229 0.998982 95.779167
0.998872 -0.000003 -0.047497 -2.167117 -0.000365 0.999970 -0.007729 -1.074151 0.047495 0.007738 0.998842 96.639608
0.998738 0.001331 -0.050214 -2.217895 -0.001669 0.999976 -0.006689 -1.092523 0.050203 0.006765 0.998716 97.461639
0.998613 0.001999 -0.052620 -2.270856 -0.002240 0.999987 -0.004516 -1.108217 0.052610 0.004627 0.998605 98.267236
0.998481 0.002462 -0.055035 -2.323960 -0.002605 0.999993 -0.002529 -1.123956 0.055028 0.002669 0.998481 99.050725
0.998352 0.001190 -0.057384 -2.376849 -0.001209 0.999999 -0.000306 -1.140045 0.057383 0.000375 0.998352 99.801606
0.998214 -0.002828 -0.059667 -2.428813 0.002942 0.999994 0.001817 -1.153691 0.059662 -0.001989 0.998217 100.518249
0.998038 -0.006662 -0.062257 -2.481262 0.006985 0.999963 0.004967 -1.161499 0.062222 -0.005392 0.998048 101.196700
0.997905 -0.009586 -0.063976 -2.531353 0.010070 0.999923 0.007238 -1.163831 0.063901 -0.007867 0.997925 101.851080
0.997864 -0.010886 -0.064411 -2.578935 0.011511 0.999890 0.009344 -1.162144 0.064302 -0.010065 0.997880 102.482588
0.997928 -0.010812 -0.063425 -2.624797 0.011572 0.999866 0.011613 -1.156616 0.063291 -0.012323 0.997919 103.122291
0.998125 -0.009593 -0.060450 -2.667610 0.010555 0.999822 0.015622 -1.148463 0.060289 -0.016231 0.998049 103.746614
0.998440 -0.008547 -0.055173 -2.701763 0.009580 0.999783 0.018492 -1.138146 0.055003 -0.018992 0.998306 104.347854
0.998855 -0.006610 -0.047388 -2.724350 0.007560 0.999774 0.019880 -1.128660 0.047245 -0.020216 0.998679 104.907166
0.999294 -0.003895 -0.037380 -2.737096 0.004658 0.999782 0.020346 -1.124270 0.037293 -0.020506 0.999094 105.445825
0.999671 -0.002322 -0.025531 -2.740248 0.002852 0.999781 0.020737 -1.121576 0.025478 -0.020803 0.999459 105.953445
0.999927 -0.001846 -0.011975 -2.733347 0.002092 0.999785 0.020607 -1.121716 0.011934 -0.020631 0.999716 106.424295
0.999994 -0.002111 0.002613 -2.718934 0.002055 0.999779 0.020918 -1.125691 -0.002657 -0.020913 0.999778 106.874791
0.999781 -0.004610 0.020434 -2.691346 0.004212 0.999801 0.019464 -1.127974 -0.020519 -0.019374 0.999602 107.313581
0.999113 -0.008509 0.041249 -2.651691 0.007728 0.999789 0.019039 -1.130462 -0.041402 -0.018703 0.998968 107.750770
0.997804 -0.012461 0.065055 -2.597997 0.011383 0.999792 0.016910 -1.132850 -0.065252 -0.016133 0.997738 108.180383
0.995624 -0.013998 0.092400 -2.528531 0.012752 0.999820 0.014065 -1.133701 -0.092581 -0.012825 0.995623 108.603469
0.992376 -0.013830 0.122466 -2.441256 0.012674 0.999867 0.010212 -1.136475 -0.122591 -0.008582 0.992420 109.035800
0.987921 -0.014625 0.154267 -2.339863 0.013729 0.999882 0.006873 -1.138389 -0.154349 -0.004672 0.988005 109.453745
0.981963 -0.014950 0.188481 -2.223450 0.014440 0.999887 0.004082 -1.140419 -0.188521 -0.001286 0.982068 109.859576
0.974068 -0.013954 0.225825 -2.089314 0.014350 0.999897 -0.000111 -1.141423 -0.225801 0.003348 0.974168 110.247658
0.964101 -0.013265 0.265205 -1.945999 0.014865 0.999881 -0.004028 -1.143872 -0.265120 0.007825 0.964184 110.598063
0.951582 -0.014311 0.307061 -1.788392 0.016286 0.999860 -0.003870 -1.148040 -0.306963 0.008684 0.951682 110.940905
0.935661 -0.014822 0.352589 -1.608129 0.016521 0.999862 -0.001809 -1.154294 -0.352513 0.007518 0.935777 111.282527
0.917181 -0.013503 0.398241 -1.420761 0.014752 0.999891 -0.000071 -1.156593 -0.398197 0.005940 0.917281 111.589592
0.895728 -0.011814 0.444445 -1.214309 0.013400 0.999910 -0.000426 -1.157461 -0.444400 0.006337 0.895806 111.885725
0.870688 -0.010997 0.491713 -0.976322 0.013770 0.999903 -0.002020 -1.160058 -0.491644 0.008529 0.870755 112.187967
0.843084 -0.011096 0.537668 -0.702744 0.015544 0.999872 -0.003739 -1.165786 -0.537558 0.011510 0.843148 112.507846
0.813316 -0.014086 0.581652 -0.435058 0.020016 0.999792 -0.003776 -1.169899 -0.581478 0.014713 0.813429 112.783558
0.780222 -0.017663 0.625253 -0.120472 0.024765 0.999690 -0.002662 -1.173079 -0.625012 0.017562 0.780418 113.084643
0.743768 -0.020576 0.668122 0.208905 0.028550 0.999592 -0.000998 -1.174138 -0.667828 0.019817 0.744051 113.364008
0.704540 -0.021609 0.709335 0.585652 0.030305 0.999541 0.000349 -1.175472 -0.709017 0.021250 0.704871 113.653319
0.664524 -0.019115 0.747022 0.962823 0.032035 0.999482 -0.002922 -1.175291 -0.746580 0.025873 0.664793 113.906204
0.622525 -0.014506 0.782466 1.345102 0.030698 0.999511 -0.005894 -1.177185 -0.781998 0.027690 0.622666 114.132387
0.579460 -0.011465 0.814920 1.754701 0.029307 0.999547 -0.006777 -1.180118 -0.814473 0.027810 0.579534 114.353355
0.534358 -0.009886 0.845200 2.178725 0.027084 0.999618 -0.005431 -1.182982 -0.844824 0.025793 0.534422 114.555701
0.487833 -0.007517 0.872905 2.628082 0.025433 0.999661 -0.005605 -1.190873 -0.872567 0.024935 0.487858 114.740025
0.438993 -0.005726 0.898472 3.121003 0.022733 0.999730 -0.004736 -1.200037 -0.898203 0.022503 0.439005 114.917359
0.388895 -0.003950 0.921273 3.669690 0.021292 0.999762 -0.004701 -1.208619 -0.921036 0.021444 0.388887 115.083264
0.336697 -0.003722 0.941606 4.184347 0.023792 0.999707 -0.004556 -1.218361 -0.941312 0.023937 0.336687 115.203088
0.285156 -0.003006 0.958476 4.671350 0.026657 0.999633 -0.004795 -1.222708 -0.958110 0.026918 0.285131 115.285662
0.238488 -0.002174 0.971143 5.216706 0.027769 0.999604 -0.004582 -1.230391 -0.970748 0.028061 0.238454 115.363487
0.197688 0.003543 0.980258 5.808689 0.027934 0.999567 -0.009246 -1.243424 -0.979867 0.029211 0.197504 115.432442
0.160442 0.008606 0.987008 6.414852 0.028918 0.999492 -0.013416 -1.255218 -0.986622 0.030695 0.160111 115.487117
0.128592 0.012567 0.991618 7.081338 0.030023 0.999412 -0.016559 -1.268257 -0.991243 0.031901 0.128139 115.540068
0.101367 0.012290 0.994773 7.682538 0.027500 0.999507 -0.015151 -1.278353 -0.994469 0.028893 0.100979 115.579729
0.076786 0.009275 0.997004 8.313465 0.022154 0.999694 -0.011006 -1.286270 -0.996801 0.022933 0.076557 115.612262
0.054292 0.006138 0.998506 9.008447 0.017790 0.999816 -0.007113 -1.295374 -0.998367 0.018150 0.054172 115.632647
0.031508 0.010526 0.999448 9.720056 0.015796 0.999814 -0.011028 -1.310283 -0.999379 0.016135 0.031336 115.627435
0.010985 0.019817 0.999743 10.503120 0.017572 0.999645 -0.020008 -1.335532 -0.999785 0.017788 0.010632 115.605155
-0.005245 0.026667 0.999630 11.259550 0.020304 0.999441 -0.026556 -1.364179 -0.999780 0.020157 -0.005783 115.578962
-0.019056 0.028328 0.999417 12.066716 0.025644 0.999284 -0.027835 -1.390497 -0.999489 0.025099 -0.019769 115.549782
-0.029330 0.027840 0.999182 12.870306 0.030276 0.999178 -0.026951 -1.410306 -0.999111 0.029461 -0.030149 115.518218
-0.035843 0.030238 0.998900 13.611830 0.029625 0.999135 -0.029182 -1.435117 -0.998918 0.028546 -0.036708 115.483966
-0.038430 0.036538 0.998593 14.294829 0.025756 0.999035 -0.035563 -1.465851 -0.998929 0.024353 -0.039334 115.452403
-0.037640 0.038123 0.998564 14.957612 0.023478 0.999030 -0.037256 -1.501572 -0.999015 0.022042 -0.038499 115.431548
-0.035512 0.036817 0.998691 15.670050 0.022324 0.999101 -0.036039 -1.541066 -0.999120 0.021015 -0.036302 115.415774
-0.033734 0.033388 0.998873 16.389494 0.021864 0.999227 -0.032661 -1.578667 -0.999191 0.020738 -0.034438 115.403305
-0.032305 0.032761 0.998941 17.120867 0.022398 0.999235 -0.032047 -1.612192 -0.999227 0.021339 -0.033015 115.387266
-0.031044 0.033571 0.998954 17.846138 0.022821 0.999199 -0.032871 -1.644643 -0.999257 0.021777 -0.031786 115.370195
-0.029709 0.034711 0.998955 18.580217 0.021646 0.999185 -0.034075 -1.678276 -0.999324 0.020611 -0.030436 115.353192
-0.028749 0.034590 0.998988 19.329400 0.019747 0.999226 -0.034030 -1.710163 -0.999391 0.018748 -0.029410 115.337563
-0.028478 0.035880 0.998950 20.089589 0.018248 0.999208 -0.035369 -1.742584 -0.999428 0.017221 -0.029110 115.318994
-0.028937 0.037583 0.998874 20.847484 0.015681 0.999187 -0.037140 -1.779957 -0.999458 0.014589 -0.029503 115.299359
-0.029803 0.035706 0.998918 21.630821 0.013712 0.999282 -0.035310 -1.819300 -0.999461 0.012645 -0.030271 115.282854
-0.030720 0.034411 0.998935 22.422267 0.012637 0.999341 -0.034036 -1.856972 -0.999448 0.011578 -0.031135 115.263720
-0.032064 0.036286 0.998827 23.205740 0.010160 0.999301 -0.035978 -1.897651 -0.999434 0.008994 -0.032410 115.238906
-0.033227 0.036452 0.998783 24.044787 0.008479 0.999309 -0.036190 -1.940745 -0.999412 0.007266 -0.033513 115.214227
-0.033919 0.033414 0.998866 24.911599 0.007528 0.999421 -0.033177 -1.985104 -0.999396 0.006394 -0.034151 115.193201
-0.034104 0.030885 0.998941 25.771673 0.011617 0.999467 -0.030504 -2.026483 -0.999351 0.010564 -0.034445 115.170724
-0.035096 0.032116 0.998868 26.612674 0.015867 0.999375 -0.031574 -2.065078 -0.999258 0.014741 -0.035584 115.142483
-0.036489 0.031540 0.998836 27.458077 0.017250 0.999373 -0.030927 -2.102674 -0.999185 0.016101 -0.037010 115.116268
-0.037936 0.027138 0.998911 28.290638 0.015448 0.999528 -0.026568 -2.133108 -0.999161 0.014423 -0.038338 115.093787
-0.038848 0.021780 0.999008 29.067184 0.011864 0.999702 -0.021334 -2.159945 -0.999174 0.011023 -0.039095 115.073243
-0.039175 0.017917 0.999072 29.887816 0.007427 0.999817 -0.017639 -2.183603 -0.999205 0.006729 -0.039301 115.050140
-0.039565 0.012810 0.999135 30.742254 0.002463 0.999916 -0.012722 -2.207474 -0.999214 0.001957 -0.039593 115.026551
-0.039547 0.009667 0.999171 31.648276 0.001492 0.999953 -0.009615 -2.234940 -0.999216 0.001111 -0.039560 114.999298
-0.037910 0.013210 0.999194 32.518696 0.007648 0.999887 -0.012929 -2.262710 -0.999252 0.007152 -0.038007 114.967186
-0.036444 0.015379 0.999217 33.305060 0.017891 0.999731 -0.014734 -2.281359 -0.999175 0.017340 -0.036710 114.941672
-0.036496 0.015947 0.999206 34.058911 0.022796 0.999626 -0.015122 -2.297786 -0.999074 0.022226 -0.036846 114.919183
-0.036693 0.015852 0.999201 34.885481 0.017179 0.999736 -0.015230 -2.317044 -0.999179 0.016606 -0.036955 114.892903
-0.037247 0.017467 0.999153 35.719194 0.009369 0.999809 -0.017129 -2.341006 -0.999262 0.008723 -0.037404 114.863470
-0.037275 0.017055 0.999159 36.594945 0.006403 0.999838 -0.016828 -2.370506 -0.999284 0.005771 -0.037378 114.836796
-0.037452 0.015895 0.999172 37.518027 0.007015 0.999853 -0.015643 -2.397137 -0.999274 0.006424 -0.037558 114.809426
-0.038532 0.013194 0.999170 38.458978 0.008121 0.999884 -0.012891 -2.421980 -0.999224 0.007618 -0.038635 114.781002
-0.040854 0.011344 0.999101 39.418849 0.008247 0.999905 -0.011016 -2.445369 -0.999131 0.007789 -0.040943 114.747170
-0.043055 0.011383 0.999008 40.355688 0.008242 0.999905 -0.011038 -2.466335 -0.999038 0.007759 -0.043145 114.710696
-0.045192 0.011114 0.998916 41.308420 0.008759 0.999904 -0.010729 -2.485856 -0.998940 0.008265 -0.045285 114.672255
-0.047271 0.008540 0.998845 42.263331 0.009240 0.999924 -0.008111 -2.503596 -0.998839 0.008846 -0.047347 114.635019
-0.049354 0.005756 0.998765 43.168366 0.008672 0.999948 -0.005334 -2.515981 -0.998743 0.008398 -0.049401 114.598071
-0.051879 0.005675 0.998637 44.107288 0.007575 0.999957 -0.005289 -2.527249 -0.998624 0.007290 -0.051920 114.553538
-0.054215 0.004572 0.998519 45.052122 0.007797 0.999961 -0.004155 -2.536299 -0.998499 0.007560 -0.054248 114.508440
-0.056123 0.003692 0.998417 45.956870 0.008768 0.999956 -0.003205 -2.544549 -0.998385 0.008574 -0.056153 114.463219
-0.057509 0.003328 0.998339 46.839186 0.009021 0.999955 -0.002813 -2.552608 -0.998304 0.008844 -0.057536 114.417231
-0.058907 0.004167 0.998255 47.758845 0.007707 0.999963 -0.003720 -2.564143 -0.998233 0.007474 -0.058937 114.366663
-0.060062 0.003507 0.998188 48.643327 0.007088 0.999970 -0.003087 -2.576958 -0.998169 0.006890 -0.060085 114.319682
-0.061247 0.001935 0.998121 49.524690 0.006754 0.999976 -0.001524 -2.588941 -0.998099 0.006648 -0.061258 114.273335
-0.062572 0.000543 0.998040 50.359682 0.006297 0.999980 -0.000149 -2.595890 -0.998020 0.006276 -0.062575 114.227939
-0.063585 -0.000977 0.997976 51.214853 0.005660 0.999983 0.001339 -2.604612 -0.997960 0.005734 -0.063578 114.180131
-0.064326 -0.001258 0.997928 52.078544 0.005596 0.999983 0.001622 -2.614445 -0.997913 0.005689 -0.064318 114.129585
-0.064388 -0.000955 0.997924 52.967213 0.008149 0.999966 0.001483 -2.625396 -0.997891 0.008228 -0.064378 114.078076
-0.064687 -0.001237 0.997905 53.839268 0.010837 0.999939 0.001942 -2.636762 -0.997846 0.010940 -0.064669 114.028985
-0.064921 -0.004210 0.997881 54.681122 0.012459 0.999910 0.005029 -2.645523 -0.997812 0.012759 -0.064863 113.983584
-0.064803 -0.004613 0.997887 55.525522 0.013190 0.999898 0.005479 -2.651155 -0.997811 0.013518 -0.064736 113.934511
-0.064944 -0.004207 0.997880 56.325306 0.012698 0.999906 0.005042 -2.655412 -0.997808 0.012998 -0.064885 113.886849
-0.065126 -0.004164 0.997868 57.113101 0.012037 0.999915 0.004958 -2.661401 -0.997804 0.012334 -0.065070 113.841726
-0.064648 -0.008001 0.997876 57.890770 0.012569 0.999882 0.008831 -2.664816 -0.997829 0.013113 -0.064540 113.803094
-0.063635 -0.011568 0.997906 58.696686 0.013528 0.999831 0.012453 -2.663426 -0.997881 0.014292 -0.063468 113.762641
-0.063340 -0.010786 0.997934 59.499083 0.012174 0.999859 0.011579 -2.661885 -0.997917 0.012882 -0.063200 113.716026
-0.064715 -0.011001 0.997843 60.253888 0.011767 0.999861 0.011786 -2.660294 -0.997834 0.012504 -0.064576 113.671231
-0.068582 -0.014442 0.997541 61.012085 0.012137 0.999809 0.015310 -2.656829 -0.997571 0.013157 -0.068393 113.625543
-0.073961 -0.018960 0.997081 61.684801 0.012739 0.999720 0.019955 -2.651924 -0.997179 0.014178 -0.073699 113.579830
-0.080728 -0.015904 0.996609 62.321168 0.015956 0.999724 0.017246 -2.648088 -0.996608 0.017294 -0.080452 113.521171
-0.088236 -0.014487 0.995994 62.950949 0.018002 0.999708 0.016135 -2.644088 -0.995937 0.019354 -0.087949 113.459272
-0.095925 -0.015146 0.995273 63.567761 0.019639 0.999661 0.017106 -2.637935 -0.995195 0.021187 -0.095595 113.396731
-0.102532 -0.018654 0.994555 64.197099 0.019865 0.999586 0.020797 -2.629558 -0.994531 0.021889 -0.102119 113.333602
-0.108886 -0.019036 0.993872 64.848812 0.018853 0.999597 0.021211 -2.622579 -0.993875 0.021047 -0.108483 113.260815
-0.113798 -0.021735 0.993266 65.512939 0.019873 0.999511 0.024148 -2.612020 -0.993305 0.022488 -0.113311 113.187981
-0.117927 -0.023666 0.992740 66.183107 0.020100 0.999454 0.026214 -2.595993 -0.992819 0.023046 -0.117387 113.110436
-0.121305 -0.022899 0.992351 66.863392 0.017376 0.999532 0.025189 -2.581840 -0.992463 0.020299 -0.120850 113.025870
-0.123946 -0.021083 0.992065 67.570383 0.014184 0.999634 0.023016 -2.573585 -0.992187 0.016924 -0.123601 112.936612
-0.126141 -0.021918 0.991770 68.296121 0.011825 0.999652 0.023596 -2.569582 -0.991942 0.014704 -0.125838 112.846964
-0.128054 -0.022211 0.991518 69.032053 0.011709 0.999646 0.023905 -2.564916 -0.991698 0.014671 -0.127749 112.754769
-0.128935 -0.019664 0.991458 69.814025 0.014919 0.999652 0.021767 -2.560444 -0.991541 0.017598 -0.128597 112.653836
-0.130135 -0.014597 0.991389 70.583500 0.017567 0.999701 0.017026 -2.560904 -0.991340 0.019631 -0.129839 112.550331
-0.132550 -0.008185 0.991142 71.374366 0.020838 0.999722 0.011043 -2.563385 -0.990957 0.022118 -0.132343 112.440236
-0.134063 -0.007427 0.990945 72.118698 0.021831 0.999707 0.010446 -2.568114 -0.990732 0.023034 -0.133862 112.342103
-0.134904 -0.009048 0.990817 72.880956 0.020117 0.999727 0.011868 -2.573069 -0.990654 0.021534 -0.134685 112.243004
-0.135653 -0.008582 0.990719 73.642548 0.015153 0.999827 0.010735 -2.580330 -0.990640 0.016468 -0.135500 112.140044
-0.136926 -0.007378 0.990554 74.445318 0.012870 0.999874 0.009226 -2.589389 -0.990498 0.014012 -0.136814 112.030343
-0.138603 -0.007202 0.990322 75.246219 0.012538 0.999881 0.009026 -2.598757 -0.990269 0.013668 -0.138496 111.921400
-0.140452 -0.007855 0.990056 76.040912 0.013732 0.999857 0.009881 -2.605789 -0.989992 0.014983 -0.140324 111.813428
-0.142964 -0.008750 0.989689 76.843240 0.014784 0.999830 0.010975 -2.611197 -0.989617 0.016200 -0.142810 111.701525
-0.145458 -0.008430 0.989328 77.669764 0.015274 0.999825 0.010765 -2.614832 -0.989246 0.016677 -0.145304 111.582463
-0.147362 -0.009316 0.989039 78.531784 0.015578 0.999810 0.011739 -2.617160 -0.988960 0.017137 -0.147189 111.459134
-0.149499 -0.011451 0.988696 79.385735 0.015669 0.999780 0.013948 -2.619373 -0.988638 0.017577 -0.149286 111.337770
-0.150802 -0.014990 0.988450 80.250782 0.016515 0.999707 0.017681 -2.617822 -0.988426 0.018991 -0.150511 111.215486
-0.151918 -0.015805 0.988267 81.057879 0.018102 0.999660 0.018770 -2.613948 -0.988227 0.020742 -0.151580 111.097582
-0.153471 -0.018299 0.987984 81.868230 0.018651 0.999597 0.021411 -2.606725 -0.987977 0.021713 -0.153068 110.979389
-0.155264 -0.018852 0.987693 82.642140 0.018970 0.999576 0.022061 -2.597598 -0.987691 0.022162 -0.154841 110.861739
-0.157088 -0.019903 0.987384 83.431453 0.017059 0.999593 0.022863 -2.589086 -0.987437 0.020436 -0.156684 110.740714
-0.158787 -0.023239 0.987039 84.205583 0.015180 0.999547 0.025976 -2.578648 -0.987196 0.019108 -0.158363 110.623971
-0.161258 -0.027115 0.986540 84.993534 0.013718 0.999464 0.029713 -2.565523 -0.986817 0.018325 -0.160800 110.501617
-0.163935 -0.026353 0.986119 85.792532 0.013165 0.999496 0.028899 -2.554095 -0.986383 0.017720 -0.163506 110.369239
-0.166298 -0.025715 0.985740 86.626337 0.013645 0.999504 0.028376 -2.542762 -0.985981 0.018170 -0.165865 110.230174
-0.168904 -0.026473 0.985277 87.435504 0.014966 0.999455 0.029419 -2.530357 -0.985519 0.019715 -0.168415 110.094836
-0.171092 -0.025891 0.984915 88.242293 0.018226 0.999400 0.029438 -2.516382 -0.985086 0.022987 -0.170517 109.957407
-0.172410 -0.023900 0.984735 89.022884 0.021861 0.999366 0.028083 -2.502611 -0.984783 0.026370 -0.171778 109.822585
-0.173706 -0.022282 0.984546 89.818331 0.025813 0.999297 0.027170 -2.485794 -0.984459 0.030134 -0.173009 109.685338
-0.173119 -0.020883 0.984680 90.621059 0.026398 0.999318 0.025835 -2.469721 -0.984547 0.030466 -0.172450 109.548817
-0.172720 -0.017478 0.984816 91.388173 0.024910 0.999445 0.022107 -2.458288 -0.984656 0.028351 -0.172188 109.416057
-0.172601 -0.018838 0.984812 92.187639 0.022398 0.999483 0.023044 -2.447435 -0.984737 0.026035 -0.172090 109.282890
-0.171806 -0.020446 0.984919 93.016876 0.020587 0.999492 0.024339 -2.434330 -0.984916 0.024458 -0.171298 109.146924
-0.169948 -0.021688 0.985214 93.880569 0.017678 0.999530 0.025053 -2.419571 -0.985294 0.021674 -0.169485 109.007661
-0.168226 -0.021103 0.985523 94.755073 0.013812 0.999622 0.023762 -2.407270 -0.985652 0.017610 -0.167871 108.865605
-0.166661 -0.020246 0.985807 95.626602 0.010056 0.999702 0.022231 -2.401068 -0.985963 0.013619 -0.166407 108.725645
-0.165329 -0.023234 0.985965 96.443241 0.009954 0.999632 0.025225 -2.396864 -0.986188 0.013984 -0.165037 108.600774
-0.163805 -0.022334 0.986240 97.237323 0.013561 0.999598 0.024889 -2.390662 -0.986399 0.017451 -0.163437 108.476475
-0.162448 -0.019995 0.986515 98.053227 0.019842 0.999526 0.023526 -2.379275 -0.986518 0.023396 -0.161974 108.348987
-0.161034 -0.021152 0.986722 98.885111 0.023546 0.999403 0.025266 -2.361174 -0.986668 0.027302 -0.160440 108.224196
-0.159882 -0.023189 0.986864 99.715042 0.020896 0.999421 0.026870 -2.342185 -0.986915 0.024918 -0.159305 108.099550
-0.159305 -0.023909 0.986940 100.589794 0.018215 0.999465 0.027152 -2.322192 -0.987061 0.022303 -0.158784 107.965728
-0.159049 -0.023771 0.986985 101.484161 0.016415 0.999508 0.026718 -2.305250 -0.987134 0.020451 -0.158581 107.827393
-0.158663 -0.023843 0.987045 102.398815 0.016279 0.999509 0.026761 -2.288238 -0.987199 0.020314 -0.158197 107.686638
-0.158298 -0.023550 0.987111 103.335336 0.016659 0.999510 0.026517 -2.269583 -0.987251 0.020642 -0.157829 107.542006
-0.157675 -0.021721 0.987252 104.220910 0.014552 0.999598 0.024316 -2.255075 -0.987384 0.018200 -0.157296 107.403679
-0.156660 -0.019394 0.987462 105.164308 0.013693 0.999668 0.021806 -2.243861 -0.987558 0.016938 -0.156343 107.256888
-0.155956 -0.017151 0.987615 106.082764 0.014900 0.999695 0.019714 -2.238503 -0.987652 0.017790 -0.155653 107.115363
-0.155500 -0.016144 0.987704 106.999319 0.017224 0.999670 0.019051 -2.235106 -0.987686 0.019975 -0.155171 106.976889
-0.155454 -0.019753 0.987646 107.920548 0.019472 0.999545 0.023055 -2.222954 -0.987651 0.022816 -0.154998 106.844351
-0.155421 -0.024811 0.987537 108.779992 0.016123 0.999488 0.027649 -2.212424 -0.987717 0.020219 -0.154942 106.720568
-0.155729 -0.029818 0.987350 109.684795 0.014990 0.999358 0.032545 -2.194773 -0.987686 0.019868 -0.155183 106.589627
-0.156796 -0.032432 0.987099 110.571783 0.015799 0.999250 0.035341 -2.176391 -0.987505 0.021136 -0.156166 106.457320
-0.157821 -0.035103 0.986844 111.453438 0.021038 0.999022 0.038901 -2.153565 -0.987244 0.026901 -0.156928 106.326741
-0.158706 -0.036210 0.986662 112.299028 0.024083 0.998888 0.040533 -2.127704 -0.987032 0.030195 -0.157658 106.197704
-0.159069 -0.035926 0.986614 113.143404 0.024822 0.998876 0.040375 -2.101671 -0.986955 0.030912 -0.157999 106.066716
-0.159490 -0.035549 0.986560 113.986287 0.024595 0.998898 0.039970 -2.077018 -0.986893 0.030639 -0.158440 105.935076
-0.159785 -0.035006 0.986531 114.815732 0.025311 0.998897 0.039545 -2.054844 -0.986827 0.031289 -0.158723 105.804798
-0.160314 -0.033854 0.986486 115.638465 0.028611 0.998833 0.038927 -2.032120 -0.986651 0.034465 -0.159159 105.675014
-0.160923 -0.034319 0.986370 116.468155 0.030015 0.998763 0.039647 -2.008787 -0.986511 0.035986 -0.159694 105.545073
-0.162160 -0.035315 0.986133 117.314885 0.030555 0.998701 0.040790 -1.982350 -0.986291 0.036746 -0.160870 105.411997
-0.164223 -0.036742 0.985739 118.154175 0.029380 0.998681 0.042119 -1.957788 -0.985986 0.035878 -0.162927 105.276978
-0.167429 -0.036664 0.985202 118.977352 0.030311 0.998645 0.042315 -1.933155 -0.985418 0.036948 -0.166091 105.139894
-0.170635 -0.036264 0.984667 119.793397 0.032668 0.998565 0.042437 -1.904305 -0.984793 0.039409 -0.169206 105.001374
-0.173608 -0.037181 0.984113 120.598182 0.033991 0.998466 0.043719 -1.873979 -0.984228 0.041041 -0.172078 104.863375
-0.176538 -0.036484 0.983618 121.343017 0.034041 0.998489 0.043146 -1.843656 -0.983705 0.041100 -0.175029 104.729894
-0.178887 -0.034392 0.983269 122.102811 0.032432 0.998640 0.040830 -1.816594 -0.983335 0.039193 -0.177528 104.590580
-0.182034 -0.032394 0.982759 122.860089 0.033102 0.998689 0.039050 -1.792873 -0.982735 0.039640 -0.180724 104.450716
-0.184418 -0.034981 0.982225 123.637299 0.038802 0.998328 0.042840 -1.771689 -0.982082 0.046013 -0.182753 104.315083
-0.186552 -0.036104 0.981782 124.432944 0.046609 0.997874 0.045552 -1.744158 -0.981339 0.054258 -0.184473 104.170382
-0.190058 -0.031979 0.981252 125.213313 0.048588 0.997938 0.041934 -1.713600 -0.980570 0.055646 -0.188112 104.016634
-0.193787 -0.030548 0.980568 126.020935 0.046104 0.998127 0.040207 -1.680542 -0.979960 0.052999 -0.192015 103.856674
-0.196471 -0.033407 0.979941 126.867030 0.038391 0.998391 0.041733 -1.649487 -0.979758 0.045820 -0.194872 103.692945
-0.198346 -0.034573 0.979522 127.705627 0.035764 0.998457 0.042483 -1.623150 -0.979480 0.043458 -0.196803 103.529130
-0.200607 -0.033690 0.979093 128.523182 0.038606 0.998360 0.042263 -1.597485 -0.978911 0.046277 -0.198977 103.365652
-0.203321 -0.036109 0.978446 129.376299 0.042148 0.998071 0.045592 -1.568774 -0.978205 0.050510 -0.201407 103.195334
-0.205414 -0.035874 0.978018 130.199804 0.044821 0.997935 0.046019 -1.539339 -0.977648 0.053289 -0.203382 103.024530
-0.207412 -0.031552 0.977745 131.004272 0.048766 0.997904 0.042547 -1.509923 -0.977038 0.056506 -0.205438 102.850895
-0.209379 -0.030465 0.977360 131.786003 0.053475 0.997662 0.042554 -1.480959 -0.976371 0.061174 -0.207260 102.685719
-0.212243 -0.029045 0.976786 132.571217 0.055742 0.997571 0.041775 -1.451628 -0.975626 0.063314 -0.210108 102.516940
-0.214971 -0.028987 0.976190 133.367705 0.052742 0.997756 0.041242 -1.423917 -0.975195 0.060352 -0.212960 102.342906
-0.219372 -0.025869 0.975299 134.133528 0.047956 0.998154 0.037262 -1.402145 -0.974462 0.054946 -0.217726 102.164514
-0.225123 -0.023451 0.974048 134.910928 0.045875 0.998347 0.034639 -1.384373 -0.973250 0.052482 -0.223675 101.979276
-0.231594 -0.025617 0.972475 135.686846 0.044411 0.998333 0.036875 -1.365373 -0.971798 0.051728 -0.230071 101.794670
-0.240185 -0.026652 0.970361 136.410337 0.045006 0.998242 0.038558 -1.344616 -0.969683 0.052933 -0.238564 101.612448
-0.250794 -0.027380 0.967653 137.124419 0.045516 0.998161 0.040040 -1.321031 -0.966970 0.054085 -0.249087 101.420934
-0.263255 -0.027787 0.964326 137.843176 0.046220 0.998074 0.041377 -1.296377 -0.963619 0.055464 -0.261464 101.216129
-0.275869 -0.026977 0.960817 138.545710 0.046605 0.998055 0.041404 -1.270378 -0.960065 0.056201 -0.274075 101.004092
-0.288668 -0.024599 0.957113 139.221923 0.046053 0.998156 0.039544 -1.246165 -0.956321 0.055493 -0.287003 100.786660
-0.300527 -0.022849 0.953500 139.906607 0.045245 0.998246 0.038182 -1.223270 -0.952700 0.054616 -0.298966 100.558854
-0.310368 -0.019343 0.950420 140.583292 0.044545 0.998399 0.034866 -1.205385 -0.949573 0.053157 -0.309009 100.324974
-0.319295 -0.013714 0.947556 141.254186 0.044290 0.998587 0.029377 -1.189859 -0.946620 0.051348 -0.318236 100.084329
-0.327264 -0.009351 0.944887 141.920411 0.043350 0.998750 0.024899 -1.178644 -0.943938 0.049110 -0.326449 99.843116
-0.333706 -0.009050 0.942634 142.605108 0.043951 0.998717 0.025148 -1.164105 -0.941652 0.049822 -0.332880 99.597202
-0.338598 -0.007699 0.940900 143.298710 0.041428 0.998875 0.023082 -1.148370 -0.940019 0.046795 -0.337899 99.343213
-0.341263 -0.004920 0.939955 143.994810 0.037609 0.999114 0.018884 -1.136468 -0.939216 0.041795 -0.340775 99.086026
-0.343331 -0.001611 0.939214 144.710042 0.035141 0.999276 0.014560 -1.128717 -0.938557 0.038003 -0.343025 98.820213
-0.344783 -0.000341 0.938683 145.419708 0.033218 0.999369 0.012564 -1.128309 -0.938095 0.035512 -0.344554 98.559106
-0.344493 0.003798 0.938782 146.121402 0.038713 0.999199 0.010163 -1.123438 -0.937991 0.039844 -0.344364 98.301616
-0.343761 0.004963 0.939044 146.822000 0.042557 0.999041 0.010299 -1.116254 -0.938092 0.043503 -0.343643 98.049353
-0.343864 0.005564 0.939003 147.502246 0.041855 0.999080 0.009408 -1.114446 -0.938087 0.042537 -0.343780 97.802391
-0.343214 0.004572 0.939246 148.194978 0.039679 0.999166 0.009635 -1.111654 -0.938419 0.040575 -0.343109 97.553397
-0.342746 0.003454 0.939422 148.895713 0.036345 0.999293 0.009586 -1.112717 -0.938725 0.037429 -0.342629 97.302600
-0.341348 0.003261 0.939932 149.530909 0.036776 0.999275 0.009889 -1.114136 -0.939218 0.037943 -0.341220 97.078505
-0.338673 0.004121 0.940895 150.182951 0.039095 0.999189 0.009696 -1.114259 -0.940092 0.040068 -0.338559 96.851711
-0.334653 0.005085 0.942328 150.892128 0.041081 0.999114 0.009198 -1.111662 -0.941446 0.041790 -0.334565 96.609392
-0.329103 0.005241 0.944280 151.628515 0.040405 0.999147 0.008536 -1.113409 -0.943430 0.040963 -0.329034 96.364055
-0.323939 0.006046 0.946059 152.370680 0.038507 0.999235 0.006799 -1.117889 -0.945294 0.038633 -0.323924 96.119756
-0.319312 0.005476 0.947634 153.093093 0.036338 0.999319 0.006469 -1.124520 -0.946953 0.036500 -0.319294 95.886748
-0.315489 0.005237 0.948915 153.817167 0.035369 0.999355 0.006244 -1.128717 -0.948270 0.035532 -0.315471 95.655211
-0.312072 0.005520 0.950043 154.540041 0.033629 0.999421 0.005240 -1.133280 -0.949463 0.033584 -0.312077 95.424347
-0.308804 0.006443 0.951104 155.266782 0.031305 0.999504 0.003394 -1.139771 -0.950611 0.030822 -0.308853 95.193509
-0.305578 0.006874 0.952142 156.007019 0.028843 0.999582 0.002040 -1.148207 -0.951730 0.028086 -0.305649 94.961895
-0.301825 0.005893 0.953345 156.708811 0.027706 0.999613 0.002593 -1.157905 -0.952961 0.027196 -0.301872 94.748835
-0.297938 0.004115 0.954576 157.428310 0.029445 0.999555 0.004881 -1.161478 -0.954131 0.029562 -0.297927 94.535336
-0.293404 0.006436 0.955967 158.124905 0.032774 0.999457 0.003330 -1.162885 -0.955427 0.032307 -0.293456 94.328693
-0.288299 0.009262 0.957496 158.805651 0.035487 0.999370 0.001018 -1.165423 -0.956883 0.034272 -0.288446 94.130516
-0.281744 0.009960 0.959438 159.453150 0.036531 0.999333 0.000353 -1.166846 -0.958794 0.035149 -0.281919 93.951708
-0.273445 0.006789 0.961864 160.098981 0.035909 0.999350 0.003155 -1.165627 -0.961217 0.035402 -0.273511 93.786307
-0.263846 0.005686 0.964548 160.746089 0.034084 0.999413 0.003432 -1.163677 -0.963963 0.033781 -0.263885 93.625421
-0.253684 0.006701 0.967264 161.365190 0.033007 0.999454 0.001732 -1.164242 -0.966724 0.032366 -0.253767 93.477467
-0.242782 0.006349 0.970060 161.971682 0.031805 0.999493 0.001418 -1.168089 -0.969560 0.031197 -0.242861 93.343199
-0.229769 0.006153 0.973226 162.560948 0.031132 0.999515 0.001031 -1.171843 -0.972747 0.030536 -0.229849 93.223375
-0.215333 0.005393 0.976526 163.124172 0.030308 0.999540 0.001163 -1.176314 -0.976071 0.029847 -0.215397 93.120331
