0.999998 -0.000843 0.001647 -0.001812 0.000842 1.000000 0.000522 -0.021260 -0.001648 -0.000521 0.999999 1.151004
0.999995 -0.000343 0.003045 -0.002148 0.000340 0.999999 0.000992 -0.041984 -0.003045 -0.000991 0.999995 2.294715
0.999992 0.000142 0.003893 -0.000841 -0.000143 1.000000 0.000319 -0.064741 -0.003893 -0.000320 0.999992 3.450137
0.999990 0.000397 0.004505 0.000049 -0.000396 1.000000 -0.000212 -0.087503 -0.004505 0.000210 0.999990 4.601917
0.999986 0.000428 0.005287 0.000988 -0.000425 1.000000 -0.000519 -0.111166 -0.005287 0.000517 0.999986 5.763725
0.999981 -0.000591 0.006144 0.002860 0.000592 1.000000 -0.000076 -0.134575 -0.006144 0.000079 0.999981 6.905583
0.999976 -0.001166 0.006828 0.006228 0.001170 0.999999 -0.000589 -0.155477 -0.006827 0.000597 0.999977 8.043782
0.999978 0.000224 0.006671 0.009835 -0.000212 0.999998 -0.001785 -0.179187 -0.006671 0.001784 0.999976 9.183166
0.999985 0.001089 0.005319 0.009944 -0.001078 0.999997 -0.002108 -0.203776 -0.005322 0.002102 0.999984 10.343117
0.999995 0.000507 0.003046 0.007269 -0.000498 0.999995 -0.003068 -0.230118 -0.003047 0.003067 0.999991 11.489919
0.999999 -0.000112 0.001089 0.001035 0.000115 0.999997 -0.002423 -0.254069 -0.001089 0.002423 0.999997 12.638366
1.000000 -0.000345 -0.000232 -0.005705 0.000345 0.999998 -0.002124 -0.279092 0.000233 0.002123 0.999998 13.785908
0.999999 -0.000836 -0.000836 -0.014368 0.000836 0.999999 -0.000734 -0.301301 0.000836 0.000734 0.999999 14.936710
0.999999 -0.001099 -0.001263 -0.021645 0.001098 0.999999 -0.000582 -0.320753 0.001263 0.000580 0.999999 16.095073
0.999998 -0.000944 -0.001704 -0.029580 0.000942 0.999999 -0.001295 -0.342680 0.001705 0.001293 0.999998 17.268879
0.999997 -0.001019 -0.002289 -0.040106 0.001016 0.999999 -0.000975 -0.364335 0.002290 0.000973 0.999997 18.453841
0.999993 -0.002282 -0.002905 -0.051556 0.002281 0.999997 -0.000319 -0.386335 0.002906 0.000312 0.999996 19.628617
0.999988 -0.003268 -0.003533 -0.062295 0.003265 0.999994 -0.000761 -0.409251 0.003535 0.000750 0.999993 20.798124
0.999986 -0.003020 -0.004389 -0.075190 0.003020 0.999995 -0.000148 -0.430515 0.004389 0.000135 0.999990 21.979999
0.999982 -0.003074 -0.005194 -0.087828 0.003072 0.999995 -0.000367 -0.454864 0.005195 0.000351 0.999987 23.150701
0.999975 -0.003581 -0.006175 -0.101844 0.003578 0.999993 -0.000540 -0.479357 0.006177 0.000518 0.999981 24.317198
0.999970 -0.002865 -0.007252 -0.116725 0.002862 0.999996 -0.000447 -0.500813 0.007253 0.000427 0.999974 25.480799
0.999967 -0.001159 -0.008059 -0.130254 0.001142 0.999997 -0.002013 -0.525702 0.008061 0.002004 0.999966 26.633258
0.999962 -0.001134 -0.008669 -0.145776 0.001114 0.999997 -0.002285 -0.554096 0.008671 0.002275 0.999960 27.774585
0.999956 -0.001915 -0.009246 -0.161720 0.001885 0.999993 -0.003219 -0.581638 0.009252 0.003202 0.999952 28.946800
0.999943 -0.003004 -0.010238 -0.179756 0.002967 0.999989 -0.003692 -0.609188 0.010249 0.003661 0.999941 30.111672
0.999936 -0.003032 -0.010878 -0.199390 0.002999 0.999991 -0.003107 -0.635710 0.010888 0.003074 0.999936 31.278274
0.999930 -0.002451 -0.011546 -0.219036 0.002415 0.999992 -0.003132 -0.662202 0.011554 0.003104 0.999929 32.442613
0.999924 -0.002168 -0.012148 -0.239399 0.002120 0.999990 -0.003939 -0.689917 0.012157 0.003913 0.999919 33.612900
0.999918 -0.002285 -0.012619 -0.260158 0.002224 0.999986 -0.004794 -0.720037 0.012630 0.004766 0.999909 34.774567
0.999910 -0.002347 -0.013247 -0.281378 0.002279 0.999984 -0.005164 -0.748180 0.013259 0.005134 0.999899 35.946234
0.999907 -0.001678 -0.013518 -0.301936 0.001598 0.999981 -0.005920 -0.777175 0.013528 0.005897 0.999891 37.106566
0.999911 -0.000224 -0.013332 -0.324111 0.000156 0.999987 -0.005147 -0.807133 0.013333 0.005144 0.999898 38.269572
0.999914 0.000657 -0.013102 -0.345701 -0.000715 0.999990 -0.004426 -0.835792 0.013099 0.004435 0.999905 39.426759
0.999913 0.000102 -0.013223 -0.366620 -0.000155 0.999992 -0.004013 -0.862949 0.013222 0.004014 0.999905 40.582563
0.999915 0.000174 -0.013083 -0.388515 -0.000213 0.999996 -0.002996 -0.887861 0.013083 0.002999 0.999910 41.731820
0.999921 0.001772 -0.012477 -0.411098 -0.001771 0.999999 0.000097 -0.907523 0.012477 -0.000075 0.999922 42.896761
0.999930 0.004617 -0.010866 -0.427650 -0.004614 0.999989 0.000244 -0.927638 0.010867 -0.000194 0.999941 44.063715
0.999934 0.007208 -0.008984 -0.443120 -0.007199 0.999974 0.000981 -0.945604 0.008991 -0.000916 0.999959 45.246904
0.999916 0.010578 -0.007494 -0.456202 -0.010566 0.999943 0.001657 -0.965184 0.007511 -0.001578 0.999971 46.426715
0.999912 0.011755 -0.006181 -0.467197 -0.011749 0.999931 0.000970 -0.987337 0.006191 -0.000897 0.999981 47.599270
0.999936 0.010184 -0.004882 -0.475659 -0.010189 0.999948 -0.000929 -1.010519 0.004873 0.000978 0.999988 48.777810
0.999957 0.008532 -0.003666 -0.486446 -0.008531 0.999964 0.000512 -1.033880 0.003670 -0.000481 0.999993 49.947538
0.999962 0.008230 -0.002915 -0.495832 -0.008227 0.999966 0.000742 -1.056191 0.002921 -0.000718 0.999996 51.109992
0.999967 0.007673 -0.002848 -0.504424 -0.007672 0.999971 0.000155 -1.078296 0.002849 -0.000133 0.999996 52.283990
0.999972 0.006415 -0.003919 -0.514620 -0.006416 0.999979 -0.000360 -1.099015 0.003916 0.000385 0.999992 53.451403
0.999962 0.006813 -0.005487 -0.528861 -0.006815 0.999977 -0.000259 -1.121252 0.005485 0.000296 0.999985 54.628124
0.999944 0.008146 -0.006709 -0.544136 -0.008148 0.999967 -0.000282 -1.145394 0.006706 0.000336 0.999978 55.807352
0.999935 0.008338 -0.007762 -0.559585 -0.008344 0.999965 -0.000695 -1.169394 0.007756 0.000759 0.999970 56.987252
0.999928 0.008248 -0.008706 -0.577287 -0.008252 0.999966 -0.000425 -1.193734 0.008702 0.000497 0.999962 58.158127
0.999922 0.008339 -0.009279 -0.594256 -0.008341 0.999965 -0.000249 -1.218893 0.009277 0.000326 0.999957 59.337384
0.999923 0.007844 -0.009608 -0.610951 -0.007855 0.999969 -0.001137 -1.245317 0.009599 0.001213 0.999953 60.512301
0.999928 0.007011 -0.009743 -0.627610 -0.007032 0.999973 -0.002126 -1.272379 0.009728 0.002195 0.999950 61.685564
0.999915 0.008259 -0.010114 -0.646464 -0.008285 0.999963 -0.002521 -1.299326 0.010093 0.002604 0.999946 62.871282
0.999901 0.009566 -0.010314 -0.665872 -0.009597 0.999950 -0.002970 -1.324999 0.010285 0.003069 0.999942 64.047679
0.999913 0.007825 -0.010620 -0.687110 -0.007844 0.999968 -0.001785 -1.350349 0.010605 0.001868 0.999942 65.195698
0.999919 0.006667 -0.010888 -0.709241 -0.006667 0.999978 0.000110 -1.373528 0.010889 -0.000038 0.999941 66.355251
0.999917 0.006806 -0.010901 -0.731589 -0.006780 0.999974 0.002457 -1.391973 0.010918 -0.002383 0.999938 67.527015
0.999916 0.006952 -0.010970 -0.752988 -0.006904 0.999967 0.004414 -1.409695 0.011001 -0.004338 0.999930 68.693645
0.999914 0.007419 -0.010858 -0.773530 -0.007355 0.999955 0.005950 -1.424559 0.010901 -0.005870 0.999923 69.866944
0.999916 0.008260 -0.009953 -0.791133 -0.008192 0.999943 0.006804 -1.440268 0.010009 -0.006722 0.999927 71.020289
0.999924 0.009276 -0.008083 -0.806584 -0.009210 0.999924 0.008218 -1.457708 0.008158 -0.008143 0.999934 72.201778
0.999959 0.006918 -0.005762 -0.815085 -0.006879 0.999954 0.006704 -1.476162 0.005808 -0.006664 0.999961 73.361721
0.999993 0.001509 -0.003560 -0.819316 -0.001493 0.999990 0.004260 -1.493102 0.003567 -0.004255 0.999985 74.498926
0.999998 0.001004 -0.001820 -0.827241 -0.000997 0.999991 0.004179 -1.508316 0.001824 -0.004177 0.999990 75.689831
0.999990 0.004432 0.001125 -0.831499 -0.004435 0.999985 0.003155 -1.526014 -0.001111 -0.003159 0.999994 76.863922
0.999972 0.005788 0.004769 -0.831731 -0.005804 0.999977 0.003487 -1.545807 -0.004749 -0.003515 0.999983 78.038598
0.999956 0.004232 0.008362 -0.826787 -0.004267 0.999982 0.004189 -1.567537 -0.008344 -0.004224 0.999956 79.214421
0.999930 0.001479 0.011766 -0.815426 -0.001514 0.999995 0.002911 -1.591820 -0.011761 -0.002928 0.999927 80.377467
0.999881 -0.002165 0.015249 -0.800188 0.002139 0.999996 0.001690 -1.612473 -0.015253 -0.001657 0.999882 81.527255
0.999816 -0.003324 0.018905 -0.780973 0.003302 0.999994 0.001196 -1.631135 -0.018909 -0.001133 0.999821 82.666402
0.999736 -0.001440 0.022952 -0.758286 0.001407 0.999998 0.001469 -1.651794 -0.022954 -0.001436 0.999736 83.841177
0.999634 -0.001065 0.027050 -0.732014 0.001003 0.999997 0.002306 -1.672856 -0.027052 -0.002278 0.999631 84.987847
0.999515 -0.003554 0.030931 -0.699967 0.003497 0.999992 0.001896 -1.692460 -0.030938 -0.001787 0.999520 86.128312
0.999382 -0.006099 0.034630 -0.664006 0.006044 0.999980 0.001695 -1.710448 -0.034639 -0.001485 0.999399 87.261290
0.999254 -0.006522 0.038077 -0.624354 0.006467 0.999978 0.001578 -1.727737 -0.038087 -0.001331 0.999274 88.387898
0.999141 -0.005390 0.041095 -0.580278 0.005396 0.999985 -0.000042 -1.746116 -0.041094 0.000264 0.999155 89.521650
0.999031 -0.004037 0.043830 -0.533978 0.004078 0.999991 -0.000851 -1.765494 -0.043826 0.001029 0.999039 90.660413
0.998910 -0.002277 0.046619 -0.482941 0.002373 0.999995 -0.002005 -1.787357 -0.046614 0.002113 0.998911 91.811987
0.998788 -0.001326 0.049199 -0.429112 0.001488 0.999994 -0.003250 -1.811790 -0.049194 0.003319 0.998784 92.962960
0.998656 -0.003583 0.051708 -0.372952 0.003813 0.999983 -0.004348 -1.838987 -0.051691 0.004539 0.998653 94.105013
0.998516 -0.006998 0.053999 -0.313471 0.007331 0.999955 -0.005966 -1.867688 -0.053955 0.006353 0.998523 95.258811
0.998381 -0.009936 0.055998 -0.253847 0.010263 0.999932 -0.005541 -1.895413 -0.055939 0.006106 0.998416 96.405866
0.998300 -0.010866 0.057265 -0.192952 0.011203 0.999922 -0.005564 -1.921122 -0.057200 0.006196 0.998344 97.547534
0.998287 -0.010313 0.057594 -0.132083 0.010626 0.999930 -0.005137 -1.944729 -0.057537 0.005740 0.998327 98.698513
0.998347 -0.008382 0.056856 -0.072335 0.008675 0.999950 -0.004915 -1.969036 -0.056811 0.005400 0.998370 99.849629
0.998432 -0.006796 0.055561 -0.013132 0.007108 0.999960 -0.005407 -1.995332 -0.055522 0.005794 0.998441 101.012119
0.998555 -0.006006 0.053400 0.040899 0.006277 0.999968 -0.004902 -2.022368 -0.053369 0.005231 0.998561 102.168843
0.998701 -0.005554 0.050645 0.091610 0.005812 0.999971 -0.004939 -2.048386 -0.050617 0.005227 0.998705 103.328311
0.998863 -0.005702 0.047328 0.137792 0.005920 0.999973 -0.004460 -2.073371 -0.047301 0.004735 0.998870 104.510102
0.999036 -0.006381 0.043442 0.177075 0.006527 0.999974 -0.003234 -2.097874 -0.043420 0.003514 0.999051 105.683721
0.999190 -0.006114 0.039781 0.213600 0.006252 0.999975 -0.003342 -2.122375 -0.039760 0.003588 0.999203 106.859323
0.999344 -0.005226 0.035848 0.245569 0.005338 0.999981 -0.003042 -2.146612 -0.035831 0.003232 0.999353 108.065053
0.999487 -0.004707 0.031663 0.271991 0.004794 0.999985 -0.002671 -2.169625 -0.031650 0.002821 0.999495 109.259264
0.999632 -0.004256 0.026802 0.292652 0.004325 0.999988 -0.002515 -2.192305 -0.026791 0.002630 0.999638 110.472672
0.999758 -0.004229 0.021578 0.305620 0.004265 0.999990 -0.001645 -2.214337 -0.021571 0.001736 0.999766 111.668695
0.999853 -0.004544 0.016510 0.313294 0.004559 0.999989 -0.000875 -2.235303 -0.016506 0.000950 0.999863 112.866291
0.999926 -0.004991 0.011082 0.315045 0.004995 0.999988 -0.000367 -2.256518 -0.011080 0.000422 0.999939 114.066559
0.999963 -0.005859 0.006253 0.310881 0.005854 0.999983 0.000904 -2.275219 -0.006258 -0.000868 0.999980 115.270081
0.999978 -0.005989 0.002848 0.303993 0.005982 0.999979 0.002600 -2.291610 -0.002864 -0.002583 0.999993 116.474700
0.999982 -0.006022 0.000724 0.295407 0.006018 0.999972 0.004503 -2.306886 -0.000751 -0.004498 0.999990 117.677761
0.999979 -0.006484 -0.000593 0.286356 0.006487 0.999962 0.005812 -2.321230 0.000556 -0.005816 0.999983 118.877798
0.999978 -0.006340 -0.001837 0.274990 0.006355 0.999946 0.008183 -2.332170 0.001785 -0.008194 0.999965 120.083370
0.999981 -0.005508 -0.002875 0.263899 0.005535 0.999942 0.009288 -2.340476 0.002823 -0.009304 0.999953 121.289857
0.999978 -0.005393 -0.003797 0.252441 0.005428 0.999942 0.009283 -2.346432 0.003747 -0.009303 0.999950 122.508739
0.999981 -0.003751 -0.004805 0.235435 0.003813 0.999910 0.012832 -2.346226 0.004756 -0.012850 0.999906 123.718600
0.999985 -0.000683 -0.005373 0.220787 0.000757 0.999905 0.013757 -2.346897 0.005363 -0.013760 0.999891 124.957503
0.999982 -0.001061 -0.005975 0.208613 0.001138 0.999917 0.012875 -2.354324 0.005960 -0.012881 0.999899 126.178606
0.999976 -0.002719 -0.006344 0.194900 0.002798 0.999918 0.012519 -2.358993 0.006309 -0.012536 0.999902 127.414832
0.999972 -0.001887 -0.007164 0.183103 0.001957 0.999950 0.009848 -2.366953 0.007145 -0.009862 0.999926 128.656998
0.999965 -0.000158 -0.008315 0.170302 0.000221 0.999971 0.007566 -2.378361 0.008314 -0.007568 0.999937 129.912850
0.999962 0.001768 -0.008508 0.157655 -0.001732 0.999989 0.004274 -2.394988 0.008516 -0.004259 0.999955 131.170752
0.999957 0.002722 -0.008818 0.143508 -0.002703 0.999994 0.002096 -2.417596 0.008823 -0.002072 0.999959 132.413771
0.999963 0.000742 -0.008520 0.131342 -0.000758 0.999998 -0.001867 -2.442312 0.008519 0.001874 0.999962 133.662643
0.999965 -0.000172 -0.008343 0.116857 0.000136 0.999991 -0.004268 -2.471498 0.008344 0.004267 0.999956 134.901485
0.999968 -0.000517 -0.007982 0.101912 0.000470 0.999983 -0.005842 -2.501058 0.007985 0.005838 0.999951 136.137837
0.999972 -0.000178 -0.007412 0.085378 0.000136 0.999984 -0.005584 -2.529255 0.007413 0.005583 0.999957 137.393799
0.999975 0.001849 -0.006822 0.069940 -0.001881 0.999987 -0.004691 -2.557238 0.006813 0.004704 0.999966 138.668640
0.999976 0.003230 -0.006078 0.054318 -0.003246 0.999992 -0.002480 -2.584144 0.006070 0.002499 0.999978 139.942169
0.999984 0.001603 -0.005308 0.040646 -0.001618 0.999995 -0.002661 -2.613231 0.005303 0.002670 0.999982 141.234295
0.999988 -0.000339 -0.004904 0.027326 0.000328 0.999998 -0.002137 -2.641313 0.004905 0.002135 0.999986 142.536560
0.999985 -0.002893 -0.004521 0.014941 0.002883 0.999993 -0.002172 -2.670257 0.004527 0.002159 0.999987 143.830164
0.999965 -0.007219 -0.004218 0.003730 0.007204 0.999968 -0.003503 -2.698030 0.004243 0.003473 0.999985 145.092708
0.999932 -0.010983 -0.003748 -0.007155 0.010971 0.999934 -0.003267 -2.722442 0.003784 0.003226 0.999988 146.335935
0.999923 -0.011896 -0.003618 -0.017502 0.011883 0.999923 -0.003436 -2.748917 0.003659 0.003393 0.999988 147.580714
0.999924 -0.011706 -0.003705 -0.027980 0.011692 0.999924 -0.003762 -2.775723 0.003748 0.003718 0.999986 148.831912
0.999929 -0.011316 -0.003734 -0.039532 0.011304 0.999931 -0.003200 -2.800617 0.003770 0.003158 0.999988 150.092369
0.999936 -0.010600 -0.003911 -0.051182 0.010590 0.999940 -0.002643 -2.824612 0.003938 0.002601 0.999989 151.337808
0.999939 -0.010245 -0.004209 -0.062962 0.010235 0.999944 -0.002514 -2.850746 0.004234 0.002471 0.999988 152.574149
0.999929 -0.010890 -0.004813 -0.076154 0.010878 0.999938 -0.002385 -2.877143 0.004839 0.002332 0.999986 153.811713
0.999926 -0.010872 -0.005478 -0.090428 0.010860 0.999939 -0.002161 -2.900782 0.005502 0.002101 0.999983 155.060335
0.999934 -0.009731 -0.006028 -0.104567 0.009714 0.999949 -0.002762 -2.927622 0.006054 0.002704 0.999978 156.311722
0.999935 -0.009329 -0.006590 -0.121795 0.009317 0.999955 -0.001846 -2.955978 0.006607 0.001784 0.999977 157.576388
0.999920 -0.010235 -0.007437 -0.138638 0.010221 0.999946 -0.001909 -2.985916 0.007457 0.001833 0.999971 158.832454
0.999898 -0.011432 -0.008512 -0.156596 0.011417 0.999933 -0.001731 -3.012863 0.008531 0.001634 0.999962 160.091133
0.999889 -0.011418 -0.009507 -0.176500 0.011408 0.999934 -0.001119 -3.039896 0.009519 0.001010 0.999954 161.336620
0.999870 -0.011981 -0.010733 -0.196136 0.011960 0.999926 -0.002062 -3.067570 0.010757 0.001934 0.999940 162.590077
0.999855 -0.012805 -0.011247 -0.217457 0.012793 0.999917 -0.001173 -3.093257 0.011261 0.001029 0.999936 163.835940
0.999848 -0.012629 -0.012000 -0.239597 0.012623 0.999920 -0.000597 -3.115959 0.012007 0.000445 0.999928 165.069945
0.999850 -0.011598 -0.012854 -0.262824 0.011592 0.999933 -0.000552 -3.138994 0.012860 0.000403 0.999917 166.314856
0.999839 -0.011290 -0.013898 -0.288003 0.011282 0.999936 -0.000642 -3.162946 0.013904 0.000485 0.999903 167.557787
0.999831 -0.011018 -0.014709 -0.314740 0.011008 0.999939 -0.000761 -3.186853 0.014716 0.000599 0.999892 168.813317
0.999826 -0.010658 -0.015320 -0.341967 0.010654 0.999943 -0.000366 -3.211660 0.015323 0.000203 0.999883 170.051104
0.999805 -0.011567 -0.015978 -0.369884 0.011569 0.999933 0.000035 -3.235380 0.015977 -0.000220 0.999872 171.274618
0.999791 -0.012044 -0.016511 -0.399452 0.012063 0.999927 0.001050 -3.257771 0.016497 -0.001249 0.999863 172.510816
0.999785 -0.011865 -0.016996 -0.427813 0.011885 0.999929 0.001086 -3.279455 0.016982 -0.001288 0.999855 173.749072
0.999764 -0.013009 -0.017380 -0.457187 0.013028 0.999915 0.001006 -3.303818 0.017365 -0.001232 0.999849 174.984910
0.999739 -0.014893 -0.017300 -0.483775 0.014886 0.999889 -0.000542 -3.328712 0.017306 0.000284 0.999850 176.212342
0.999735 -0.014862 -0.017590 -0.508907 0.014801 0.999884 -0.003617 -3.356146 0.017641 0.003356 0.999839 177.445283
0.999779 -0.011289 -0.017711 -0.538450 0.011229 0.999931 -0.003493 -3.381578 0.017749 0.003294 0.999837 178.699418
0.999819 -0.007016 -0.017694 -0.567858 0.006942 0.999967 -0.004268 -3.410509 0.017723 0.004144 0.999834 179.966828
0.999815 -0.007453 -0.017732 -0.600355 0.007399 0.999968 -0.003095 -3.443374 0.017754 0.002963 0.999838 181.217889
0.999783 -0.010334 -0.018051 -0.633323 0.010307 0.999946 -0.001565 -3.471790 0.018067 0.001379 0.999836 182.435367
0.999765 -0.011880 -0.018127 -0.665303 0.011867 0.999929 -0.000841 -3.497007 0.018136 0.000626 0.999835 183.657526
0.999764 -0.011748 -0.018246 -0.694616 0.011726 0.999930 -0.001317 -3.522917 0.018261 0.001103 0.999833 184.882793
0.999777 -0.010700 -0.018175 -0.724815 0.010681 0.999942 -0.001130 -3.547090 0.018186 0.000936 0.999834 186.128510
0.999799 -0.008516 -0.018164 -0.753426 0.008489 0.999963 -0.001573 -3.572572 0.018177 0.001418 0.999834 187.376886
0.999817 -0.007759 -0.017498 -0.779368 0.007727 0.999968 -0.001923 -3.600375 0.017512 0.001788 0.999845 188.615215
0.999832 -0.008333 -0.016316 -0.803174 0.008299 0.999963 -0.002192 -3.630121 0.016333 0.002056 0.999865 189.835897
0.999837 -0.009791 -0.015126 -0.825066 0.009745 0.999948 -0.003076 -3.658838 0.015155 0.002929 0.999881 191.053168
0.999836 -0.011272 -0.014164 -0.846309 0.011229 0.999932 -0.003097 -3.686953 0.014198 0.002938 0.999895 192.254057
0.999845 -0.011971 -0.012907 -0.864593 0.011919 0.999921 -0.004090 -3.715126 0.012955 0.003935 0.999908 193.449558
0.999869 -0.011484 -0.011391 -0.883403 0.011445 0.999929 -0.003459 -3.740247 0.011430 0.003328 0.999929 194.635431
0.999903 -0.009589 -0.010094 -0.900565 0.009549 0.999946 -0.004023 -3.768695 0.010132 0.003926 0.999941 195.827137
0.999916 -0.009438 -0.008818 -0.918056 0.009413 0.999952 -0.002805 -3.795593 0.008844 0.002722 0.999957 197.013956
0.999924 -0.009535 -0.007817 -0.932899 0.009511 0.999950 -0.003095 -3.822987 0.007847 0.003021 0.999965 198.206234
0.999932 -0.009538 -0.006753 -0.947474 0.009522 0.999952 -0.002474 -3.850170 0.006776 0.002409 0.999974 199.423499
0.999940 -0.009377 -0.005714 -0.960032 0.009363 0.999953 -0.002460 -3.878244 0.005737 0.002406 0.999981 200.593822
0.999940 -0.009554 -0.005335 -0.971746 0.009543 0.999952 -0.002120 -3.905473 0.005355 0.002069 0.999983 201.745898
0.999942 -0.009457 -0.005048 -0.982156 0.009445 0.999953 -0.002334 -3.933065 0.005069 0.002286 0.999985 202.890048
0.999943 -0.009474 -0.004839 -0.991535 0.009458 0.999950 -0.003382 -3.962321 0.004871 0.003336 0.999983 204.026804
0.999951 -0.008453 -0.005080 -1.003478 0.008435 0.999959 -0.003392 -3.992011 0.005108 0.003349 0.999981 205.159034
0.999955 -0.007548 -0.005791 -1.015772 0.007525 0.999964 -0.004034 -4.022457 0.005822 0.003990 0.999975 206.287038
0.999950 -0.007610 -0.006447 -1.029088 0.007585 0.999964 -0.003761 -4.053321 0.006476 0.003712 0.999972 207.370348
0.999940 -0.008600 -0.006839 -1.043085 0.008576 0.999957 -0.003458 -4.084559 0.006869 0.003399 0.999971 208.453682
0.999929 -0.009576 -0.007096 -1.056630 0.009553 0.999949 -0.003316 -4.113483 0.007128 0.003248 0.999969 209.513764
0.999922 -0.009800 -0.007671 -1.070369 0.009769 0.999944 -0.004047 -4.141374 0.007710 0.003972 0.999962 210.566933
0.999913 -0.010013 -0.008558 -1.085767 0.009976 0.999941 -0.004303 -4.169406 0.008601 0.004217 0.999954 211.604064
0.999907 -0.009306 -0.009984 -1.102436 0.009258 0.999945 -0.004888 -4.198189 0.010029 0.004795 0.999938 212.623895
0.999900 -0.007766 -0.011836 -1.119910 0.007692 0.999951 -0.006253 -4.226857 0.011884 0.006161 0.999910 213.650589
0.999881 -0.006322 -0.014071 -1.141744 0.006237 0.999962 -0.006084 -4.257343 0.014109 0.005995 0.999883 214.653168
0.999844 -0.006350 -0.016490 -1.165801 0.006253 0.999963 -0.005908 -4.288698 0.016526 0.005804 0.999847 215.643872
0.999785 -0.006923 -0.019530 -1.192348 0.006810 0.999960 -0.005830 -4.318013 0.019570 0.005696 0.999792 216.610438
0.999721 -0.006884 -0.022584 -1.220994 0.006754 0.999960 -0.005863 -4.348400 0.022623 0.005708 0.999728 217.554694
0.999639 -0.006343 -0.026112 -1.256045 0.006213 0.999968 -0.005045 -4.379073 0.026143 0.004881 0.999646 218.532958
0.999546 -0.006651 -0.029379 -1.291820 0.006511 0.999967 -0.004854 -4.407551 0.029410 0.004660 0.999557 219.456121
0.999438 -0.007251 -0.032720 -1.330361 0.007092 0.999963 -0.004997 -4.434352 0.032755 0.004762 0.999452 220.356747
0.999324 -0.008021 -0.035865 -1.370652 0.007842 0.999956 -0.005131 -4.459969 0.035905 0.004846 0.999344 221.231978
0.999206 -0.008297 -0.038957 -1.413673 0.008145 0.999959 -0.004068 -4.485846 0.038989 0.003748 0.999233 222.079783
0.999076 -0.009212 -0.041987 -1.457429 0.009073 0.999953 -0.003516 -4.509596 0.042017 0.003132 0.999112 222.908907
0.998980 -0.009251 -0.044192 -1.502835 0.009180 0.999957 -0.001800 -4.532556 0.044207 0.001392 0.999021 223.717456
0.998948 -0.008741 -0.045022 -1.545511 0.008715 0.999962 -0.000778 -4.554785 0.045027 0.000385 0.998986 224.519743
0.998956 -0.007994 -0.044985 -1.586243 0.007982 0.999968 -0.000426 -4.573498 0.044987 0.000066 0.998988 225.304121
0.998968 -0.007349 -0.044815 -1.626014 0.007350 0.999973 -0.000132 -4.591887 0.044815 -0.000198 0.998995 226.070103
0.998979 -0.007957 -0.044478 -1.663856 0.007959 0.999969 -0.000147 -4.610600 0.044477 -0.000208 0.999010 226.819379
0.998978 -0.010165 -0.044036 -1.701266 0.010183 0.999948 0.000198 -4.626722 0.044032 -0.000646 0.999030 227.563780
0.999000 -0.012229 -0.043002 -1.736630 0.012257 0.999925 0.000375 -4.644221 0.042994 -0.000902 0.999075 228.299898
0.999029 -0.013789 -0.041847 -1.770860 0.013825 0.999905 0.000572 -4.659014 0.041836 -0.001150 0.999124 229.031044
0.999069 -0.014309 -0.040696 -1.803917 0.014380 0.999896 0.001451 -4.673135 0.040671 -0.002035 0.999171 229.743569
0.999130 -0.014483 -0.039108 -1.833182 0.014527 0.999894 0.000859 -4.689386 0.039092 -0.001426 0.999235 230.456546
0.999186 -0.014405 -0.037674 -1.861088 0.014450 0.999895 0.000938 -4.707628 0.037656 -0.001482 0.999290 231.158674
0.999252 -0.014299 -0.035920 -1.886880 0.014352 0.999897 0.001216 -4.724166 0.035899 -0.001731 0.999354 231.850477
0.999315 -0.014779 -0.033932 -1.909733 0.014824 0.999890 0.001070 -4.737274 0.033913 -0.001572 0.999424 232.534287
0.999403 -0.014327 -0.031423 -1.930777 0.014373 0.999896 0.001236 -4.750582 0.031402 -0.001687 0.999506 233.210608
0.999494 -0.013669 -0.028730 -1.948583 0.013676 0.999907 0.000044 -4.764384 0.028726 -0.000436 0.999587 233.893959
0.999576 -0.013436 -0.025832 -1.965431 0.013414 0.999910 -0.001016 -4.778804 0.025844 0.000669 0.999666 234.580634
0.999645 -0.013272 -0.023116 -1.980725 0.013240 0.999911 -0.001535 -4.793164 0.023135 0.001229 0.999732 235.263064
0.999697 -0.013851 -0.020334 -1.994118 0.013823 0.999904 -0.001499 -4.806461 0.020353 0.001218 0.999792 235.939012
0.999742 -0.014382 -0.017548 -2.006037 0.014354 0.999896 -0.001694 -4.820098 0.017571 0.001442 0.999845 236.623358
0.999771 -0.015311 -0.014948 -2.017798 0.015301 0.999883 -0.000832 -4.832261 0.014959 0.000603 0.999888 237.324102
0.999794 -0.016080 -0.012379 -2.026490 0.016072 0.999871 -0.000758 -4.843056 0.012389 0.000559 0.999923 238.034928
0.999833 -0.015358 -0.009897 -2.034512 0.015355 0.999882 -0.000442 -4.855884 0.009903 0.000290 0.999951 238.747929
0.999865 -0.014658 -0.007428 -2.040788 0.014653 0.999893 -0.000786 -4.870775 0.007439 0.000677 0.999972 239.463466
0.999879 -0.014720 -0.005034 -2.045751 0.014715 0.999891 -0.001042 -4.886422 0.005049 0.000968 0.999987 240.177601
0.999860 -0.016501 -0.002804 -2.049798 0.016498 0.999863 -0.001217 -4.900752 0.002823 0.001171 0.999995 240.883776
0.999815 -0.019189 -0.001191 -2.053544 0.019188 0.999816 -0.000878 -4.912199 0.001207 0.000855 0.999999 241.614552
0.999781 -0.020902 -0.000333 -2.056912 0.020901 0.999780 -0.001602 -4.922668 0.000366 0.001595 0.999999 242.346258
0.999767 -0.021574 -0.000434 -2.062902 0.021573 0.999767 -0.001101 -4.934837 0.000458 0.001091 0.999999 243.097654
0.999756 -0.022083 -0.000341 -2.068526 0.022083 0.999756 -0.001204 -4.948136 0.000367 0.001197 0.999999 243.845969
0.999746 -0.022538 -0.000296 -2.075346 0.022538 0.999746 -0.000197 -4.959862 0.000300 0.000190 1.000000 244.600076
0.999745 -0.022585 -0.000257 -2.080412 0.022585 0.999745 -0.000062 -4.973960 0.000259 0.000056 1.000000 245.335585
0.999701 -0.024460 -0.000044 -2.083188 0.024460 0.999700 -0.001559 -4.988652 0.000082 0.001557 0.999999 246.098098
0.999647 -0.026552 0.000271 -2.082851 0.026553 0.999634 -0.005217 -5.003743 -0.000133 0.005223 0.999986 246.859147
0.999611 -0.027853 0.001039 -2.082719 0.027861 0.999581 -0.007826 -5.016692 -0.000820 0.007852 0.999969 247.610246
0.999723 -0.023479 0.001528 -2.089694 0.023486 0.999712 -0.005059 -5.031323 -0.001409 0.005093 0.999986 248.382210
0.999857 -0.016829 0.001769 -2.097253 0.016832 0.999857 -0.001506 -5.048243 -0.001743 0.001536 0.999997 249.164588
0.999909 -0.013277 0.002353 -2.097597 0.013281 0.999911 -0.001555 -5.063071 -0.002332 0.001586 0.999996 249.960507
0.999870 -0.015422 0.004569 -2.094022 0.015433 0.999878 -0.002463 -5.082188 -0.004531 0.002533 0.999987 250.757383
0.999731 -0.021633 0.008323 -2.089531 0.021644 0.999765 -0.001227 -5.095477 -0.008294 0.001407 0.999965 251.534482
0.999611 -0.025192 0.011934 -2.082692 0.025184 0.999683 0.000775 -5.106953 -0.011950 -0.000474 0.999928 252.335022
0.999576 -0.025079 0.014772 -2.072984 0.025052 0.999684 0.001978 -5.116805 -0.014817 -0.001607 0.999889 253.147050
0.999571 -0.022946 0.018187 -2.057018 0.022930 0.999737 0.001040 -5.125807 -0.018206 -0.000622 0.999834 253.961487
0.999580 -0.019751 0.021187 -2.037491 0.019796 0.999802 -0.001926 -5.138705 -0.021145 0.002345 0.999774 254.783327
0.999547 -0.018203 0.023956 -2.016279 0.018316 0.999822 -0.004504 -5.155971 -0.023870 0.004940 0.999703 255.612885
0.999483 -0.017811 0.026758 -1.998080 0.017923 0.999832 -0.003960 -5.175872 -0.026683 0.004437 0.999634 256.436728
0.999377 -0.019694 0.029265 -1.979067 0.019754 0.999803 -0.001774 -5.194083 -0.029225 0.002351 0.999570 257.259761
0.999268 -0.021751 0.031457 -1.954558 0.021793 0.999762 -0.000991 -5.209580 -0.031427 0.001676 0.999505 258.104540
0.999185 -0.021932 0.033875 -1.927922 0.021955 0.999759 -0.000283 -5.221028 -0.033861 0.001026 0.999426 258.942054
0.999132 -0.019879 0.036595 -1.900185 0.019849 0.999802 0.001170 -5.232925 -0.036611 -0.000443 0.999329 259.784112
0.999060 -0.018331 0.039284 -1.871708 0.018203 0.999828 0.003615 -5.245666 -0.039343 -0.002897 0.999221 260.625567
0.998950 -0.018344 0.041965 -1.838761 0.018176 0.999825 0.004398 -5.257645 -0.042039 -0.003630 0.999109 261.455941
0.998825 -0.018986 0.044581 -1.802396 0.018796 0.999812 0.004684 -5.267857 -0.044662 -0.003840 0.998995 262.295098
0.998704 -0.019405 0.047034 -1.760927 0.019295 0.999810 0.002805 -5.276170 -0.047079 -0.001894 0.998889 263.141671
0.998629 -0.018757 0.048870 -1.717858 0.018775 0.999824 0.000102 -5.287683 -0.048863 0.000816 0.998805 263.995313
0.998567 -0.018925 0.050050 -1.676336 0.018980 0.999820 -0.000631 -5.302466 -0.050029 0.001580 0.998746 264.852005
0.998532 -0.019129 0.050674 -1.636364 0.019219 0.999815 -0.001289 -5.317196 -0.050640 0.002261 0.998714 265.691501
0.998521 -0.019044 0.050915 -1.596855 0.019134 0.999816 -0.001285 -5.332589 -0.050881 0.002257 0.998702 266.542237
0.998542 -0.018545 0.050695 -1.558192 0.018632 0.999826 -0.001245 -5.347128 -0.050663 0.002187 0.998713 267.397392
0.998581 -0.018313 0.050012 -1.521135 0.018390 0.999830 -0.001090 -5.362934 -0.049983 0.002009 0.998748 268.247743
0.998619 -0.019219 0.048898 -1.484563 0.019308 0.999813 -0.001357 -5.379521 -0.048863 0.002300 0.998803 269.095443
0.998674 -0.020350 0.047289 -1.450089 0.020435 0.999790 -0.001307 -5.396722 -0.047252 0.002271 0.998880 269.931687
0.998731 -0.020998 0.045778 -1.417801 0.021029 0.999779 -0.000192 -5.413255 -0.045764 0.001155 0.998951 270.779319
0.998802 -0.021559 0.043935 -1.387365 0.021539 0.999768 0.000930 -5.426839 -0.043945 0.000017 0.999034 271.622726
0.998882 -0.022074 0.041804 -1.359566 0.021992 0.999755 0.002419 -5.440004 -0.041847 -0.001497 0.999123 272.456613
0.998985 -0.021866 0.039367 -1.333392 0.021762 0.999759 0.003070 -5.452767 -0.039424 -0.002210 0.999220 273.292394
0.999131 -0.020680 0.036176 -1.311390 0.020574 0.999783 0.003279 -5.463294 -0.036236 -0.002532 0.999340 274.110123
0.999331 -0.018473 0.031572 -1.292184 0.018415 0.999828 0.002100 -5.476166 -0.031605 -0.001518 0.999499 274.940326
0.999506 -0.017020 0.026420 -1.278208 0.016994 0.999855 0.001230 -5.490101 -0.026437 -0.000781 0.999650 275.758561
0.999644 -0.015747 0.021533 -1.268686 0.015738 0.999876 0.000604 -5.506629 -0.021539 -0.000265 0.999768 276.567078
0.999747 -0.015016 0.016757 -1.263211 0.015016 0.999887 0.000123 -5.523288 -0.016757 0.000129 0.999859 277.372498
0.999825 -0.014511 0.011813 -1.262780 0.014509 0.999895 0.000208 -5.541397 -0.011815 -0.000037 0.999930 278.163874
0.999872 -0.014304 0.007122 -1.265384 0.014307 0.999898 -0.000415 -5.559549 -0.007116 0.000517 0.999974 278.939224
0.999884 -0.014903 0.002998 -1.271174 0.014905 0.999889 -0.000661 -5.575678 -0.002988 0.000706 0.999995 279.701887
0.999881 -0.015394 -0.001131 -1.280361 0.015393 0.999882 -0.000300 -5.590494 0.001135 0.000282 0.999999 280.454193
0.999863 -0.015675 -0.005233 -1.291311 0.015674 0.999877 -0.000210 -5.605745 0.005236 0.000128 0.999986 281.192232
0.999836 -0.015661 -0.009132 -1.303945 0.015653 0.999877 -0.000907 -5.621663 0.009146 0.000764 0.999958 281.910859
0.999764 -0.016839 -0.013749 -1.320260 0.016811 0.999857 -0.002177 -5.637331 0.013784 0.001945 0.999903 282.614904
0.999653 -0.018439 -0.018799 -1.343840 0.018420 0.999830 -0.001231 -5.655107 0.018818 0.000884 0.999822 283.287147
0.999472 -0.020472 -0.025225 -1.373806 0.020480 0.999790 0.000077 -5.671950 0.025219 -0.000594 0.999682 283.938825
0.999192 -0.022150 -0.033534 -1.410315 0.022183 0.999754 0.000595 -5.687140 0.033513 -0.001338 0.999437 284.576237
0.998767 -0.023475 -0.043741 -1.453468 0.023528 0.999723 0.000711 -5.702152 0.043712 -0.001739 0.999043 285.190658
0.998090 -0.023896 -0.056963 -1.508520 0.023959 0.999713 0.000414 -5.715447 0.056936 -0.001778 0.998376 285.807107
0.997016 -0.023550 -0.073510 -1.576562 0.023683 0.999719 0.000941 -5.729065 0.073467 -0.002679 0.997294 286.401347
0.995378 -0.022499 -0.093365 -1.658018 0.022830 0.999737 0.002479 -5.742310 0.093284 -0.004599 0.995629 286.973227
0.993077 -0.022471 -0.115295 -1.752248 0.023035 0.999729 0.003561 -5.754034 0.115183 -0.006192 0.993325 287.529753
0.989848 -0.022795 -0.140290 -1.861128 0.023599 0.999713 0.004070 -5.764221 0.140157 -0.007339 0.990102 288.065552
0.985598 -0.022681 -0.167578 -1.986001 0.023807 0.999706 0.004712 -5.772317 0.167422 -0.008634 0.985847 288.590359
0.980008 -0.021691 -0.197771 -2.127319 0.023051 0.999724 0.004578 -5.779441 0.197617 -0.009045 0.980237 289.099454
0.972742 -0.020530 -0.230981 -2.284644 0.021881 0.999755 0.003292 -5.786481 0.230857 -0.008256 0.972953 289.590165
0.963658 -0.019707 -0.266410 -2.459284 0.021050 0.999776 0.002184 -5.793549 0.266307 -0.007713 0.963857 290.066360
0.952736 -0.017464 -0.303297 -2.652698 0.018987 0.999818 0.002070 -5.803237 0.303206 -0.007731 0.952894 290.526317
0.939758 -0.015269 -0.341499 -2.861303 0.017116 0.999851 0.002397 -5.811990 0.341411 -0.008097 0.939879 290.966515
0.924682 -0.014072 -0.380480 -3.085655 0.015757 0.999875 0.001312 -5.820778 0.380414 -0.007208 0.924788 291.391229
0.907226 -0.013371 -0.420430 -3.324040 0.014711 0.999892 -0.000057 -5.830438 0.420386 -0.006133 0.907325 291.793731
0.887221 -0.013280 -0.461154 -3.581864 0.014081 0.999900 -0.001704 -5.839053 0.461130 -0.004981 0.887318 292.180617
0.864330 -0.013736 -0.502737 -3.855222 0.013778 0.999899 -0.003631 -5.848154 0.502736 -0.003788 0.864432 292.547447
0.838668 -0.013939 -0.544464 -4.145242 0.012855 0.999901 -0.005797 -5.858876 0.544491 -0.002137 0.838764 292.895419
0.809997 -0.013512 -0.586278 -4.450706 0.011367 0.999909 -0.007341 -5.869245 0.586324 -0.000718 0.810076 293.221016
0.778376 -0.012519 -0.627674 -4.773609 0.010565 0.999921 -0.006842 -5.882682 0.627710 -0.001305 0.778446 293.527580
0.743429 -0.013520 -0.668679 -5.105704 0.010386 0.999909 -0.008669 -5.894910 0.668735 -0.000500 0.743501 293.809615
0.704655 -0.014448 -0.709403 -5.455797 0.008056 0.999891 -0.012361 -5.907860 0.709505 0.002996 0.704694 294.073220
0.661676 -0.015573 -0.749628 -5.813151 0.004003 0.999844 -0.017237 -5.922041 0.749780 0.008404 0.661634 294.305621
0.614342 -0.015369 -0.788890 -6.189256 -0.000055 0.999810 -0.019522 -5.936863 0.789040 0.012037 0.614224 294.513680
0.563741 -0.011516 -0.825871 -6.578121 -0.004396 0.999847 -0.016942 -5.950640 0.825940 0.013182 0.563604 294.691202
0.511041 -0.004130 -0.859546 -6.965383 -0.008860 0.999910 -0.010072 -5.963444 0.859510 0.012763 0.510959 294.834909
0.456205 0.000836 -0.889874 -7.349463 -0.011401 0.999923 -0.004905 -5.970489 0.889801 0.012383 0.456180 294.950310
0.399770 0.003571 -0.916608 -7.738935 -0.012826 0.999917 -0.001699 -5.974217 0.916526 0.012436 0.399783 295.043563
0.342831 0.004842 -0.939384 -8.126894 -0.014648 0.999893 -0.000192 -5.975029 0.939283 0.013826 0.342865 295.113520
0.284960 0.005695 -0.958522 -8.515314 -0.017605 0.999845 0.000706 -5.976666 0.958378 0.016674 0.285016 295.160990
0.225876 0.006976 -0.974131 -8.902095 -0.021095 0.999775 0.002268 -5.979367 0.973928 0.020037 0.225972 295.183722
0.164283 0.007720 -0.986383 -9.294217 -0.024067 0.999703 0.003816 -5.982631 0.986119 0.023112 0.164420 295.179898
0.101930 0.010181 -0.994739 -9.679675 -0.026233 0.999628 0.007543 -5.980226 0.994446 0.025326 0.102159 295.149730
0.036989 0.011717 -0.999247 -10.089704 -0.030950 0.999465 0.010574 -5.977047 0.998836 0.030536 0.037332 295.096214
-0.029118 0.013305 -0.999487 -10.501548 -0.036713 0.999223 0.014371 -5.974505 0.998901 0.037113 -0.028607 295.012868
-0.095798 0.014718 -0.995292 -10.927719 -0.042300 0.998927 0.018843 -5.966846 0.994501 0.043906 -0.095072 294.900279
-0.162268 0.016155 -0.986615 -11.347921 -0.047251 0.998592 0.024122 -5.959230 0.985615 0.050533 -0.161276 294.757748
-0.228337 0.015597 -0.973457 -11.769250 -0.051473 0.998280 0.028068 -5.951053 0.972220 0.056516 -0.227142 294.586354
-0.292762 0.014809 -0.956070 -12.196165 -0.054083 0.998023 0.032020 -5.940983 0.954654 0.061081 -0.291383 294.380737
-0.354691 0.013973 -0.934879 -12.624632 -0.054960 0.997848 0.035766 -5.931642 0.933367 0.064067 -0.353159 294.143124
-0.412862 0.014278 -0.910682 -13.031208 -0.053713 0.997755 0.039994 -5.916921 0.909208 0.065428 -0.411168 293.884455
-0.468079 0.014805 -0.883562 -13.440379 -0.052778 0.997607 0.044676 -5.900408 0.882109 0.067544 -0.466178 293.591539
-0.519171 0.015187 -0.854535 -13.852781 -0.051630 0.997459 0.049095 -5.876666 0.853109 0.069608 -0.517067 293.262941
-0.565083 0.015659 -0.824885 -14.262882 -0.050478 0.997291 0.053512 -5.849508 0.823488 0.071877 -0.562762 292.906029
-0.605733 0.015316 -0.795520 -14.679574 -0.050264 0.997082 0.057469 -5.819096 0.794078 0.074797 -0.603195 292.517108
-0.643632 0.011540 -0.765248 -15.104793 -0.050942 0.997023 0.057882 -5.785894 0.763638 0.076238 -0.641128 292.093377
-0.680588 0.005117 -0.732648 -15.527664 -0.052392 0.997076 0.055634 -5.751475 0.730790 0.076249 -0.678330 291.632073
-0.715386 -0.000066 -0.698730 -15.960793 -0.054151 0.996998 0.055347 -5.718727 0.696628 0.077432 -0.713241 291.114964
-0.748349 -0.002219 -0.663302 -16.370884 -0.054214 0.996854 0.057830 -5.685354 0.661086 0.079238 -0.746114 290.568856
-0.778023 0.000310 -0.628236 -16.769469 -0.050436 0.996742 0.062952 -5.647771 0.626208 0.080664 -0.775472 289.984622
-0.805113 0.002965 -0.593114 -17.150195 -0.045059 0.996792 0.066147 -5.606346 0.591407 0.079981 -0.802397 289.378079
-0.831507 0.006600 -0.555475 -17.501989 -0.039195 0.996741 0.070515 -5.560445 0.554130 0.080405 -0.828538 288.751249
-0.854329 0.008683 -0.519660 -17.855078 -0.034583 0.996695 0.073508 -5.509659 0.518581 0.080771 -0.851205 288.075084
-0.875036 0.008093 -0.483990 -18.190094 -0.033370 0.996473 0.076995 -5.458395 0.482906 0.083524 -0.871680 287.368401
-0.894169 0.009374 -0.447631 -18.502221 -0.030793 0.996126 0.082371 -5.396863 0.446669 0.087438 -0.890416 286.631743
-0.911845 0.009301 -0.410429 -18.794394 -0.027574 0.996099 0.083833 -5.328963 0.409607 0.087760 -0.908031 285.869621
-0.928273 0.007034 -0.371834 -19.063111 -0.025793 0.996196 0.083235 -5.260495 0.371005 0.086855 -0.924560 285.078210
-0.942697 0.004985 -0.333613 -19.314887 -0.023581 0.996393 0.081521 -5.188588 0.332816 0.084717 -0.939178 284.240054
-0.955315 0.001387 -0.295585 -19.540873 -0.024038 0.996313 0.082363 -5.117218 0.294609 0.085787 -0.951759 283.366242
-0.966134 -0.001965 -0.258035 -19.741893 -0.023725 0.996412 0.081245 -5.047167 0.256949 0.084616 -0.962713 282.454777
-0.975007 -0.002809 -0.222156 -19.909553 -0.021944 0.996249 0.083708 -4.976075 0.221088 0.086491 -0.971411 281.522908
-0.982165 -0.000951 -0.188016 -20.049019 -0.017301 0.996202 0.085337 -4.902408 0.187220 0.087068 -0.978451 280.570932
-0.987970 0.000719 -0.154642 -20.159716 -0.012912 0.996114 0.087127 -4.823323 0.154103 0.088076 -0.984121 279.601395
-0.992389 -0.000455 -0.123137 -20.245775 -0.011391 0.996045 0.088123 -4.742099 0.122610 0.088855 -0.988469 278.603928
-0.995698 -0.001862 -0.092641 -20.303328 -0.010279 0.995847 0.090467 -4.655848 0.092088 0.091030 -0.991581 277.568338
-0.997968 -0.001643 -0.063693 -20.335846 -0.007483 0.995772 0.091553 -4.563879 0.063273 0.091844 -0.993761 276.503320
-0.999311 -0.002440 -0.037029 -20.341395 -0.005865 0.995680 0.092670 -4.472339 0.036643 0.092823 -0.995008 275.428007
-0.999922 -0.004804 -0.011509 -20.320210 -0.005878 0.995438 0.095229 -4.373434 0.010999 0.095289 -0.995389 274.321244
-0.999900 -0.006933 0.012347 -20.275927 -0.005700 0.995245 0.097240 -4.275598 -0.012963 0.097160 -0.995184 273.191434
-0.999426 -0.007118 0.033104 -20.209164 -0.003773 0.994976 0.100042 -4.178557 -0.033650 0.099860 -0.994432 272.067226
-0.998751 -0.005775 0.049623 -20.124135 -0.000529 0.994464 0.105078 -4.072620 -0.049955 0.104921 -0.993225 270.929577
-0.998096 -0.006153 0.061364 -20.027565 0.000635 0.993933 0.109992 -3.957767 -0.061669 0.109821 -0.992036 269.764207
-0.997577 -0.008650 0.069031 -19.925704 -0.000675 0.993398 0.114716 -3.833887 -0.069567 0.114392 -0.990997 268.584857
-0.997308 -0.010233 0.072602 -19.824465 -0.001672 0.993129 0.117018 -3.703031 -0.073301 0.116582 -0.990472 267.381725
-0.997281 -0.009096 0.073130 -19.723622 -0.000307 0.992858 0.119303 -3.568604 -0.073693 0.118956 -0.990161 266.152021
-0.997407 -0.008351 0.071478 -19.626464 0.000361 0.992652 0.121003 -3.429504 -0.071963 0.120715 -0.990075 264.904831
-0.997537 -0.009109 0.069546 -19.532631 -0.000595 0.992595 0.121473 -3.289084 -0.070138 0.121132 -0.990155 263.650075
-0.997712 -0.009933 0.066868 -19.441296 -0.001678 0.992480 0.122400 -3.147532 -0.067581 0.122008 -0.990225 262.381522
-0.997977 -0.010404 0.062723 -19.357416 -0.002566 0.992307 0.123775 -3.006015 -0.063529 0.123364 -0.990326 261.116440
