0.999981 0.000891 -0.006167 -0.007739 -0.000892 1.000000 -0.000215 -0.002271 0.006167 0.000221 0.999981 0.140254
0.999917 0.001397 -0.012777 -0.016843 -0.001405 0.999999 -0.000664 -0.004857 0.012776 0.000681 0.999918 0.287277
0.999806 0.001140 -0.019671 -0.027359 -0.001159 0.999999 -0.000994 -0.008293 0.019670 0.001016 0.999806 0.441032
0.999605 -0.000015 -0.028092 -0.041290 -0.000016 0.999999 -0.001098 -0.010958 0.028092 0.001098 0.999605 0.611156
0.999253 -0.001419 -0.038618 -0.059105 0.001350 0.999997 -0.001829 -0.010841 0.038620 0.001776 0.999252 0.804059
0.998657 -0.002131 -0.051769 -0.081502 0.001966 0.999993 -0.003251 -0.010306 0.051776 0.003145 0.998654 0.993077
0.997747 -0.001639 -0.067066 -0.109841 0.001340 0.999989 -0.004502 -0.011727 0.067073 0.004402 0.997738 1.188181
0.996440 -0.001302 -0.084297 -0.145130 0.000747 0.999978 -0.006620 -0.015295 0.084304 0.006533 0.996419 1.404102
0.994649 -0.000936 -0.103309 -0.189992 0.000116 0.999968 -0.007940 -0.021238 0.103313 0.007885 0.994618 1.638950
0.992190 -0.000504 -0.124737 -0.241744 -0.000561 0.999964 -0.008503 -0.025166 0.124737 0.008506 0.992153 1.860571
0.989025 -0.000652 -0.147745 -0.307903 -0.000181 0.999984 -0.005621 -0.027977 0.147747 0.005586 0.989009 2.099674
0.984999 -0.000406 -0.172560 -0.381021 0.000066 0.999998 -0.001977 -0.030149 0.172560 0.001936 0.984997 2.326770
0.979948 0.000654 -0.199251 -0.463929 -0.000357 0.999999 0.001524 -0.032529 0.199252 -0.001422 0.979947 2.567487
0.973750 0.001790 -0.227615 -0.554198 -0.001294 0.999996 0.002327 -0.033663 0.227618 -0.001972 0.973749 2.811127
0.966338 0.003692 -0.257250 -0.653629 -0.002775 0.999988 0.003930 -0.033915 0.257262 -0.003084 0.966337 3.048904
0.957410 0.006237 -0.288665 -0.768830 -0.004926 0.999974 0.005268 -0.033402 0.288690 -0.003621 0.957416 3.303320
0.946243 0.008899 -0.323335 -0.911886 -0.006866 0.999949 0.007429 -0.031082 0.323385 -0.004810 0.946255 3.592459
0.933724 0.010520 -0.357840 -1.062247 -0.007759 0.999928 0.009152 -0.028757 0.357911 -0.005769 0.933738 3.866193
0.919864 0.012934 -0.392024 -1.221979 -0.008636 0.999882 0.012725 -0.028187 0.392142 -0.008320 0.919867 4.128645
0.903426 0.015252 -0.428472 -1.391258 -0.009888 0.999842 0.014744 -0.027775 0.428630 -0.009084 0.903435 4.377158
0.884161 0.014776 -0.466948 -1.571694 -0.009243 0.999857 0.014138 -0.028542 0.467090 -0.008184 0.884172 4.617513
0.862348 0.013467 -0.506137 -1.773823 -0.008934 0.999895 0.011383 -0.026606 0.506237 -0.005294 0.862378 4.867004
0.835175 0.017809 -0.549696 -2.002302 -0.012524 0.999832 0.013365 -0.025530 0.549842 -0.004278 0.835258 5.107848
0.803015 0.023136 -0.595510 -2.264337 -0.016808 0.999728 0.016175 -0.022602 0.595722 -0.002979 0.803185 5.353075
0.767714 0.025818 -0.640272 -2.561979 -0.019366 0.999666 0.017089 -0.017963 0.640500 -0.000720 0.767958 5.611028
0.730502 0.026333 -0.682403 -2.846918 -0.020652 0.999651 0.016468 -0.013474 0.682598 0.002063 0.730791 5.827515
0.690298 0.025513 -0.723075 -3.188105 -0.020835 0.999665 0.015382 -0.008430 0.723225 0.004447 0.690598 6.067295
0.647198 0.025596 -0.761893 -3.556410 -0.021259 0.999654 0.015525 -0.003069 0.762026 0.006149 0.647517 6.295494
0.601496 0.024611 -0.798497 -3.949298 -0.022850 0.999646 0.013599 -0.000037 0.798549 0.010066 0.601846 6.512032
0.552928 0.024605 -0.832866 -4.360728 -0.025784 0.999591 0.012413 -0.001043 0.832830 0.014611 0.553336 6.706316
0.502794 0.022986 -0.864101 -4.777858 -0.027972 0.999556 0.010313 0.000158 0.863953 0.018985 0.503213 6.874401
0.452416 0.022444 -0.891524 -5.172374 -0.030774 0.999481 0.009545 -0.003127 0.891276 0.023118 0.452872 7.003571
0.400537 0.022564 -0.916002 -5.562851 -0.033768 0.999381 0.009852 -0.002633 0.915658 0.026986 0.401051 7.104979
0.350353 0.020204 -0.936400 -5.952176 -0.035485 0.999336 0.008285 -0.000075 0.935945 0.030326 0.350837 7.189337
0.300397 0.018468 -0.953636 -6.361644 -0.037493 0.999268 0.007541 -0.000818 0.953077 0.033490 0.300869 7.259267
0.250711 0.018428 -0.967886 -6.814610 -0.038644 0.999212 0.009014 -0.000838 0.967290 0.035143 0.251226 7.317255
0.203638 0.017977 -0.978881 -7.294093 -0.038838 0.999193 0.010270 -0.000493 0.978276 0.035926 0.204172 7.359924
0.160323 0.016973 -0.986919 -7.865709 -0.039180 0.999174 0.010819 -0.002267 0.986287 0.036933 0.160855 7.401356
0.124082 0.017622 -0.992115 -8.409399 -0.038605 0.999171 0.012919 -0.003220 0.991521 0.036698 0.124660 7.425529
0.092863 0.019456 -0.995489 -8.958447 -0.036746 0.999195 0.016101 -0.000063 0.995001 0.035085 0.093503 7.438270
0.063426 0.020870 -0.997768 -9.454854 -0.034214 0.999239 0.018725 0.005103 0.997400 0.032950 0.064092 7.434769
0.037118 0.020913 -0.999092 -9.958274 -0.031047 0.999323 0.019764 0.012712 0.998828 0.030285 0.037742 7.423705
0.013886 0.023064 -0.999638 -10.412839 -0.029405 0.999311 0.022648 0.022598 0.999471 0.029080 0.014555 7.401720
-0.004425 0.025249 -0.999671 -10.892271 -0.027055 0.999312 0.025360 0.032586 0.999624 0.027158 -0.003739 7.375120
-0.019125 0.025807 -0.999484 -11.400531 -0.026130 0.999312 0.026303 0.045020 0.999475 0.026620 -0.018438 7.346714
-0.031034 0.026518 -0.999166 -11.903239 -0.026138 0.999285 0.027333 0.057791 0.999176 0.026964 -0.030319 7.313848
-0.038880 0.028728 -0.998831 -12.387297 -0.026924 0.999194 0.029786 0.068450 0.998881 0.028050 -0.038075 7.280070
-0.044097 0.031103 -0.998543 -12.920274 -0.027968 0.999085 0.032355 0.080812 0.998635 0.029354 -0.043187 7.243847
-0.046213 0.032328 -0.998408 -13.444365 -0.028688 0.999021 0.033676 0.093009 0.998519 0.030199 -0.045240 7.211951
-0.045664 0.031081 -0.998473 -13.995150 -0.029168 0.999048 0.032433 0.106845 0.998531 0.030605 -0.044714 7.184838
-0.043156 0.029856 -0.998622 -14.556811 -0.031476 0.999017 0.031228 0.118374 0.998572 0.032781 -0.042174 7.160021
-0.040784 0.030876 -0.998691 -15.153581 -0.034415 0.998886 0.032287 0.128266 0.998575 0.035687 -0.039676 7.131187
-0.038624 0.033739 -0.998684 -15.763457 -0.035009 0.998771 0.035096 0.138969 0.998640 0.036318 -0.037395 7.100430
-0.036581 0.036122 -0.998678 -16.408648 -0.032738 0.998767 0.037325 0.154563 0.998794 0.034060 -0.035353 7.070881
-0.034960 0.037361 -0.998690 -17.025713 -0.032874 0.998717 0.038513 0.171474 0.998848 0.034177 -0.033687 7.044542
-0.032834 0.037124 -0.998771 -17.645917 -0.035947 0.998620 0.038300 0.189181 0.998814 0.037161 -0.031455 7.021913
-0.030912 0.037913 -0.998803 -18.325146 -0.039975 0.998434 0.039136 0.208559 0.998722 0.041137 -0.029348 6.996910
-0.028678 0.038326 -0.998854 -18.983193 -0.042322 0.998322 0.039520 0.227111 0.998692 0.043406 -0.027008 6.974390
-0.026872 0.039920 -0.998841 -19.665058 -0.042067 0.998272 0.041029 0.245463 0.998753 0.043120 -0.025146 6.950354
-0.024425 0.041929 -0.998822 -20.375558 -0.039328 0.998306 0.042869 0.266001 0.998927 0.040328 -0.022735 6.928212
-0.022326 0.042370 -0.998852 -21.094267 -0.038599 0.998320 0.043210 0.289753 0.999005 0.039520 -0.020653 6.909790
-0.020420 0.039541 -0.999009 -21.795418 -0.040712 0.998356 0.040347 0.310832 0.998962 0.041495 -0.018777 6.896922
-0.018873 0.037102 -0.999133 -22.503964 -0.042408 0.998382 0.037875 0.330774 0.998922 0.043087 -0.017269 6.884783
-0.017271 0.035463 -0.999222 -23.225040 -0.043660 0.998391 0.036188 0.346558 0.998897 0.044251 -0.015695 6.872585
-0.016639 0.036114 -0.999209 -23.990463 -0.038896 0.998568 0.036739 0.361086 0.999104 0.039477 -0.015211 6.854961
-0.016413 0.036095 -0.999214 -24.679164 -0.031982 0.998818 0.036606 0.374653 0.999353 0.032558 -0.015240 6.840522
-0.015196 0.034315 -0.999295 -25.360376 -0.026944 0.999034 0.034715 0.393635 0.999521 0.027453 -0.014257 6.830398
-0.014658 0.033177 -0.999342 -26.066657 -0.027878 0.999047 0.033576 0.415290 0.999503 0.028352 -0.013719 6.817953
-0.014066 0.032824 -0.999362 -26.781267 -0.035184 0.998826 0.033301 0.438238 0.999281 0.035630 -0.012895 6.805362
-0.014047 0.032826 -0.999362 -27.503171 -0.042219 0.998550 0.033393 0.456910 0.999009 0.042661 -0.012641 6.791779
-0.014230 0.034569 -0.999301 -28.306268 -0.047731 0.998239 0.035212 0.479019 0.998758 0.048199 -0.012555 6.773847
-0.014215 0.036853 -0.999219 -29.159832 -0.048166 0.998135 0.037498 0.499928 0.998738 0.048661 -0.012413 6.753070
-0.014397 0.038101 -0.999170 -30.010599 -0.044781 0.998247 0.038711 0.520084 0.998893 0.045301 -0.012666 6.732984
-0.014394 0.039608 -0.999111 -30.865291 -0.042065 0.998307 0.040182 0.543001 0.999011 0.042606 -0.012704 6.712977
-0.014098 0.042057 -0.999016 -31.707081 -0.043157 0.998158 0.042630 0.570013 0.998968 0.043716 -0.012258 6.693115
-0.013828 0.043298 -0.998966 -32.560488 -0.045293 0.998009 0.043883 0.598658 0.998878 0.045853 -0.011839 6.675376
-0.013466 0.045217 -0.998886 -33.415915 -0.043564 0.998002 0.045765 0.623685 0.998959 0.044132 -0.011469 6.655839
-0.012996 0.048038 -0.998761 -34.184245 -0.038568 0.998078 0.048507 0.646671 0.999171 0.039151 -0.011119 6.637032
-0.012328 0.050106 -0.998668 -34.955257 -0.034573 0.998125 0.050505 0.674934 0.999326 0.035150 -0.010572 6.621403
-0.011587 0.050074 -0.998678 -35.757096 -0.035423 0.998098 0.050455 0.707684 0.999305 0.035961 -0.009792 6.609450
-0.010896 0.049179 -0.998730 -36.575573 -0.037690 0.998060 0.049557 0.739483 0.999230 0.038182 -0.009021 6.598228
-0.010060 0.049027 -0.998747 -37.413411 -0.042795 0.997861 0.049415 0.769730 0.999033 0.043239 -0.007941 6.587202
-0.009570 0.047959 -0.998803 -38.269662 -0.048711 0.997641 0.048370 0.801559 0.998767 0.049115 -0.007211 6.576534
-0.009064 0.048562 -0.998779 -39.095933 -0.052005 0.997445 0.048969 0.833633 0.998605 0.052385 -0.006516 6.565050
-0.007974 0.048834 -0.998775 -39.945766 -0.051873 0.997442 0.049183 0.867494 0.998621 0.052202 -0.005420 6.555315
-0.007252 0.050488 -0.998698 -40.858907 -0.047517 0.997579 0.050777 0.907510 0.998844 0.047823 -0.004835 6.543259
-0.006329 0.052170 -0.998618 -41.719863 -0.043558 0.997676 0.052396 0.947198 0.999030 0.043830 -0.004042 6.531366
-0.006079 0.057207 -0.998344 -42.521224 -0.041325 0.997495 0.057410 0.986849 0.999127 0.041606 -0.003699 6.515381
-0.006217 0.060949 -0.998121 -43.314286 -0.040056 0.997325 0.061150 1.028203 0.999178 0.040361 -0.003759 6.501897
-0.006014 0.060036 -0.998178 -44.110491 -0.038369 0.997447 0.060223 1.067785 0.999245 0.038661 -0.003695 6.494653
-0.005610 0.057895 -0.998307 -44.903720 -0.035166 0.997694 0.058057 1.102812 0.999365 0.035432 -0.003561 6.490711
-0.005308 0.054632 -0.998492 -45.657732 -0.033690 0.997930 0.054781 1.136847 0.999418 0.033930 -0.003457 6.487375
-0.006307 0.054773 -0.998479 -46.409550 -0.036719 0.997813 0.054969 1.175965 0.999305 0.037010 -0.004282 6.478335
-0.007446 0.052810 -0.998577 -47.170445 -0.042609 0.997681 0.053080 1.212836 0.999064 0.042943 -0.005179 6.470773
-0.008571 0.052431 -0.998588 -47.936777 -0.045957 0.997549 0.052771 1.248203 0.998906 0.046345 -0.006140 6.459240
-0.008945 0.053793 -0.998512 -48.719486 -0.044886 0.997524 0.054142 1.283030 0.998952 0.045304 -0.006509 6.444708
-0.009043 0.057359 -0.998313 -49.544159 -0.041320 0.997479 0.057686 1.320301 0.999105 0.041772 -0.006650 6.425567
-0.009318 0.062021 -0.998031 -50.325597 -0.038184 0.997325 0.062334 1.357179 0.999227 0.038689 -0.006925 6.405582
-0.009998 0.065549 -0.997799 -51.120565 -0.036837 0.997148 0.065875 1.397787 0.999271 0.037415 -0.007555 6.386328
-0.010605 0.066898 -0.997703 -51.903023 -0.037613 0.997027 0.067252 1.441712 0.999235 0.038240 -0.008057 6.369344
-0.011222 0.066749 -0.997707 -52.671214 -0.038707 0.996993 0.067136 1.483120 0.999187 0.039372 -0.008605 6.354056
-0.011542 0.068462 -0.997587 -53.434733 -0.038138 0.996897 0.068856 1.523859 0.999205 0.038840 -0.008895 6.337230
-0.011866 0.068884 -0.997554 -54.239031 -0.037923 0.996876 0.069288 1.570031 0.999210 0.038652 -0.009216 6.321862
-0.012011 0.067122 -0.997672 -55.042449 -0.039421 0.996937 0.067547 1.616765 0.999150 0.040141 -0.009329 6.309508
-0.012666 0.065484 -0.997773 -55.843508 -0.041982 0.996938 0.065962 1.663609 0.999037 0.042724 -0.009878 6.296903
-0.013283 0.064377 -0.997837 -56.613929 -0.046197 0.996820 0.064926 1.707888 0.998843 0.046959 -0.010267 6.283959
-0.013559 0.064123 -0.997850 -57.406632 -0.047975 0.996751 0.064704 1.749162 0.998756 0.048749 -0.010438 6.269398
-0.013556 0.064108 -0.997851 -58.186606 -0.047656 0.996767 0.064686 1.788201 0.998771 0.048431 -0.010457 6.254548
-0.013111 0.063167 -0.997917 -58.937454 -0.045183 0.996946 0.063699 1.823293 0.998892 0.045924 -0.010217 6.241151
-0.012238 0.063552 -0.997903 -59.668620 -0.041473 0.997087 0.064008 1.859563 0.999064 0.042170 -0.009567 6.227660
-0.011061 0.064182 -0.997877 -60.394982 -0.038531 0.997169 0.064563 1.899877 0.999196 0.039163 -0.008557 6.216741
-0.008555 0.064423 -0.997886 -61.089649 -0.036228 0.997247 0.064693 1.938330 0.999306 0.036705 -0.006198 6.209117
-0.005134 0.066952 -0.997743 -61.765383 -0.035719 0.997107 0.067093 1.977434 0.999348 0.035983 -0.002728 6.203168
-0.000433 0.068391 -0.997658 -62.439170 -0.036557 0.996991 0.068361 2.015128 0.999331 0.036501 0.002068 6.204232
0.005934 0.068447 -0.997637 -63.087203 -0.038237 0.996941 0.068172 2.050506 0.999251 0.037742 0.008533 6.213532
0.013727 0.068194 -0.997578 -63.698527 -0.039913 0.996914 0.067599 2.084025 0.999108 0.038888 0.016406 6.229345
0.023595 0.069682 -0.997290 -64.288513 -0.041530 0.996775 0.068663 2.117068 0.998858 0.039797 0.026413 6.250758
0.036000 0.071898 -0.996762 -64.896087 -0.043427 0.996579 0.070316 2.151362 0.998407 0.040755 0.038999 6.282228
0.051359 0.074841 -0.995872 -65.498808 -0.045529 0.996327 0.072527 2.190045 0.997641 0.041616 0.054577 6.326245
0.070526 0.076220 -0.994594 -66.102769 -0.047964 0.996182 0.072940 2.229344 0.996356 0.042560 0.073912 6.387642
0.093856 0.076858 -0.992615 -66.678681 -0.050538 0.996098 0.072349 2.263875 0.994302 0.043374 0.097373 6.466705
0.121840 0.075814 -0.989650 -67.209483 -0.052489 0.996175 0.069851 2.295561 0.991160 0.043435 0.125353 6.563790
0.153296 0.074193 -0.985391 -67.698468 -0.054231 0.996306 0.066578 2.322595 0.986690 0.043233 0.156753 6.676204
0.189667 0.072064 -0.979200 -68.156975 -0.056427 0.996454 0.062404 2.348075 0.980225 0.043418 0.193061 6.808021
0.229381 0.071223 -0.970727 -68.592423 -0.059020 0.996502 0.059168 2.369073 0.971545 0.043721 0.232782 6.955060
0.271349 0.069594 -0.959962 -69.021015 -0.060766 0.996631 0.055076 2.387125 0.960560 0.043388 0.274664 7.125225
0.318697 0.069132 -0.945332 -69.470728 -0.064330 0.996614 0.051195 2.405215 0.945671 0.044498 0.322065 7.333469
0.366568 0.067613 -0.927931 -69.917422 -0.066022 0.996732 0.046545 2.420939 0.928045 0.044201 0.369834 7.570772
0.415303 0.066931 -0.907217 -70.324804 -0.066425 0.996858 0.043137 2.433524 0.907254 0.042347 0.418444 7.820015
0.463169 0.063285 -0.884008 -70.789631 -0.066317 0.997126 0.036636 2.444034 0.883785 0.041656 0.466034 8.131665
0.511624 0.062968 -0.856899 -71.161108 -0.066630 0.997215 0.033497 2.457286 0.856622 0.039958 0.514394 8.422184
0.558452 0.064398 -0.827034 -71.544785 -0.068720 0.997147 0.031241 2.466373 0.826685 0.039387 0.561283 8.751701
0.602082 0.062750 -0.795965 -71.982825 -0.071043 0.997163 0.024873 2.473154 0.795267 0.041572 0.604831 9.154932
0.644601 0.060008 -0.762160 -72.348721 -0.073397 0.997167 0.016435 2.472182 0.760987 0.045347 0.647179 9.546408
0.685069 0.055596 -0.726353 -72.683709 -0.075038 0.997165 0.005552 2.461971 0.724603 0.050701 0.687299 9.949886
0.723440 0.052074 -0.688421 -73.003889 -0.071545 0.997437 0.000265 2.455171 0.686670 0.049061 0.725311 10.366531
0.762264 0.046661 -0.645582 -73.245986 -0.063732 0.997962 -0.003120 2.442932 0.644121 0.043523 0.763684 10.748685
0.797166 0.038512 -0.602531 -73.546851 -0.054405 0.998485 -0.008158 2.420943 0.601304 0.039284 0.798054 11.242526
0.828440 0.032162 -0.559154 -73.808614 -0.047057 0.998817 -0.012269 2.403747 0.558097 0.036476 0.828973 11.733062
0.856341 0.028777 -0.515608 -74.040568 -0.042463 0.998989 -0.014769 2.392205 0.514661 0.034542 0.856697 12.224861
0.881600 0.025849 -0.471288 -74.246979 -0.038828 0.999087 -0.017834 2.376870 0.470396 0.034022 0.881798 12.723713
0.904276 0.024491 -0.426244 -74.431293 -0.036206 0.999156 -0.019401 2.365702 0.425409 0.032976 0.904399 13.238909
0.923535 0.023999 -0.382761 -74.572924 -0.034981 0.999151 -0.021757 2.353588 0.381914 0.033483 0.923590 13.712358
0.939484 0.023879 -0.341759 -74.705652 -0.032926 0.999243 -0.020694 2.336282 0.341006 0.030695 0.939559 14.198501
0.952359 0.022173 -0.304171 -74.850683 -0.029283 0.999393 -0.018834 2.320106 0.303568 0.026844 0.952431 14.768764
0.962001 0.023403 -0.272042 -75.023624 -0.028892 0.999451 -0.016190 2.302820 0.271513 0.023435 0.962149 15.485325
0.969693 0.025243 -0.243018 -75.188236 -0.030151 0.999409 -0.016495 2.280836 0.242458 0.023322 0.969881 16.254892
0.975581 0.026883 -0.217986 -75.317995 -0.031559 0.999340 -0.017998 2.262170 0.217358 0.024438 0.975785 16.944726
0.980130 0.029101 -0.196209 -75.426861 -0.033520 0.999253 -0.019238 2.244175 0.195502 0.025433 0.980373 17.593463
0.983474 0.032568 -0.178093 -75.529588 -0.036430 0.999166 -0.018456 2.225837 0.177343 0.024638 0.983840 18.236049
0.986093 0.035323 -0.162396 -75.639775 -0.038121 0.999173 -0.014142 2.207303 0.161762 0.020136 0.986624 18.943803
0.988179 0.036884 -0.148797 -75.741868 -0.039019 0.999173 -0.011456 2.190957 0.148252 0.017126 0.988801 19.671346
0.990114 0.036803 -0.135350 -75.825867 -0.039069 0.999137 -0.014118 2.170970 0.134713 0.019267 0.990697 20.389942
0.991834 0.036650 -0.122151 -75.903213 -0.038879 0.999117 -0.015912 2.151409 0.121459 0.020531 0.992383 21.122815
0.993514 0.037616 -0.107306 -75.972114 -0.039682 0.999064 -0.017184 2.128952 0.106559 0.021331 0.994077 21.881446
0.994899 0.038469 -0.093248 -76.036887 -0.040257 0.999038 -0.017365 2.105735 0.092490 0.021030 0.995491 22.687742
0.996012 0.035539 -0.081833 -76.095080 -0.037179 0.999135 -0.018603 2.082876 0.081101 0.021571 0.996472 23.513679
0.996892 0.030202 -0.072760 -76.152372 -0.031672 0.999315 -0.019128 2.057720 0.072132 0.021373 0.997165 24.381111
0.997553 0.023929 -0.065685 -76.196388 -0.025430 0.999432 -0.022106 2.039574 0.065119 0.023722 0.997595 25.156607
0.997965 0.023976 -0.059087 -76.237473 -0.025414 0.999396 -0.023704 2.020868 0.058483 0.025157 0.997971 25.930683
0.998131 0.030505 -0.052949 -76.276102 -0.031776 0.999222 -0.023336 2.002764 0.052196 0.024975 0.998324 26.683589
0.998096 0.038892 -0.047869 -76.315622 -0.039915 0.998990 -0.020603 1.977171 0.047020 0.022475 0.998640 27.494116
0.998136 0.042551 -0.043743 -76.352210 -0.043468 0.998850 -0.020222 1.950929 0.042832 0.022085 0.998837 28.325364
0.998314 0.041269 -0.040800 -76.384164 -0.042193 0.998866 -0.022043 1.924600 0.039844 0.023727 0.998923 29.132472
0.998481 0.040036 -0.037849 -76.415793 -0.040908 0.998908 -0.022571 1.898322 0.036904 0.024085 0.999028 29.952206
0.998503 0.041663 -0.035440 -76.442758 -0.042567 0.998777 -0.025155 1.871532 0.034348 0.026626 0.999054 30.764863
0.998479 0.044121 -0.033048 -76.468993 -0.045065 0.998581 -0.028376 1.839611 0.031749 0.029822 0.999050 31.614075
0.998448 0.046480 -0.030669 -76.495323 -0.047415 0.998409 -0.030521 1.801039 0.029202 0.031927 0.999063 32.440806
0.998629 0.043547 -0.029046 -76.522261 -0.044440 0.998536 -0.030842 1.761317 0.027660 0.032091 0.999101 33.239007
0.998942 0.036530 -0.027938 -76.550156 -0.037293 0.998931 -0.027302 1.727532 0.026911 0.028315 0.999236 33.984642
0.999230 0.029215 -0.026187 -76.572807 -0.029901 0.999209 -0.026205 1.701503 0.025401 0.026968 0.999313 34.715945
0.999392 0.025092 -0.024185 -76.594658 -0.025724 0.999326 -0.026167 1.672240 0.023512 0.026773 0.999364 35.493290
0.999389 0.027127 -0.022033 -76.616069 -0.027683 0.999295 -0.025348 1.639697 0.021330 0.025942 0.999435 36.292660
0.999316 0.031523 -0.019335 -76.637358 -0.031952 0.999241 -0.022289 1.611591 0.018618 0.022892 0.999564 37.091140
0.999154 0.037528 -0.016790 -76.654209 -0.037864 0.999079 -0.020164 1.584679 0.016017 0.020783 0.999655 37.866907
0.999078 0.040366 -0.014640 -76.664782 -0.040694 0.998912 -0.022775 1.553185 0.013704 0.023350 0.999633 38.626951
0.999085 0.040793 -0.012859 -76.675075 -0.041107 0.998836 -0.025241 1.522058 0.011815 0.025747 0.999598 39.403000
0.999091 0.041160 -0.011112 -76.687311 -0.041436 0.998807 -0.025825 1.488841 0.010036 0.026262 0.999604 40.184368
0.999172 0.039557 -0.009465 -76.701217 -0.039771 0.998930 -0.023590 1.460224 0.008521 0.023946 0.999676 40.985840
0.999233 0.038374 -0.007768 -76.710628 -0.038552 0.998962 -0.024253 1.434278 0.006829 0.024534 0.999675 41.810000
0.999232 0.038531 -0.007037 -76.721615 -0.038690 0.998963 -0.024008 1.410858 0.006105 0.024262 0.999686 42.630687
0.999183 0.039956 -0.006127 -76.736325 -0.040068 0.999010 -0.019344 1.390393 0.005348 0.019574 0.999793 43.437673
0.999216 0.039107 -0.006132 -76.748688 -0.039210 0.999074 -0.017708 1.371506 0.005433 0.017934 0.999824 44.270747
0.999210 0.038874 -0.008242 -76.764012 -0.039004 0.999108 -0.016163 1.357021 0.007606 0.016472 0.999835 45.042833
0.999153 0.039689 -0.010831 -76.780100 -0.039865 0.999069 -0.016511 1.336469 0.010166 0.016929 0.999804 45.816851
0.999078 0.040376 -0.014593 -76.804185 -0.040590 0.999068 -0.014683 1.315455 0.013987 0.015262 0.999785 46.620887
0.998997 0.040808 -0.018420 -76.831787 -0.041039 0.999081 -0.012338 1.291076 0.017900 0.013082 0.999753 47.411005
0.999091 0.036370 -0.022210 -76.860116 -0.036652 0.999251 -0.012394 1.269384 0.021742 0.013196 0.999676 48.250541
0.999107 0.033668 -0.025504 -76.891234 -0.033970 0.999357 -0.011487 1.252387 0.025101 0.012344 0.999608 49.105017
0.999082 0.032340 -0.028103 -76.920210 -0.032729 0.999373 -0.013475 1.238914 0.027650 0.014382 0.999514 49.955140
0.998966 0.033917 -0.030275 -76.952565 -0.034337 0.999319 -0.013480 1.225149 0.029797 0.014506 0.999450 50.798471
0.998884 0.034269 -0.032498 -76.986766 -0.034726 0.999304 -0.013607 1.212040 0.032009 0.014720 0.999379 51.644615
0.998752 0.036027 -0.034579 -77.023215 -0.036537 0.999231 -0.014244 1.200037 0.034039 0.015490 0.999300 52.511997
0.998542 0.040025 -0.036211 -77.063235 -0.040536 0.999087 -0.013488 1.188242 0.035638 0.014937 0.999252 53.383050
0.998328 0.044895 -0.036394 -77.103869 -0.045361 0.998898 -0.012079 1.176332 0.035812 0.013709 0.999264 54.290707
0.998276 0.047026 -0.035111 -77.143990 -0.047440 0.998813 -0.011058 1.160133 0.034550 0.012705 0.999322 55.247708
0.998342 0.047335 -0.032735 -77.183509 -0.047599 0.998840 -0.007336 1.147788 0.032350 0.008882 0.999436 56.196416
0.998437 0.046549 -0.030929 -77.217207 -0.046781 0.998882 -0.006847 1.135063 0.030576 0.008283 0.999497 57.144007
0.998559 0.044703 -0.029694 -77.245620 -0.044993 0.998945 -0.009179 1.118303 0.029252 0.010502 0.999516 58.074474
0.998667 0.043095 -0.028411 -77.269830 -0.043481 0.998968 -0.013103 1.099900 0.027817 0.014321 0.999510 58.989978
0.998711 0.042744 -0.027349 -77.296478 -0.043157 0.998960 -0.014695 1.082027 0.026693 0.015856 0.999517 59.882205
0.998621 0.045174 -0.026721 -77.323398 -0.045633 0.998816 -0.016841 1.060687 0.025929 0.018037 0.999500 60.798612
0.998524 0.047567 -0.026219 -77.351214 -0.048044 0.998686 -0.017854 1.039225 0.025335 0.019087 0.999496 61.684095
0.998550 0.047457 -0.025415 -77.380210 -0.047907 0.998700 -0.017401 1.012795 0.024556 0.018593 0.999525 62.555673
0.998710 0.044437 -0.024549 -77.407167 -0.044850 0.998857 -0.016544 0.987293 0.023786 0.017624 0.999561 63.400427
0.998936 0.038902 -0.024764 -77.435805 -0.039253 0.999133 -0.013873 0.967890 0.024203 0.014830 0.999596 64.196923
0.999128 0.033794 -0.024523 -77.462805 -0.034109 0.999339 -0.012552 0.949407 0.024082 0.013378 0.999620 65.001033
0.999302 0.028355 -0.024298 -77.494262 -0.028569 0.999555 -0.008540 0.936205 0.024045 0.009228 0.999668 65.865627
0.999347 0.027619 -0.023296 -77.516899 -0.027851 0.999565 -0.009691 0.925647 0.023018 0.010334 0.999681 66.687791
0.999181 0.033282 -0.023002 -77.536779 -0.033617 0.999332 -0.014367 0.914083 0.022509 0.015129 0.999631 67.505909
0.998880 0.041121 -0.023407 -77.559722 -0.041540 0.998980 -0.017692 0.895738 0.022656 0.018645 0.999569 68.378264
0.998500 0.048451 -0.025488 -77.588071 -0.048988 0.998581 -0.020884 0.870013 0.024440 0.022102 0.999456 69.314313
0.998555 0.045880 -0.027958 -77.620707 -0.046519 0.998660 -0.022659 0.841328 0.026881 0.023927 0.999351 70.245389
0.998682 0.041867 -0.029692 -77.653405 -0.042651 0.998745 -0.026269 0.808366 0.028555 0.027501 0.999213 71.191179
0.998647 0.040354 -0.032797 -77.692464 -0.041280 0.998753 -0.028080 0.774968 0.031623 0.029396 0.999067 72.100263
0.998624 0.038191 -0.035916 -77.738158 -0.039132 0.998899 -0.025869 0.743169 0.034889 0.027239 0.999019 72.984885
0.998586 0.035264 -0.039769 -77.788015 -0.036243 0.999051 -0.024171 0.711904 0.038879 0.025578 0.998916 73.888551
0.998500 0.032161 -0.044297 -77.841768 -0.033254 0.999155 -0.024165 0.677792 0.043483 0.025602 0.998725 74.812070
0.998483 0.027873 -0.047478 -77.894568 -0.028993 0.999313 -0.023083 0.650959 0.046801 0.024425 0.998605 75.656330
0.998314 0.027897 -0.050885 -77.952418 -0.028908 0.999397 -0.019230 0.630992 0.050317 0.020669 0.998519 76.483475
0.998035 0.030165 -0.054907 -78.015667 -0.031126 0.999375 -0.016745 0.611235 0.054368 0.018422 0.998350 77.368904
0.997528 0.036489 -0.060049 -78.083615 -0.037472 0.999180 -0.015326 0.589137 0.059441 0.017538 0.998077 78.272359
0.996937 0.042205 -0.065836 -78.155395 -0.043341 0.998934 -0.015919 0.564705 0.065094 0.018724 0.997703 79.179702
0.996408 0.045675 -0.071309 -78.231991 -0.046920 0.998772 -0.015883 0.542395 0.070496 0.019172 0.997327 80.079619
0.995966 0.046065 -0.076995 -78.314617 -0.047324 0.998773 -0.014609 0.526702 0.076227 0.018194 0.996924 80.984007
0.995334 0.049455 -0.082845 -78.399262 -0.050906 0.998583 -0.015502 0.508714 0.081961 0.019647 0.996441 81.865233
0.994905 0.048997 -0.088100 -78.489190 -0.050430 0.998628 -0.014114 0.489745 0.087288 0.018485 0.996011 82.712234
0.994435 0.048443 -0.093554 -78.581849 -0.049484 0.998736 -0.008830 0.474341 0.093008 0.013411 0.995574 83.493273
0.994092 0.044370 -0.099050 -78.674398 -0.045219 0.998957 -0.006343 0.466180 0.098665 0.010784 0.995061 84.270088
0.993748 0.040885 -0.103884 -78.773740 -0.041884 0.999095 -0.007451 0.457000 0.103485 0.011755 0.994561 85.112027
0.993414 0.038256 -0.108003 -78.876858 -0.039151 0.999214 -0.006178 0.451773 0.107681 0.010366 0.994131 85.936042
0.992619 0.043726 -0.113113 -78.982164 -0.044698 0.998982 -0.006072 0.438922 0.112732 0.011083 0.993563 86.761951
0.991745 0.048189 -0.118823 -79.096892 -0.049142 0.998779 -0.005102 0.427344 0.118432 0.010899 0.992901 87.604440
0.991046 0.049722 -0.123913 -79.219835 -0.050786 0.998695 -0.005446 0.416261 0.123480 0.011690 0.992277 88.497611
0.990554 0.044829 -0.129584 -79.339306 -0.046153 0.998908 -0.007230 0.399336 0.129118 0.013143 0.991541 89.326503
0.989928 0.036581 -0.136758 -79.464423 -0.037955 0.999252 -0.007449 0.388386 0.136383 0.012565 0.990576 90.136448
0.989000 0.033600 -0.144046 -79.588307 -0.035156 0.999348 -0.008265 0.379018 0.143674 0.013238 0.989536 90.896889
0.987436 0.035847 -0.153898 -79.722599 -0.037473 0.999268 -0.007680 0.371667 0.153510 0.013351 0.988056 91.654021
0.985378 0.040761 -0.165431 -79.868345 -0.042586 0.999065 -0.007497 0.363910 0.164970 0.014433 0.986192 92.423439
0.983006 0.047275 -0.177382 -80.038082 -0.049024 0.998783 -0.005492 0.351190 0.176906 0.014095 0.984126 93.255411
0.980742 0.049728 -0.188868 -80.206387 -0.051387 0.998671 -0.003894 0.336117 0.188423 0.013525 0.981994 94.026618
0.979090 0.044326 -0.198536 -80.400282 -0.045062 0.998984 0.000809 0.320827 0.198370 0.008154 0.980092 94.867635
0.977425 0.032988 -0.208688 -80.606313 -0.033658 0.999433 0.000338 0.308898 0.208580 0.006694 0.977981 95.742204
0.975167 0.026648 -0.219860 -80.840788 -0.027719 0.999614 -0.001787 0.298456 0.219727 0.007837 0.975529 96.710743
0.972088 0.030525 -0.232619 -81.065730 -0.032941 0.999436 -0.006507 0.283137 0.232289 0.013988 0.972545 97.589057
0.968993 0.036849 -0.244323 -81.300009 -0.040339 0.999143 -0.009295 0.264995 0.243771 0.018863 0.969649 98.454380
0.966040 0.040230 -0.255239 -81.527704 -0.044879 0.998915 -0.012417 0.246375 0.254463 0.023450 0.966797 99.263524
0.963362 0.036858 -0.265659 -81.763827 -0.041754 0.999046 -0.012801 0.222358 0.264933 0.023424 0.963981 100.054141
0.960962 0.031356 -0.274896 -82.000797 -0.035786 0.999298 -0.011114 0.200014 0.274355 0.020517 0.961409 100.815314
0.959204 0.023297 -0.281753 -82.239135 -0.027847 0.999538 -0.012155 0.175875 0.281340 0.019505 0.959409 101.583572
0.957572 0.017054 -0.287687 -82.475093 -0.021375 0.999701 -0.011884 0.156258 0.287398 0.017529 0.957650 102.324639
0.955435 0.015388 -0.294797 -82.721007 -0.019543 0.999747 -0.011156 0.139904 0.294551 0.016420 0.955494 103.072866
0.953056 0.017207 -0.302305 -82.986305 -0.020076 0.999778 -0.006385 0.128295 0.302127 0.012155 0.953189 103.843463
0.950510 0.019144 -0.310101 -83.254529 -0.022844 0.999705 -0.008304 0.116016 0.309850 0.014977 0.950667 104.629223
0.948045 0.025202 -0.317135 -83.519624 -0.029844 0.999507 -0.009787 0.101055 0.316732 0.018743 0.948329 105.386880
0.945698 0.033543 -0.323310 -83.817731 -0.039180 0.999172 -0.010939 0.081082 0.322676 0.023013 0.946229 106.224411
0.943615 0.041749 -0.328400 -84.120267 -0.046203 0.998915 -0.005770 0.060080 0.327802 0.020618 0.944520 107.040319
0.942284 0.041197 -0.332269 -84.430018 -0.042908 0.999077 0.002189 0.040736 0.332052 0.012194 0.943181 107.853957
0.941590 0.033449 -0.335096 -84.736251 -0.034555 0.999399 0.002664 0.021178 0.334984 0.009071 0.942179 108.685045
0.940642 0.025293 -0.338457 -85.015072 -0.026769 0.999642 0.000306 0.012404 0.338343 0.008772 0.940981 109.440325
0.939339 0.025174 -0.342063 -85.296971 -0.026317 0.999653 0.001299 0.011952 0.341976 0.007782 0.939675 110.184322
0.937548 0.030754 -0.346492 -85.602175 -0.031618 0.999495 0.003159 0.013263 0.346414 0.007994 0.938047 110.977027
0.935544 0.034667 -0.351502 -85.914611 -0.036096 0.999345 0.002489 0.003278 0.351358 0.010359 0.936183 111.782100
0.933971 0.031265 -0.355978 -86.234049 -0.033439 0.999441 0.000047 -0.013238 0.355781 0.011860 0.934493 112.595120
0.931994 0.025393 -0.361581 -86.565856 -0.027255 0.999628 -0.000050 -0.027368 0.361445 0.009901 0.932340 113.418728
0.930469 0.019164 -0.365867 -86.876917 -0.020434 0.999791 0.000400 -0.039243 0.365798 0.007104 0.930666 114.179892
0.928996 0.018368 -0.369632 -87.175082 -0.019232 0.999814 0.001347 -0.047955 0.369588 0.005858 0.929176 114.898496
0.927593 0.022537 -0.372910 -87.475682 -0.023455 0.999723 0.002078 -0.058301 0.372854 0.006819 0.927864 115.616709
0.926038 0.024541 -0.376631 -87.790602 -0.025243 0.999677 0.003073 -0.071098 0.376585 0.006662 0.926357 116.359594
0.924252 0.025277 -0.380944 -88.116130 -0.025610 0.999663 0.004195 -0.084411 0.380921 0.005879 0.924588 117.116307
0.922579 0.023904 -0.385065 -88.436243 -0.024336 0.999697 0.003751 -0.097465 0.385038 0.005910 0.922881 117.858167
0.920901 0.022635 -0.389139 -88.751343 -0.023144 0.999726 0.003381 -0.107081 0.389108 0.005892 0.921172 118.578770
0.919308 0.022938 -0.392868 -89.061311 -0.023528 0.999718 0.003315 -0.119040 0.392833 0.006196 0.919588 119.278646
0.917651 0.024000 -0.396662 -89.379555 -0.024185 0.999697 0.004535 -0.130213 0.396650 0.005432 0.917953 119.984266
0.916137 0.023781 -0.400159 -89.679593 -0.024038 0.999701 0.004378 -0.141943 0.400143 0.005609 0.916434 120.646391
0.914971 0.019263 -0.403059 -89.997719 -0.019845 0.999799 0.002733 -0.155865 0.403031 0.005498 0.915169 121.346189
0.913498 0.014745 -0.406574 -90.318573 -0.015656 0.999877 0.001087 -0.172931 0.406540 0.005372 0.913616 122.044707
0.912071 0.012293 -0.409847 -90.650320 -0.013016 0.999915 0.001026 -0.181724 0.409824 0.004398 0.912153 122.757022
0.910724 0.015520 -0.412723 -90.970725 -0.016586 0.999862 0.000998 -0.182391 0.412681 0.005937 0.910855 123.446108
0.909698 0.022537 -0.414658 -91.302545 -0.024536 0.999699 0.000506 -0.183749 0.414544 0.009714 0.909977 124.161490
0.908478 0.029898 -0.416860 -91.639593 -0.033577 0.999435 -0.001493 -0.190241 0.416580 0.015353 0.908969 124.886156
0.907190 0.032517 -0.419461 -91.970338 -0.038099 0.999262 -0.004935 -0.205739 0.418991 0.020458 0.907759 125.592875
0.905797 0.030615 -0.422604 -92.310097 -0.037808 0.999248 -0.008649 -0.227726 0.422021 0.023812 0.906272 126.311732
0.904622 0.027674 -0.425314 -92.652021 -0.034458 0.999372 -0.008265 -0.247785 0.424818 0.022132 0.905007 127.020375
0.903597 0.024893 -0.427659 -92.971131 -0.031651 0.999461 -0.008700 -0.264918 0.427212 0.021397 0.903897 127.680971
0.902681 0.023271 -0.429678 -93.273819 -0.030550 0.999483 -0.010050 -0.278916 0.429222 0.022199 0.902925 128.307082
0.901946 0.022392 -0.431268 -93.574471 -0.030214 0.999480 -0.011296 -0.291926 0.430790 0.023219 0.902152 128.925382
0.901016 0.023497 -0.433148 -93.870994 -0.031163 0.999458 -0.010607 -0.303445 0.432663 0.023055 0.901260 129.526647
0.900285 0.024569 -0.434605 -94.155613 -0.032641 0.999405 -0.011119 -0.317382 0.434073 0.024196 0.900552 130.104420
0.899415 0.024636 -0.436400 -94.434488 -0.033358 0.999367 -0.012334 -0.333150 0.435820 0.025651 0.899667 130.668144
0.898488 0.024859 -0.438293 -94.705764 -0.034073 0.999333 -0.013167 -0.349716 0.437673 0.026765 0.898735 131.211065
0.897752 0.024690 -0.439807 -94.969602 -0.033892 0.999340 -0.013082 -0.367789 0.439193 0.026651 0.897996 131.734345
0.897028 0.023255 -0.441360 -95.223692 -0.030619 0.999485 -0.009568 -0.384163 0.440910 0.022096 0.897278 132.227030
0.895825 0.019531 -0.443976 -95.454524 -0.026294 0.999613 -0.009080 -0.393780 0.443626 0.019808 0.895992 132.676186
0.893947 0.015986 -0.447887 -95.666124 -0.024000 0.999637 -0.012221 -0.401129 0.447529 0.021674 0.894006 133.091374
0.891801 0.013783 -0.452216 -95.862839 -0.024465 0.999543 -0.017781 -0.411593 0.451764 0.026920 0.891730 133.477798
0.888978 0.015362 -0.457692 -96.065311 -0.026345 0.999498 -0.017623 -0.421480 0.457191 0.027724 0.888935 133.851707
0.885850 0.018080 -0.463618 -96.270454 -0.028040 0.999500 -0.014598 -0.428877 0.463122 0.025932 0.885914 134.216305
0.882810 0.023228 -0.469155 -96.489744 -0.032028 0.999429 -0.010787 -0.434352 0.468636 0.024549 0.883049 134.600924
0.879041 0.029616 -0.475824 -96.690161 -0.038902 0.999196 -0.009676 -0.443090 0.475155 0.027016 0.879486 134.950176
0.874487 0.032669 -0.483947 -96.874140 -0.043019 0.999021 -0.010296 -0.453929 0.483136 0.029822 0.875036 135.262993
0.869846 0.031249 -0.492332 -97.041028 -0.043535 0.998961 -0.013511 -0.463547 0.491397 0.033186 0.870302 135.542005
0.864245 0.030284 -0.502158 -97.208713 -0.043982 0.998913 -0.015453 -0.474185 0.501144 0.035441 0.864637 135.808301
0.856742 0.029609 -0.514895 -97.382430 -0.045036 0.998832 -0.017498 -0.480559 0.513775 0.038180 0.857074 136.069967
0.847626 0.029575 -0.529768 -97.561076 -0.045968 0.998784 -0.017790 -0.486245 0.528598 0.039431 0.847955 136.320518
0.836708 0.029942 -0.546829 -97.748466 -0.046143 0.998808 -0.015914 -0.495011 0.545701 0.038548 0.837092 136.563869
0.824183 0.027823 -0.565639 -97.952185 -0.043851 0.998929 -0.014759 -0.505872 0.564622 0.036968 0.824520 136.814724
0.810497 0.024570 -0.585227 -98.151418 -0.039455 0.999141 -0.012695 -0.510234 0.584412 0.033379 0.810769 137.041301
0.796209 0.020680 -0.604667 -98.344619 -0.035312 0.999300 -0.012321 -0.514943 0.603989 0.031162 0.796382 137.250345
0.781946 0.019248 -0.623048 -98.511829 -0.032271 0.999433 -0.009626 -0.520355 0.622509 0.027633 0.782124 137.410998
0.767108 0.020466 -0.641190 -98.672483 -0.031231 0.999497 -0.005462 -0.524784 0.640756 0.024215 0.767362 137.554001
0.751825 0.021926 -0.658998 -98.823865 -0.031451 0.999502 -0.002627 -0.526148 0.658612 0.022701 0.752139 137.683922
0.735687 0.021272 -0.676987 -98.981854 -0.032239 0.999473 -0.003629 -0.526647 0.676553 0.024495 0.735985 137.818196
0.717303 0.020610 -0.696456 -99.162629 -0.033263 0.999436 -0.004683 -0.526132 0.695966 0.026525 0.717583 137.963123
0.695996 0.021166 -0.717733 -99.375909 -0.035581 0.999354 -0.005033 -0.526184 0.717162 0.029041 0.696300 138.123444
0.672036 0.024445 -0.740114 -99.629274 -0.038887 0.999241 -0.002307 -0.527220 0.739495 0.030332 0.672476 138.301341
0.648776 0.027561 -0.760479 -99.903959 -0.042240 0.999107 0.000173 -0.526534 0.759805 0.032010 0.649361 138.487690
0.624615 0.030205 -0.780347 -100.184222 -0.044148 0.999019 0.003332 -0.526798 0.779682 0.032370 0.625336 138.662889
0.598812 0.032044 -0.800248 -100.483361 -0.045502 0.998946 0.005952 -0.525440 0.799595 0.032849 0.599639 138.836535
0.571363 0.037043 -0.819860 -100.797569 -0.047887 0.998783 0.011755 -0.521799 0.819298 0.032544 0.572441 139.000977
0.542498 0.040099 -0.839099 -101.128213 -0.049978 0.998631 0.015411 -0.519301 0.838568 0.033576 0.543759 139.165146
0.512140 0.041242 -0.857911 -101.476327 -0.049780 0.998593 0.018288 -0.514020 0.857457 0.033341 0.513472 139.322285
0.480019 0.041576 -0.876272 -101.884054 -0.047300 0.998650 0.021472 -0.505652 0.875981 0.031140 0.481337 139.492139
0.444715 0.041223 -0.894722 -102.326409 -0.043859 0.998744 0.024216 -0.495328 0.894597 0.028472 0.445964 139.657222
0.406290 0.042102 -0.912773 -102.821968 -0.041990 0.998743 0.027376 -0.481862 0.912778 0.027205 0.407547 139.821400
0.364399 0.044363 -0.930185 -103.356737 -0.042107 0.998628 0.031131 -0.469095 0.930289 0.027823 0.365767 139.970532
0.320692 0.045899 -0.946070 -103.890908 -0.042032 0.998531 0.034197 -0.455055 0.946249 0.028798 0.322150 140.090902
0.272670 0.045339 -0.961038 -104.431458 -0.040918 0.998532 0.035498 -0.438299 0.961236 0.029645 0.274125 140.182801
0.223860 0.044967 -0.973583 -104.940093 -0.039621 0.998529 0.037009 -0.420546 0.973815 0.030290 0.225312 140.239846
0.175216 0.046660 -0.983423 -105.473339 -0.039617 0.998401 0.040312 -0.400953 0.983732 0.031897 0.176784 140.274831
0.122277 0.047925 -0.991338 -106.077493 -0.040905 0.998228 0.043212 -0.375464 0.991652 0.035267 0.124021 140.287046
0.071111 0.047164 -0.996352 -106.669513 -0.042022 0.998136 0.044249 -0.350233 0.996582 0.038722 0.072960 140.272002
0.018271 0.045550 -0.998794 -107.313745 -0.042792 0.998082 0.044735 -0.323444 0.998916 0.041923 0.020185 140.225056
-0.033996 0.042283 -0.998527 -107.930747 -0.042845 0.998124 0.043725 -0.295190 0.998502 0.044269 -0.032120 140.147856
-0.086443 0.040194 -0.995445 -108.632571 -0.043590 0.998076 0.044085 -0.268933 0.995302 0.047202 -0.084525 140.028555
-0.137575 0.036613 -0.989814 -109.321024 -0.044137 0.998097 0.043054 -0.240089 0.989506 0.049611 -0.135697 139.876050
-0.190338 0.030592 -0.981241 -109.858354 -0.043380 0.998276 0.039537 -0.219609 0.980758 0.050092 -0.188683 139.715235
-0.239838 0.026374 -0.970454 -110.434000 -0.042101 0.998408 0.037538 -0.199735 0.969898 0.049861 -0.238345 139.516444
-0.287451 0.023017 -0.957518 -110.997697 -0.041305 0.998483 0.036402 -0.179647 0.956903 0.050014 -0.286065 139.290255
-0.332588 0.019721 -0.942865 -111.551806 -0.039464 0.998614 0.034808 -0.158484 0.942245 0.048786 -0.331349 139.040338
-0.374147 0.017642 -0.927201 -112.155021 -0.037509 0.998713 0.034139 -0.138992 0.926609 0.047551 -0.373004 138.744069
-0.412162 0.015802 -0.910973 -112.848355 -0.035647 0.998804 0.033454 -0.116712 0.910412 0.046262 -0.411106 138.380466
-0.443538 0.012858 -0.896162 -113.511511 -0.034182 0.998927 0.031251 -0.097552 0.895602 0.044494 -0.442623 138.010092
-0.470931 0.011584 -0.882093 -114.112719 -0.032497 0.999007 0.030468 -0.077140 0.881570 0.043014 -0.470086 137.650486
-0.491463 0.012825 -0.870803 -114.683689 -0.030657 0.999017 0.032015 -0.053504 0.870357 0.042431 -0.490587 137.295386
-0.508129 0.014907 -0.861151 -115.265652 -0.028485 0.999012 0.034101 -0.028750 0.860808 0.041858 -0.507202 136.922966
-0.521397 0.016529 -0.853154 -115.812892 -0.027820 0.998951 0.036355 -0.004602 0.852860 0.042690 -0.520390 136.563429
-0.532164 0.015691 -0.846495 -116.355955 -0.027164 0.998997 0.035596 0.020816 0.846204 0.041937 -0.531204 136.204642
-0.541916 0.014897 -0.840300 -116.911135 -0.026882 0.999024 0.035048 0.046171 0.840002 0.041582 -0.540986 135.830188
-0.549415 0.013200 -0.835445 -117.507188 -0.027217 0.999062 0.033683 0.069308 0.835105 0.041245 -0.548540 135.425595
