0.999999 0.001645 0.000234 -0.007685 -0.001645 0.999994 0.002959 -0.015113 -0.000229 -0.002960 0.999996 0.763528
0.999998 0.001780 0.000487 -0.015081 -0.001783 0.999983 0.005628 -0.027409 -0.000477 -0.005629 0.999984 1.506164
0.999999 0.001087 0.000954 -0.019186 -0.001093 0.999976 0.006840 -0.037421 -0.000946 -0.006841 0.999976 2.237069
0.999999 0.000377 0.001259 -0.023733 -0.000389 0.999958 0.009139 -0.046831 -0.001255 -0.009139 0.999957 2.938419
0.999998 -0.000130 0.001911 -0.025131 0.000112 0.999954 0.009572 -0.053839 -0.001912 -0.009572 0.999952 3.637226
0.999997 0.000476 0.002257 -0.026284 -0.000497 0.999954 0.009536 -0.058540 -0.002252 -0.009538 0.999952 4.326989
0.999991 0.002886 0.003051 -0.026958 -0.002918 0.999942 0.010405 -0.060044 -0.003020 -0.010414 0.999941 5.001014
0.999968 0.006640 0.004434 -0.024556 -0.006684 0.999929 0.009889 -0.064222 -0.004368 -0.009919 0.999941 5.644980
0.999935 0.009825 0.005844 -0.020939 -0.009877 0.999911 0.009012 -0.071715 -0.005755 -0.009070 0.999942 6.270630
0.999907 0.011762 0.006885 -0.017502 -0.011818 0.999898 0.008075 -0.079693 -0.006789 -0.008155 0.999944 6.886029
0.999906 0.011394 0.007655 -0.015588 -0.011458 0.999899 0.008385 -0.088455 -0.007558 -0.008472 0.999936 7.464816
0.999926 0.008548 0.008609 -0.013363 -0.008626 0.999922 0.009075 -0.095181 -0.008531 -0.009148 0.999922 8.016437
0.999937 0.005482 0.009753 -0.009064 -0.005570 0.999944 0.008956 -0.101272 -0.009703 -0.009010 0.999912 8.528307
0.999927 0.003858 0.011447 -0.000247 -0.003942 0.999965 0.007331 -0.107655 -0.011418 -0.007375 0.999908 9.013769
0.999908 0.001217 0.013537 0.012093 -0.001266 0.999993 0.003605 -0.115397 -0.013533 -0.003622 0.999902 9.482438
0.999881 -0.000097 0.015438 0.020675 0.000070 0.999999 0.001731 -0.125814 -0.015438 -0.001730 0.999879 9.913809
0.999839 -0.002238 0.017780 0.021264 0.002130 0.999979 0.006057 -0.134392 -0.017793 -0.006018 0.999824 10.313794
0.999777 -0.003367 0.020842 0.024817 0.003149 0.999940 0.010499 -0.138173 -0.020876 -0.010431 0.999728 10.693407
0.999705 -0.002612 0.024160 0.034977 0.002342 0.999934 0.011229 -0.140533 -0.024187 -0.011169 0.999645 11.032803
0.999633 -0.002126 0.027005 0.052332 0.001935 0.999973 0.007118 -0.143455 -0.027019 -0.007063 0.999610 11.349706
0.999562 -0.002363 0.029507 0.070536 0.002302 0.999995 0.002120 -0.145420 -0.029512 -0.002051 0.999562 11.639599
0.999487 -0.001286 0.032014 0.086381 0.001333 0.999998 -0.001442 -0.150456 -0.032012 0.001484 0.999486 11.905136
0.999398 -0.000321 0.034678 0.096849 0.000376 0.999999 -0.001577 -0.159192 -0.034678 0.001589 0.999397 12.131664
0.999323 -0.001432 0.036771 0.105568 0.001465 0.999999 -0.000867 -0.165616 -0.036770 0.000920 0.999323 12.339900
0.999244 -0.003103 0.038764 0.113410 0.003098 0.999995 0.000178 -0.171002 -0.038765 -0.000058 0.999248 12.524095
0.999143 -0.003990 0.041193 0.120321 0.003902 0.999990 0.002203 -0.177379 -0.041201 -0.002041 0.999149 12.708906
0.999066 -0.004674 0.042957 0.125830 0.004473 0.999979 0.004775 -0.184982 -0.042978 -0.004578 0.999066 12.884604
0.998999 -0.006214 0.044295 0.133083 0.005954 0.999964 0.005997 -0.191507 -0.044331 -0.005727 0.999001 13.047795
0.998913 -0.007828 0.045946 0.144498 0.007624 0.999960 0.004595 -0.195310 -0.045980 -0.004240 0.998934 13.205460
0.998840 -0.009267 0.047249 0.155785 0.009150 0.999955 0.002679 -0.198743 -0.047272 -0.002244 0.998880 13.353148
0.998771 -0.010237 0.048500 0.165323 0.010158 0.999947 0.001876 -0.202908 -0.048517 -0.001381 0.998822 13.491909
0.998677 -0.011527 0.050115 0.173507 0.011413 0.999932 0.002576 -0.207325 -0.050141 -0.002000 0.998740 13.633883
0.998589 -0.013590 0.051337 0.180496 0.013426 0.999904 0.003529 -0.211844 -0.051380 -0.002835 0.998675 13.765667
0.998516 -0.015712 0.052145 0.188991 0.015567 0.999874 0.003204 -0.216467 -0.052189 -0.002387 0.998635 13.902690
0.998446 -0.017953 0.052763 0.197745 0.017865 0.999838 0.002138 -0.220045 -0.052793 -0.001192 0.998605 14.039575
0.998436 -0.019968 0.052221 0.204738 0.019941 0.999801 0.001033 -0.221656 -0.052232 0.000010 0.998635 14.178345
0.998537 -0.021090 0.049778 0.209822 0.021115 0.999777 0.000027 -0.224654 -0.049768 0.001024 0.998760 14.329531
0.998669 -0.022140 0.046586 0.211914 0.022173 0.999754 -0.000182 -0.227852 -0.046571 0.001215 0.998914 14.471944
0.998835 -0.023276 0.042267 0.212393 0.023305 0.999728 -0.000205 -0.230453 -0.042250 0.001190 0.999106 14.621681
0.999030 -0.024452 0.036609 0.210921 0.024479 0.999700 -0.000277 -0.232023 -0.036592 0.001173 0.999330 14.766386
0.999230 -0.025165 0.030090 0.207532 0.025198 0.999682 -0.000713 -0.233684 -0.030062 0.001470 0.999547 14.909019
0.999406 -0.025845 0.022781 0.201882 0.025879 0.999664 -0.001223 -0.235846 -0.022742 0.001812 0.999740 15.051981
0.999527 -0.026923 0.014836 0.195009 0.026948 0.999636 -0.001450 -0.236954 -0.014792 0.001849 0.999889 15.201198
0.999587 -0.028318 0.004888 0.186614 0.028333 0.999594 -0.003016 -0.238136 -0.004801 0.003153 0.999984 15.347814
0.999517 -0.030013 -0.007988 0.173775 0.029972 0.999537 -0.005188 -0.239720 0.008140 0.004946 0.999955 15.496199
0.999200 -0.031978 -0.023999 0.153316 0.031826 0.999471 -0.006714 -0.241400 0.024201 0.005944 0.999689 15.654007
0.998522 -0.033051 -0.043132 0.124456 0.032763 0.999436 -0.007359 -0.243717 0.043351 0.005935 0.999042 15.829700
0.997354 -0.032773 -0.064894 0.086976 0.032358 0.999449 -0.007442 -0.246904 0.065102 0.005322 0.997864 16.018818
0.995566 -0.031211 -0.088732 0.040362 0.030649 0.999501 -0.007685 -0.252091 0.088927 0.004931 0.996026 16.230926
0.992866 -0.029746 -0.115461 -0.015341 0.029029 0.999547 -0.007888 -0.256003 0.115644 0.004480 0.993281 16.444923
0.988994 -0.027871 -0.145309 -0.082373 0.027038 0.999605 -0.007704 -0.259963 0.145466 0.003690 0.989356 16.666097
0.983667 -0.025010 -0.178254 -0.163502 0.023832 0.999678 -0.008750 -0.264631 0.178415 0.004359 0.983946 16.901654
0.976160 -0.021209 -0.216012 -0.264889 0.019425 0.999757 -0.010378 -0.267712 0.216180 0.005934 0.976335 17.161630
0.966661 -0.016384 -0.255534 -0.378894 0.014269 0.999847 -0.010131 -0.271149 0.255661 0.006147 0.966747 17.410565
0.955098 -0.011867 -0.296053 -0.509331 0.009959 0.999919 -0.007955 -0.275837 0.296123 0.004650 0.955138 17.666319
0.941232 -0.007457 -0.337677 -0.655253 0.005827 0.999966 -0.005839 -0.282450 0.337709 0.003528 0.941244 17.921487
0.924853 -0.002729 -0.380315 -0.819070 0.000805 0.999986 -0.005217 -0.286658 0.380324 0.004519 0.924842 18.182955
0.906075 0.003505 -0.423103 -0.999144 -0.005950 0.999972 -0.004457 -0.290797 0.423076 0.006556 0.906071 18.443981
0.884655 0.009287 -0.466153 -1.199455 -0.011652 0.999930 -0.002191 -0.295786 0.466100 0.007370 0.884701 18.703239
0.860176 0.013946 -0.509807 -1.427504 -0.015244 0.999882 0.001631 -0.301949 0.509770 0.006369 0.860287 18.970386
0.832870 0.017030 -0.553207 -1.671096 -0.017263 0.999839 0.004791 -0.307218 0.553200 0.005560 0.833030 19.228439
0.802875 0.019510 -0.595828 -1.933684 -0.017353 0.999806 0.009355 -0.310134 0.595895 0.002828 0.803058 19.478200
0.769888 0.022051 -0.637797 -2.215674 -0.018247 0.999755 0.012539 -0.307744 0.637917 0.001984 0.770102 19.721893
0.733866 0.025967 -0.678797 -2.525499 -0.019974 0.999662 0.016647 -0.305535 0.679000 0.001342 0.734137 19.960797
0.695917 0.027145 -0.717609 -2.847553 -0.020115 0.999630 0.018305 -0.301659 0.717840 0.001696 0.696206 20.185858
0.656047 0.026367 -0.754259 -3.200527 -0.018907 0.999650 0.018500 -0.296552 0.754483 0.002124 0.656316 20.413020
0.614137 0.024007 -0.788834 -3.580744 -0.018320 0.999701 0.016161 -0.291703 0.788986 0.004527 0.614394 20.634932
0.569714 0.023348 -0.821511 -3.997035 -0.018451 0.999708 0.015617 -0.289494 0.821636 0.006261 0.569979 20.848717
0.523642 0.024416 -0.851588 -4.436560 -0.018766 0.999677 0.017123 -0.284812 0.851732 0.007015 0.523931 21.045681
0.476226 0.023144 -0.879018 -4.897191 -0.017445 0.999706 0.016871 -0.280308 0.879150 0.007300 0.476489 21.224785
0.424855 0.020284 -0.905034 -5.377940 -0.015960 0.999761 0.014915 -0.274694 0.905121 0.008108 0.425077 21.380133
0.372205 0.017984 -0.927976 -5.883784 -0.014675 0.999801 0.013490 -0.269027 0.928034 0.008597 0.372395 21.514050
0.319257 0.017448 -0.947507 -6.417478 -0.012535 0.999821 0.014188 -0.259765 0.947585 0.007347 0.319419 21.625186
0.266615 0.020656 -0.963581 -6.983627 -0.017264 0.999712 0.016654 -0.249490 0.963648 0.012195 0.266895 21.715700
0.215396 0.021908 -0.976281 -7.584140 -0.021644 0.999610 0.017656 -0.242995 0.976287 0.017328 0.215786 21.787199
0.167544 0.019402 -0.985673 -8.200303 -0.022202 0.999627 0.015903 -0.238467 0.985615 0.019220 0.167912 21.839132
0.123041 0.019777 -0.992204 -8.824765 -0.022189 0.999606 0.017172 -0.233352 0.992153 0.019903 0.123432 21.865489
0.082715 0.020624 -0.996360 -9.425722 -0.019340 0.999631 0.019086 -0.225855 0.996386 0.017691 0.083083 21.868524
0.045719 0.022131 -0.998709 -10.027142 -0.014254 0.999667 0.021500 -0.211532 0.998853 0.013252 0.046019 21.850855
0.017276 0.025554 -0.999524 -10.703521 -0.013196 0.999592 0.025328 -0.189482 0.999764 0.012753 0.017606 21.825346
-0.003782 0.027853 -0.999604 -11.413130 -0.016745 0.999470 0.027912 -0.171344 0.999853 0.016844 -0.003314 21.794167
-0.017139 0.026805 -0.999493 -12.174671 -0.022458 0.999378 0.027187 -0.157226 0.999601 0.022913 -0.016526 21.764547
-0.025067 0.027782 -0.999299 -12.968180 -0.025083 0.999282 0.028410 -0.145301 0.999371 0.025777 -0.024352 21.732201
-0.029213 0.027505 -0.999194 -13.779933 -0.021724 0.999368 0.028145 -0.130354 0.999337 0.022529 -0.028597 21.704307
-0.029127 0.019675 -0.999382 -14.603368 -0.017340 0.999646 0.020186 -0.117692 0.999425 0.017917 -0.028775 21.690785
-0.024567 0.007464 -0.999670 -15.480785 -0.015683 0.999846 0.007850 -0.115281 0.999575 0.015871 -0.024446 21.685820
-0.018910 0.006781 -0.999798 -16.358999 -0.015983 0.999847 0.007083 -0.117154 0.999693 0.016113 -0.018799 21.672810
-0.013942 0.008593 -0.999865 -17.248415 -0.014526 0.999856 0.008795 -0.122298 0.999797 0.014647 -0.013815 21.660283
-0.010823 0.005034 -0.999928 -18.148530 -0.007960 0.999955 0.005121 -0.125957 0.999910 0.008015 -0.010783 21.654473
-0.008696 0.007608 -0.999933 -19.023458 0.003100 0.999966 0.007581 -0.125104 0.999957 -0.003034 -0.008719 21.641632
-0.008148 0.015145 -0.999852 -19.907126 0.011073 0.999825 0.015054 -0.120813 0.999905 -0.010949 -0.008315 21.621244
-0.009514 0.020527 -0.999744 -20.791096 0.013438 0.999702 0.020398 -0.108410 0.999864 -0.013241 -0.009787 21.598518
-0.013177 0.029547 -0.999476 -21.704045 0.006996 0.999541 0.029457 -0.087101 0.999888 -0.006604 -0.013378 21.566118
-0.018236 0.034283 -0.999245 -22.644358 -0.001020 0.999411 0.034307 -0.055591 0.999833 0.001645 -0.018190 21.531995
-0.022766 0.035767 -0.999100 -23.627621 -0.010645 0.999294 0.036016 -0.023093 0.999684 0.011455 -0.022369 21.496829
-0.024908 0.036754 -0.999013 -24.650894 -0.020489 0.999095 0.037268 0.010135 0.999479 0.021397 -0.024132 21.463439
-0.026500 0.034694 -0.999046 -25.708222 -0.028010 0.998979 0.035434 0.035370 0.999256 0.028922 -0.025501 21.431805
-0.027996 0.034339 -0.999018 -26.759515 -0.028692 0.998970 0.035142 0.056751 0.999196 0.029648 -0.026982 21.396674
-0.029752 0.035656 -0.998921 -27.824606 -0.025987 0.998998 0.036433 0.079152 0.999219 0.027043 -0.028796 21.356365
-0.032480 0.035863 -0.998828 -28.886923 -0.021040 0.999110 0.036558 0.099655 0.999251 0.022203 -0.031696 21.312747
-0.037105 0.035922 -0.998665 -29.939240 -0.015642 0.999210 0.036523 0.121375 0.999189 0.016976 -0.036514 21.263622
-0.042850 0.036467 -0.998415 -30.981051 -0.010681 0.999260 0.036956 0.146673 0.999024 0.012248 -0.042429 21.206582
-0.049801 0.038188 -0.998028 -32.020015 -0.008039 0.999221 0.038635 0.177545 0.998726 0.009947 -0.049455 21.140665
-0.056245 0.038217 -0.997685 -33.071080 -0.010323 0.999191 0.038857 0.206452 0.998363 0.012485 -0.055805 21.069291
-0.062776 0.039619 -0.997240 -34.142849 -0.015327 0.999056 0.040655 0.234154 0.997909 0.017837 -0.062109 20.988013
-0.069003 0.042376 -0.996716 -35.221882 -0.018221 0.998877 0.043729 0.265479 0.997450 0.021178 -0.068154 20.898446
-0.073609 0.045723 -0.996238 -36.305591 -0.020490 0.998668 0.047348 0.301727 0.997076 0.023898 -0.072574 20.804249
-0.076449 0.050519 -0.995792 -37.394593 -0.022134 0.998383 0.052350 0.341542 0.996827 0.026043 -0.075207 20.706944
-0.078204 0.054626 -0.995439 -38.482866 -0.023747 0.998112 0.056639 0.383931 0.996654 0.028068 -0.076759 20.610534
-0.079832 0.055960 -0.995236 -39.571120 -0.023400 0.998042 0.057995 0.426281 0.996533 0.027918 -0.078366 20.515146
-0.081246 0.056204 -0.995108 -40.664277 -0.022670 0.998046 0.058221 0.471002 0.996436 0.027290 -0.079814 20.419298
-0.082484 0.057326 -0.994942 -41.725830 -0.022147 0.997992 0.059337 0.514427 0.996346 0.026929 -0.081049 20.323246
-0.083296 0.059394 -0.994753 -42.830449 -0.021593 0.997880 0.061389 0.562128 0.996290 0.026593 -0.081837 20.221201
-0.083994 0.064177 -0.994397 -43.917012 -0.019516 0.997626 0.066034 0.613142 0.996275 0.024953 -0.082542 20.116570
-0.083815 0.069845 -0.994030 -44.997097 -0.015011 0.997339 0.071343 0.671963 0.996368 0.020901 -0.082544 20.013773
-0.083035 0.071166 -0.994002 -46.094964 -0.014805 0.997248 0.072635 0.735123 0.996436 0.020748 -0.081753 19.916805
-0.081833 0.071474 -0.994079 -47.199762 -0.019204 0.997127 0.073274 0.799666 0.996460 0.025086 -0.080225 19.822749
-0.080570 0.071188 -0.994203 -48.311744 -0.022485 0.997062 0.073214 0.862406 0.996495 0.028253 -0.078732 19.730609
-0.079126 0.069026 -0.994471 -49.429111 -0.022064 0.997234 0.070973 0.921440 0.996620 0.027557 -0.077385 19.642695
-0.076611 0.068460 -0.994707 -50.544960 -0.021473 0.997295 0.070292 0.980698 0.996829 0.026745 -0.074934 19.555741
-0.072687 0.072408 -0.994722 -51.665855 -0.022551 0.996987 0.074220 1.045222 0.997099 0.027827 -0.070835 19.467254
-0.067314 0.076978 -0.994757 -52.786647 -0.023990 0.996606 0.078744 1.115388 0.997443 0.029164 -0.065239 19.386412
-0.061627 0.079964 -0.994890 -53.902410 -0.024433 0.996366 0.081596 1.187736 0.997800 0.029336 -0.059450 19.315118
-0.056191 0.081035 -0.995125 -55.028620 -0.024184 0.996298 0.082496 1.261496 0.998127 0.028702 -0.054024 19.252801
-0.050975 0.080411 -0.995457 -56.151158 -0.023695 0.996375 0.081699 1.335100 0.998418 0.027752 -0.048885 19.199570
-0.046034 0.078536 -0.995847 -57.292656 -0.023809 0.996535 0.079691 1.406332 0.998656 0.027379 -0.044005 19.151827
-0.041258 0.077341 -0.996150 -58.435875 -0.024863 0.996611 0.078406 1.477503 0.998839 0.028002 -0.039196 19.108554
-0.036256 0.075809 -0.996462 -59.595487 -0.026761 0.996687 0.076800 1.548164 0.998984 0.029451 -0.034107 19.070278
-0.031128 0.076143 -0.996610 -60.770930 -0.028333 0.996626 0.077029 1.619513 0.999113 0.030634 -0.028866 19.034891
-0.026305 0.075231 -0.996819 -61.948865 -0.027953 0.996719 0.075961 1.687290 0.999262 0.029862 -0.024115 19.005642
-0.021721 0.075419 -0.996915 -63.120304 -0.023722 0.996831 0.075929 1.754025 0.999482 0.025298 -0.019863 18.979942
-0.017507 0.075166 -0.997017 -64.275733 -0.018432 0.996976 0.075486 1.823247 0.999676 0.019699 -0.016068 18.960241
-0.014050 0.074772 -0.997101 -65.445058 -0.018352 0.997012 0.075024 1.890573 0.999732 0.019353 -0.012636 18.943123
-0.011362 0.073789 -0.997209 -66.628332 -0.021150 0.997032 0.074016 1.957769 0.999711 0.021932 -0.009767 18.928678
-0.009573 0.073819 -0.997225 -67.825159 -0.020796 0.997041 0.074005 2.026607 0.999737 0.021447 -0.008009 18.913614
-0.008564 0.075503 -0.997108 -69.014887 -0.020542 0.996921 0.075665 2.098778 0.999752 0.021131 -0.006986 18.897201
-0.007787 0.076049 -0.997073 -70.211591 -0.021348 0.996864 0.076200 2.171021 0.999741 0.021879 -0.006139 18.882275
-0.006628 0.076642 -0.997036 -71.407172 -0.021043 0.996827 0.076766 2.242449 0.999756 0.021489 -0.004995 18.869626
-0.005864 0.077080 -0.997007 -72.630174 -0.018869 0.996838 0.077178 2.318548 0.999804 0.019265 -0.004391 18.858427
-0.005658 0.075244 -0.997148 -73.830290 -0.017578 0.997003 0.075333 2.390530 0.999829 0.017954 -0.004318 18.850223
-0.005585 0.072079 -0.997383 -75.019628 -0.017130 0.997245 0.072165 2.457722 0.999837 0.017488 -0.004335 18.843828
-0.005528 0.069983 -0.997532 -76.195546 -0.017818 0.997382 0.070072 2.519712 0.999825 0.018161 -0.004266 18.834636
-0.005759 0.069787 -0.997545 -77.388403 -0.020454 0.997344 0.069891 2.585059 0.999774 0.020806 -0.004316 18.821944
-0.005101 0.072110 -0.997383 -78.585716 -0.023740 0.997106 0.072211 2.653399 0.999704 0.024046 -0.003374 18.807063
-0.004311 0.074533 -0.997209 -79.777526 -0.023634 0.996932 0.074615 2.720045 0.999711 0.023889 -0.002536 18.793574
-0.003637 0.075797 -0.997116 -80.951366 -0.021429 0.996888 0.075858 2.788724 0.999763 0.021643 -0.002002 18.783663
-0.003562 0.075724 -0.997122 -82.122933 -0.018689 0.996949 0.075778 2.858549 0.999818 0.018905 -0.002136 18.775463
-0.003605 0.074013 -0.997250 -83.300705 -0.017468 0.997100 0.074065 2.927521 0.999840 0.017687 -0.002302 18.768202
-0.003552 0.072905 -0.997332 -84.470700 -0.018741 0.997158 0.072960 2.991732 0.999817 0.018950 -0.002176 18.760933
-0.003259 0.072103 -0.997391 -85.644935 -0.021252 0.997167 0.072156 3.055594 0.999768 0.021432 -0.001718 18.753361
-0.003030 0.072640 -0.997353 -86.840967 -0.023429 0.997079 0.072691 3.122342 0.999720 0.023587 -0.001319 18.744168
-0.002734 0.073860 -0.997264 -88.041349 -0.023297 0.996993 0.073903 3.191683 0.999724 0.023435 -0.001005 18.734670
-0.002392 0.073371 -0.997301 -89.216678 -0.021014 0.997081 0.073405 3.258087 0.999776 0.021133 -0.000843 18.726809
-0.002048 0.071985 -0.997403 -90.367072 -0.019348 0.997216 0.072011 3.320057 0.999810 0.019445 -0.000650 18.720558
-0.001808 0.070727 -0.997494 -91.564110 -0.019805 0.997297 0.070749 3.385551 0.999802 0.019884 -0.000402 18.714739
-0.001544 0.068002 -0.997684 -92.729886 -0.022431 0.997432 0.068020 3.445322 0.999747 0.022484 -0.000015 18.711660
-0.001338 0.066631 -0.997776 -93.885341 -0.024609 0.997473 0.066644 3.503899 0.999696 0.024644 0.000305 18.706787
-0.001136 0.066993 -0.997752 -95.075696 -0.025979 0.997414 0.067000 3.565536 0.999661 0.025997 0.000608 18.700488
-0.001102 0.068504 -0.997650 -96.204590 -0.027605 0.997268 0.068508 3.622503 0.999618 0.027615 0.000792 18.692437
-0.000764 0.070724 -0.997495 -97.372566 -0.026847 0.997135 0.070719 3.680952 0.999639 0.026834 0.001137 18.683294
-0.000262 0.073046 -0.997328 -98.528234 -0.022634 0.997072 0.073033 3.743061 0.999743 0.022593 0.001392 18.673894
0.000218 0.073947 -0.997262 -99.671146 -0.020752 0.997047 0.073926 3.802367 0.999784 0.020680 0.001752 18.667899
0.000473 0.074225 -0.997241 -100.812937 -0.019387 0.997054 0.074202 3.865558 0.999811 0.019298 0.001911 18.663128
0.000269 0.072620 -0.997359 -101.948682 -0.019675 0.997167 0.072601 3.928055 0.999806 0.019604 0.001697 18.660672
-0.000223 0.072772 -0.997348 -103.093014 -0.021846 0.997110 0.072760 3.990727 0.999761 0.021805 0.001367 18.655679
-0.000265 0.072930 -0.997337 -104.245158 -0.024276 0.997042 0.072915 4.053029 0.999705 0.024231 0.001506 18.650052
-0.000708 0.076257 -0.997088 -105.399256 -0.022934 0.996824 0.076253 4.121535 0.999736 0.022921 0.001043 18.639559
-0.001155 0.080863 -0.996724 -106.541782 -0.023978 0.996436 0.080867 4.193383 0.999711 0.023993 0.000788 18.627259
-0.001170 0.084007 -0.996464 -107.714753 -0.023087 0.996197 0.084012 4.269991 0.999732 0.023104 0.000774 18.616563
-0.001151 0.084832 -0.996394 -108.873810 -0.018679 0.996219 0.084839 4.349111 0.999824 0.018709 0.000438 18.606987
-0.001647 0.084853 -0.996392 -110.048365 -0.014578 0.996285 0.084868 4.429098 0.999892 0.014665 -0.000404 18.598514
-0.002725 0.081488 -0.996670 -111.226420 -0.013696 0.996578 0.081518 4.504732 0.999902 0.013873 -0.001600 18.592811
-0.003278 0.077633 -0.996976 -112.423091 -0.012767 0.996897 0.077669 4.581159 0.999913 0.012983 -0.002276 18.586477
-0.004140 0.076584 -0.997054 -113.622194 -0.014789 0.996949 0.076638 4.655398 0.999882 0.015063 -0.002995 18.575886
-0.005410 0.075968 -0.997095 -114.826123 -0.019200 0.996918 0.076058 4.722943 0.999800 0.019556 -0.003935 18.564507
-0.006044 0.074155 -0.997228 -116.035422 -0.019523 0.997047 0.074260 4.787514 0.999791 0.019918 -0.004579 18.552704
-0.006515 0.074145 -0.997226 -117.243850 -0.015233 0.997124 0.074237 4.854368 0.999862 0.015675 -0.005366 18.537311
-0.007344 0.074129 -0.997221 -118.442963 -0.011640 0.997174 0.074211 4.922429 0.999905 0.012153 -0.006461 18.521185
-0.008430 0.073580 -0.997253 -119.658697 -0.010288 0.997230 0.073665 4.992243 0.999911 0.010881 -0.007650 18.504839
-0.009120 0.075766 -0.997084 -120.861517 -0.011229 0.997054 0.075866 5.066412 0.999895 0.011889 -0.008242 18.485791
-0.009835 0.080100 -0.996738 -122.100176 -0.015694 0.996651 0.080248 5.152131 0.999828 0.016432 -0.008545 18.463733
-0.010298 0.085257 -0.996305 -123.339333 -0.019115 0.996159 0.085442 5.236671 0.999764 0.019924 -0.008628 18.438541
-0.010020 0.092359 -0.995675 -124.571276 -0.019047 0.995527 0.092537 5.329422 0.999768 0.019892 -0.008216 18.411619
-0.009684 0.095426 -0.995389 -125.794919 -0.016782 0.995280 0.095579 5.425444 0.999812 0.017630 -0.008036 18.390316
-0.009977 0.097366 -0.995198 -127.030728 -0.015382 0.995115 0.097512 5.523062 0.999831 0.016281 -0.008430 18.369867
-0.010363 0.097484 -0.995183 -128.270521 -0.014682 0.995114 0.097630 5.620379 0.999838 0.015623 -0.008881 18.351151
-0.010663 0.095339 -0.995387 -129.510220 -0.013654 0.995337 0.095480 5.714350 0.999849 0.014610 -0.009312 18.333397
-0.011403 0.095989 -0.995317 -130.712479 -0.013976 0.995269 0.096145 5.809203 0.999837 0.015007 -0.010007 18.312130
-0.012833 0.095324 -0.995363 -131.946348 -0.019024 0.995242 0.095557 5.904739 0.999736 0.020162 -0.010958 18.290638
-0.013837 0.094258 -0.995451 -133.191905 -0.023127 0.995250 0.094560 5.998540 0.999636 0.024331 -0.011592 18.269391
-0.013528 0.094447 -0.995438 -134.437475 -0.022303 0.995253 0.094733 6.088782 0.999659 0.023483 -0.011358 18.247118
-0.013000 0.094289 -0.995460 -135.676616 -0.021244 0.995293 0.094551 6.180861 0.999689 0.022377 -0.010936 18.226145
-0.012163 0.093241 -0.995569 -136.919315 -0.020839 0.995403 0.093480 6.272138 0.999708 0.021883 -0.010164 18.208496
-0.011432 0.093330 -0.995569 -138.161464 -0.020119 0.995411 0.093546 6.367183 0.999732 0.021099 -0.009502 18.190526
-0.011081 0.093553 -0.995552 -139.395126 -0.022002 0.995350 0.093779 6.462606 0.999696 0.022944 -0.008971 18.174351
-0.010466 0.094492 -0.995470 -140.630494 -0.025702 0.995171 0.094734 6.558247 0.999614 0.026577 -0.007987 18.157614
-0.009546 0.095966 -0.995339 -141.863887 -0.026858 0.995000 0.096191 6.652943 0.999593 0.027651 -0.006921 18.140363
-0.008793 0.098141 -0.995133 -143.095818 -0.023825 0.994869 0.098325 6.751308 0.999677 0.024574 -0.006409 18.122824
-0.008571 0.096493 -0.995296 -144.307957 -0.020545 0.995106 0.096651 6.845012 0.999752 0.021277 -0.006546 18.109777
-0.008685 0.093732 -0.995559 -145.532980 -0.018889 0.995404 0.093882 6.937360 0.999783 0.019621 -0.006874 18.097628
-0.009207 0.092540 -0.995666 -146.753950 -0.018224 0.995527 0.092696 7.028043 0.999791 0.018998 -0.007480 18.083322
-0.009518 0.089678 -0.995925 -147.966325 -0.018433 0.995785 0.089842 7.112971 0.999784 0.019213 -0.007825 18.070594
-0.009861 0.087410 -0.996123 -149.161181 -0.016914 0.996015 0.087568 7.196185 0.999808 0.017712 -0.008343 18.056964
-0.010290 0.086439 -0.996204 -150.357681 -0.017211 0.996094 0.086607 7.276308 0.999799 0.018037 -0.008763 18.040525
-0.011670 0.083951 -0.996401 -151.572903 -0.019761 0.996255 0.084170 7.356222 0.999736 0.020672 -0.009967 18.023854
-0.012320 0.081549 -0.996593 -152.793047 -0.021388 0.996419 0.081799 7.430733 0.999695 0.022323 -0.010532 18.006643
-0.012967 0.079829 -0.996724 -153.989181 -0.019896 0.996590 0.080077 7.502724 0.999718 0.020869 -0.011335 17.987543
-0.013409 0.081132 -0.996613 -155.186889 -0.019914 0.996483 0.081390 7.581112 0.999711 0.020938 -0.011746 17.964517
-0.013862 0.081848 -0.996548 -156.401530 -0.024519 0.996317 0.082170 7.663512 0.999603 0.025573 -0.011804 17.942831
-0.014167 0.086808 -0.996124 -157.623622 -0.031095 0.995704 0.087214 7.749103 0.999416 0.032210 -0.011407 17.916883
-0.013077 0.091178 -0.995749 -158.864389 -0.031413 0.995305 0.091549 7.834140 0.999421 0.032477 -0.010151 17.891789
-0.011354 0.095053 -0.995407 -160.084379 -0.028044 0.995050 0.095339 7.921718 0.999542 0.028998 -0.008632 17.868977
-0.009672 0.096690 -0.995267 -161.267063 -0.022301 0.995046 0.096885 8.011997 0.999704 0.023132 -0.007468 17.850588
-0.008635 0.099620 -0.994988 -162.500397 -0.020738 0.994793 0.099781 8.108173 0.999747 0.021496 -0.006525 17.833218
-0.007831 0.094623 -0.995482 -163.728841 -0.017548 0.995346 0.094748 8.198909 0.999815 0.018211 -0.006134 17.824609
-0.007396 0.091223 -0.995803 -164.963454 -0.013316 0.995733 0.091315 8.287023 0.999884 0.013936 -0.006150 17.813291
-0.007976 0.085449 -0.996310 -166.185355 -0.010092 0.996285 0.085527 8.368305 0.999917 0.010737 -0.007084 17.804072
-0.008963 0.083019 -0.996507 -167.396830 -0.013024 0.996453 0.083132 8.448844 0.999875 0.013724 -0.007850 17.790386
-0.009096 0.083775 -0.996443 -168.632538 -0.019676 0.996276 0.083940 8.531876 0.999765 0.020370 -0.007413 17.774120
-0.008126 0.085240 -0.996327 -169.862955 -0.023106 0.996078 0.085408 8.612517 0.999700 0.023715 -0.006124 17.759502
-0.006211 0.085583 -0.996311 -171.099769 -0.019819 0.996125 0.085690 8.692570 0.999784 0.020278 -0.004491 17.747039
-0.005696 0.087730 -0.996128 -172.341764 -0.020048 0.995934 0.087828 8.776400 0.999782 0.020471 -0.003914 17.733101
-0.005206 0.085343 -0.996338 -173.582371 -0.021404 0.996114 0.085436 8.853137 0.999757 0.021770 -0.003359 17.725106
-0.004455 0.085206 -0.996353 -174.814157 -0.019761 0.996161 0.085278 8.929822 0.999795 0.020069 -0.002754 17.714250
-0.002923 0.085080 -0.996370 -175.954716 -0.018124 0.996206 0.085119 9.000936 0.999831 0.018307 -0.001370 17.705838
-0.001621 0.086087 -0.996286 -177.116882 -0.019801 0.996089 0.086102 9.074739 0.999802 0.019867 0.000090 17.697870
-0.000627 0.086201 -0.996277 -178.272709 -0.021610 0.996044 0.086195 9.146745 0.999766 0.021583 0.001238 17.691785
-0.000748 0.087165 -0.996193 -179.368964 -0.022872 0.995932 0.087159 9.214251 0.999738 0.022850 0.001249 17.683987
-0.000807 0.087507 -0.996163 -180.441567 -0.024080 0.995873 0.087501 9.280230 0.999710 0.024058 0.001304 17.676683
-0.000799 0.087264 -0.996185 -181.478385 -0.025045 0.995871 0.087257 9.342149 0.999686 0.025019 0.001390 17.670823
-0.000029 0.087430 -0.996170 -182.485506 -0.024065 0.995882 0.087405 9.403448 0.999710 0.023975 0.002075 17.666176
0.001360 0.088202 -0.996101 -183.466661 -0.023972 0.995819 0.088145 9.463941 0.999712 0.023759 0.003469 17.663284
0.002497 0.088857 -0.996041 -184.429369 -0.025143 0.995735 0.088767 9.522604 0.999681 0.024822 0.004720 17.661514
0.001656 0.087549 -0.996159 -185.365703 -0.023542 0.995888 0.087486 9.578337 0.999721 0.023307 0.003710 17.658951
-0.001441 0.085494 -0.996337 -186.292191 -0.020185 0.996133 0.085505 9.634285 0.999795 0.020235 0.000290 17.652468
-0.006143 0.085466 -0.996322 -187.205134 -0.015914 0.996206 0.085554 9.691899 0.999854 0.016381 -0.004759 17.637424
-0.010657 0.087690 -0.996090 -188.115808 -0.012454 0.996058 0.087821 9.751121 0.999865 0.013341 -0.009523 17.614489
-0.014523 0.089780 -0.995855 -189.023084 -0.011583 0.995879 0.089951 9.813637 0.999827 0.012841 -0.013423 17.590070
-0.017074 0.091867 -0.995625 -189.932771 -0.011973 0.995680 0.092077 9.879139 0.999782 0.013493 -0.015901 17.564986
-0.019391 0.090674 -0.995692 -190.850960 -0.013570 0.995764 0.090945 9.942813 0.999720 0.015275 -0.018079 17.541823
-0.021201 0.087673 -0.995923 -191.783733 -0.014868 0.996010 0.087997 10.006657 0.999664 0.016673 -0.019813 17.519775
-0.022717 0.086061 -0.996031 -192.724433 -0.015289 0.996141 0.086420 10.068504 0.999625 0.017192 -0.021314 17.494786
-0.023810 0.086617 -0.995957 -193.655992 -0.013890 0.996115 0.086963 10.131772 0.999620 0.015904 -0.022514 17.467001
-0.024609 0.088261 -0.995793 -194.582049 -0.012455 0.995991 0.088587 10.197018 0.999619 0.014583 -0.023411 17.438037
-0.024350 0.091487 -0.995508 -195.503748 -0.011951 0.995706 0.091797 10.261912 0.999632 0.014133 -0.023152 17.407817
-0.023401 0.094280 -0.995271 -196.421034 -0.010445 0.995466 0.094544 10.328089 0.999671 0.012608 -0.022310 17.379441
-0.022312 0.094370 -0.995287 -197.338526 -0.007983 0.995486 0.094568 10.395477 0.999719 0.010056 -0.021458 17.355914
-0.021681 0.094283 -0.995309 -198.268447 -0.005415 0.995518 0.094420 10.466931 0.999750 0.007437 -0.021073 17.333041
-0.020947 0.094425 -0.995311 -199.210905 -0.005323 0.995505 0.094556 10.540292 0.999766 0.007279 -0.020350 17.309474
-0.020261 0.091043 -0.995641 -200.173481 -0.008213 0.995797 0.091225 10.610771 0.999761 0.010025 -0.019428 17.290692
-0.019955 0.090348 -0.995710 -201.121005 -0.009743 0.995844 0.090555 10.677694 0.999753 0.011508 -0.018991 17.268481
-0.019289 0.085438 -0.996157 -202.053681 -0.005733 0.996316 0.085563 10.742984 0.999797 0.007362 -0.018728 17.252651
-0.019151 0.083714 -0.996306 -202.989955 -0.002534 0.996481 0.083778 10.807525 0.999813 0.004129 -0.018871 17.231291
-0.019221 0.087866 -0.995947 -203.935962 -0.003202 0.996120 0.087943 10.878172 0.999810 0.004880 -0.018865 17.203548
-0.018468 0.089127 -0.995849 -204.890731 -0.007402 0.995980 0.089276 10.948452 0.999802 0.009020 -0.017734 17.181519
-0.016619 0.086597 -0.996105 -205.844021 -0.007200 0.996206 0.086726 11.013995 0.999836 0.008614 -0.015933 17.166322
-0.014957 0.085467 -0.996229 -206.806555 -0.008915 0.996289 0.085606 11.081168 0.999848 0.010162 -0.014140 17.150369
-0.013679 0.085728 -0.996225 -207.792231 -0.014314 0.996199 0.085923 11.150048 0.999804 0.015435 -0.012400 17.134553
-0.012676 0.082570 -0.996504 -208.775530 -0.018704 0.996391 0.082799 11.213309 0.999745 0.019689 -0.011086 17.122448
-0.011005 0.081785 -0.996589 -209.759082 -0.019361 0.996445 0.081987 11.277024 0.999752 0.020197 -0.009383 17.110285
-0.008877 0.085144 -0.996329 -210.761709 -0.020232 0.996149 0.085308 11.347256 0.999756 0.020915 -0.007120 17.096536
-0.006327 0.088018 -0.996099 -211.775704 -0.022151 0.995862 0.088138 11.421246 0.999735 0.022623 -0.004351 17.086170
-0.003254 0.088638 -0.996058 -212.803304 -0.022758 0.995799 0.088690 11.495721 0.999736 0.022957 -0.001223 17.081433
-0.000234 0.091420 -0.995812 -213.819324 -0.020659 0.995600 0.091405 11.569340 0.999786 0.020594 0.001656 17.077033
0.002946 0.090788 -0.995866 -214.835236 -0.017563 0.995721 0.090723 11.641839 0.999841 0.017223 0.004528 17.079729
0.004692 0.089782 -0.995950 -215.853135 -0.016808 0.995828 0.089692 11.716527 0.999848 0.016319 0.006181 17.082342
0.006234 0.090353 -0.995890 -216.881070 -0.019596 0.995730 0.090215 11.791613 0.999788 0.018953 0.007977 17.084782
0.007223 0.092096 -0.995724 -217.925490 -0.023014 0.995502 0.091909 11.871497 0.999709 0.022252 0.009310 17.086838
0.008349 0.091884 -0.995735 -218.969134 -0.022721 0.995530 0.091674 11.949987 0.999707 0.021859 0.010399 17.091583
0.009247 0.091122 -0.995797 -220.012471 -0.020047 0.995656 0.090923 12.028169 0.999756 0.019122 0.011034 17.097413
0.009888 0.088534 -0.996024 -221.063598 -0.017226 0.995940 0.088356 12.105020 0.999803 0.016284 0.011373 17.105714
0.010121 0.086701 -0.996183 -222.110635 -0.016051 0.996120 0.086532 12.181110 0.999820 0.015114 0.011473 17.113523
0.010456 0.087020 -0.996152 -223.172828 -0.015200 0.996105 0.086857 12.257187 0.999830 0.014234 0.011738 17.119284
0.010771 0.087363 -0.996118 -224.228296 -0.015182 0.996076 0.087195 12.334000 0.999827 0.014184 0.012055 17.125335
0.010357 0.088896 -0.995987 -225.298629 -0.015964 0.995928 0.088725 12.413263 0.999819 0.014981 0.011734 17.129638
0.009633 0.089839 -0.995910 -226.395956 -0.018344 0.995804 0.089652 12.494571 0.999785 0.017405 0.011241 17.134285
0.008924 0.090317 -0.995873 -227.506733 -0.020042 0.995729 0.090124 12.577847 0.999759 0.019155 0.010696 17.138056
0.008019 0.091017 -0.995817 -228.620159 -0.021795 0.995628 0.090824 12.659488 0.999730 0.020976 0.009968 17.140138
0.007050 0.093899 -0.995557 -229.728403 -0.022558 0.995343 0.093719 12.746395 0.999721 0.021797 0.009135 17.137874
0.005660 0.096126 -0.995353 -230.863535 -0.021072 0.995160 0.095988 12.836025 0.999762 0.020431 0.007658 17.134543
0.004870 0.094335 -0.995528 -231.990137 -0.016412 0.995414 0.094244 12.919688 0.999853 0.015880 0.006396 17.134505
0.003789 0.091377 -0.995809 -233.105743 -0.009978 0.995770 0.091336 13.002605 0.999943 0.009590 0.004685 17.134468
0.001766 0.086375 -0.996261 -234.224708 -0.005221 0.996250 0.086365 13.083992 0.999985 0.005049 0.002210 17.135552
-0.000631 0.080463 -0.996757 -235.375874 -0.004909 0.996746 0.080465 13.163810 0.999988 0.004944 -0.000234 17.134945
-0.003068 0.075962 -0.997106 -236.541843 -0.008651 0.997071 0.075986 13.235718 0.999958 0.008859 -0.002402 17.128854
-0.005379 0.074079 -0.997238 -237.715952 -0.010959 0.997188 0.074135 13.307944 0.999925 0.011328 -0.004552 17.117226
-0.007602 0.072860 -0.997313 -238.891164 -0.010358 0.997283 0.072937 13.375766 0.999917 0.010884 -0.006826 17.101306
-0.009966 0.073132 -0.997272 -240.083997 -0.011165 0.997252 0.073243 13.445354 0.999888 0.011865 -0.009122 17.080392
-0.012339 0.072369 -0.997301 -241.286024 -0.012441 0.997289 0.072522 13.515143 0.999846 0.013302 -0.011405 17.058406
-0.014648 0.071362 -0.997343 -242.495288 -0.011736 0.997369 0.071536 13.583789 0.999824 0.012753 -0.013772 17.033581
-0.016944 0.071293 -0.997311 -243.698419 -0.009922 0.997394 0.071467 13.652271 0.999807 0.011106 -0.016193 17.004583
-0.019340 0.071380 -0.997261 -244.906739 -0.009549 0.997390 0.071575 13.720210 0.999767 0.010907 -0.018608 16.971717
-0.021617 0.072005 -0.997170 -246.114348 -0.010454 0.997332 0.072244 13.789571 0.999712 0.011986 -0.020807 16.936317
-0.023951 0.072226 -0.997100 -247.334859 -0.010344 0.997316 0.072490 13.861200 0.999659 0.012051 -0.023140 16.898028
-0.026314 0.073514 -0.996947 -248.559847 -0.011281 0.997207 0.073831 13.933868 0.999590 0.013189 -0.025411 16.854742
-0.028302 0.075147 -0.996770 -249.788875 -0.012992 0.997058 0.075538 14.007266 0.999515 0.015088 -0.027243 16.809706
-0.029758 0.076437 -0.996630 -251.025338 -0.013785 0.996946 0.076873 14.081052 0.999462 0.016026 -0.028613 16.763771
-0.030609 0.079032 -0.996402 -252.259657 -0.014035 0.996737 0.079489 14.157327 0.999433 0.016417 -0.029400 16.716540
-0.030644 0.079424 -0.996370 -253.489497 -0.014039 0.996705 0.079882 14.233974 0.999432 0.016436 -0.029428 16.672526
-0.030585 0.078969 -0.996407 -254.711997 -0.012757 0.996762 0.079389 14.308950 0.999451 0.015139 -0.029479 16.629504
-0.030369 0.076503 -0.996606 -255.934050 -0.011584 0.996973 0.076884 14.381316 0.999471 0.013880 -0.029391 16.589541
-0.030434 0.075610 -0.996673 -257.151689 -0.011235 0.997046 0.075981 14.452616 0.999473 0.013510 -0.029495 16.547551
-0.030531 0.074929 -0.996721 -258.381667 -0.011649 0.997092 0.075313 14.522559 0.999466 0.013910 -0.029570 16.504807
-0.030384 0.073829 -0.996808 -259.598060 -0.011616 0.997175 0.074211 14.589255 0.999471 0.013833 -0.029440 16.462887
-0.030369 0.073047 -0.996866 -260.825208 -0.012321 0.997223 0.073448 14.656568 0.999463 0.014513 -0.029384 16.420643
-0.030467 0.070633 -0.997037 -262.039309 -0.013025 0.997387 0.071056 14.721527 0.999451 0.015152 -0.029468 16.381234
-0.031137 0.066174 -0.997322 -263.257533 -0.015329 0.997657 0.066675 14.781147 0.999397 0.017364 -0.030049 16.342579
-0.031433 0.062944 -0.997522 -264.481066 -0.018672 0.997804 0.063550 14.836898 0.999331 0.020623 -0.030189 16.301644
-0.031761 0.060528 -0.997661 -265.698458 -0.021128 0.997901 0.061215 14.890722 0.999272 0.023023 -0.030416 16.259217
-0.031441 0.060356 -0.997681 -266.895721 -0.019514 0.997948 0.060987 14.940015 0.999315 0.021386 -0.030199 16.214608
-0.031355 0.062450 -0.997555 -268.062521 -0.017818 0.997853 0.063029 14.991160 0.999349 0.019751 -0.030175 16.168662
-0.031896 0.067902 -0.997182 -269.264185 -0.020904 0.997426 0.068587 15.053143 0.999273 0.023032 -0.030395 16.116816
-0.032378 0.072841 -0.996818 -270.483316 -0.026980 0.996914 0.073725 15.123031 0.999112 0.029281 -0.030312 16.064189
-0.032021 0.077419 -0.996484 -271.679084 -0.026668 0.996575 0.078283 15.191391 0.999131 0.029081 -0.029847 16.014416
-0.031576 0.077029 -0.996529 -272.856545 -0.019841 0.996781 0.077677 15.258488 0.999304 0.022225 -0.029946 15.970718
-0.031186 0.075829 -0.996633 -274.009915 -0.014221 0.996984 0.076301 15.323304 0.999412 0.016553 -0.030014 15.930563
-0.030765 0.070522 -0.997036 -275.196131 -0.013103 0.997394 0.070952 15.385508 0.999441 0.015247 -0.029760 15.896132
-0.029736 0.067303 -0.997289 -276.381401 -0.014551 0.997596 0.067758 15.444222 0.999452 0.016527 -0.028685 15.860681
-0.028417 0.066146 -0.997405 -277.574086 -0.016670 0.997638 0.066636 15.503303 0.999457 0.018520 -0.027248 15.823936
-0.027401 0.066992 -0.997377 -278.781975 -0.019247 0.997532 0.067531 15.563189 0.999439 0.021047 -0.026044 15.785098
-0.026340 0.068140 -0.997328 -279.995702 -0.020809 0.997421 0.068696 15.622202 0.999436 0.022563 -0.024854 15.747118
-0.025336 0.068926 -0.997300 -281.219570 -0.021817 0.997345 0.069483 15.683571 0.999441 0.023518 -0.023765 15.710688
-0.024706 0.068614 -0.997337 -282.443185 -0.020985 0.997387 0.069137 15.745419 0.999474 0.022637 -0.023202 15.675799
-0.024113 0.068893 -0.997332 -283.665937 -0.019148 0.997408 0.069361 15.809385 0.999526 0.020769 -0.022731 15.640526
-0.023709 0.068645 -0.997359 -284.883594 -0.017947 0.997450 0.069078 15.871334 0.999558 0.019537 -0.022416 15.606634
-0.023626 0.068571 -0.997366 -286.103660 -0.017739 0.997459 0.068998 15.932820 0.999563 0.019322 -0.022350 15.572265
-0.023320 0.068831 -0.997355 -287.316638 -0.017560 0.997445 0.069248 15.994868 0.999574 0.019128 -0.022051 15.538073
-0.023163 0.069323 -0.997325 -288.521592 -0.017592 0.997410 0.069737 16.056998 0.999577 0.019160 -0.021883 15.503774
-0.023184 0.068724 -0.997366 -289.739413 -0.017856 0.997447 0.069145 16.117832 0.999572 0.019412 -0.021898 15.470566
-0.023225 0.068503 -0.997380 -290.941020 -0.016390 0.997490 0.068892 16.174013 0.999596 0.017948 -0.022044 15.436492
-0.023407 0.068320 -0.997389 -292.143064 -0.014102 0.997541 0.068662 16.231002 0.999627 0.015673 -0.022386 15.401801
-0.023458 0.069433 -0.997311 -293.348234 -0.011292 0.997503 0.069712 16.292029 0.999661 0.012897 -0.022615 15.365453
-0.023806 0.071173 -0.997180 -294.523057 -0.010006 0.997396 0.071428 16.353067 0.999667 0.011678 -0.023032 15.329037
-0.024002 0.074069 -0.996964 -295.719943 -0.010043 0.997184 0.074327 16.420715 0.999662 0.011797 -0.023190 15.289770
-0.024507 0.077339 -0.996703 -296.924008 -0.011246 0.996919 0.077632 16.493885 0.999636 0.013111 -0.023561 15.249658
-0.024917 0.080565 -0.996438 -298.134668 -0.012427 0.996645 0.080893 16.568795 0.999612 0.014399 -0.023832 15.209301
-0.025224 0.082397 -0.996280 -299.359034 -0.012484 0.996494 0.082730 16.646406 0.999604 0.014524 -0.024107 15.169623
-0.025517 0.082572 -0.996258 -300.568825 -0.010422 0.996507 0.082860 16.721935 0.999620 0.012497 -0.024567 15.131495
-0.026017 0.080403 -0.996423 -301.774790 -0.008238 0.996709 0.080641 16.796230 0.999628 0.010307 -0.025269 15.095905
-0.026909 0.078396 -0.996559 -302.996623 -0.007739 0.996874 0.078630 16.871192 0.999608 0.009828 -0.026218 15.059435
-0.028087 0.076078 -0.996706 -304.209237 -0.009427 0.997035 0.076369 16.945032 0.999561 0.011541 -0.027287 15.022586
-0.029073 0.074748 -0.996778 -305.425450 -0.010526 0.997122 0.075080 17.016584 0.999522 0.012675 -0.028202 14.982381
-0.029503 0.076070 -0.996666 -306.642542 -0.009759 0.997031 0.076387 17.087377 0.999517 0.011981 -0.028673 14.937876
-0.029301 0.077465 -0.996564 -307.870386 -0.008204 0.996941 0.077736 17.163657 0.999537 0.010453 -0.028576 14.894500
-0.028634 0.077904 -0.996549 -309.096373 -0.007760 0.996911 0.078155 17.240276 0.999560 0.009971 -0.027941 14.855377
-0.028081 0.076226 -0.996695 -310.315661 -0.007203 0.997047 0.076456 17.312512 0.999580 0.009326 -0.027449 14.819186
-0.027684 0.073299 -0.996925 -311.553552 -0.008100 0.997259 0.073549 17.381627 0.999584 0.010111 -0.027015 14.783365
