0.999938 0.001122 0.011085 0.017863 -0.001089 0.999995 -0.002943 -0.008068 -0.011089 0.002930 0.999934 0.290941
0.999845 0.001363 0.017548 0.031955 -0.001275 0.999986 -0.005039 -0.018313 -0.017554 0.005016 0.999833 0.573277
0.999815 0.000172 0.019259 0.042938 -0.000018 0.999968 -0.007967 -0.028286 -0.019260 0.007965 0.999783 0.867018
0.999852 -0.001273 0.017139 0.047613 0.001436 0.999954 -0.009522 -0.037777 -0.017126 0.009545 0.999808 1.160006
0.999944 -0.002712 0.010246 0.045773 0.002835 0.999924 -0.012018 -0.044518 -0.010213 0.012046 0.999875 1.455863
0.999987 -0.004654 -0.001978 0.033662 0.004625 0.999889 -0.014156 -0.051436 0.002044 0.014147 0.999898 1.763346
0.999816 -0.004793 -0.018555 0.009197 0.004546 0.999900 -0.013372 -0.060431 0.018617 0.013285 0.999738 2.073609
0.999271 -0.004148 -0.037954 -0.031179 0.003805 0.999952 -0.009092 -0.069691 0.037990 0.008941 0.999238 2.428966
0.998329 -0.004993 -0.057578 -0.075976 0.004667 0.999972 -0.005799 -0.075889 0.057605 0.005520 0.998324 2.764027
0.996983 -0.005535 -0.077425 -0.125966 0.005126 0.999972 -0.005486 -0.078152 0.077453 0.005072 0.996983 3.112550
0.995201 -0.005628 -0.097689 -0.181014 0.005035 0.999968 -0.006314 -0.078748 0.097721 0.005791 0.995197 3.443344
0.993094 -0.005367 -0.117198 -0.246263 0.004480 0.999959 -0.007827 -0.080204 0.117235 0.007248 0.993078 3.814569
0.990879 -0.004795 -0.134668 -0.320596 0.003908 0.999969 -0.006856 -0.084290 0.134697 0.006267 0.990867 4.196455
0.988711 -0.004014 -0.149780 -0.401400 0.003218 0.999979 -0.005561 -0.089444 0.149799 0.005016 0.988704 4.595603
0.986568 -0.004365 -0.163295 -0.487683 0.003628 0.999982 -0.004811 -0.093973 0.163313 0.004154 0.986566 5.010479
0.984490 -0.005930 -0.175340 -0.576035 0.004887 0.999968 -0.006375 -0.097510 0.175373 0.005419 0.984487 5.433222
0.982683 -0.009290 -0.185062 -0.669174 0.007599 0.999923 -0.009846 -0.101819 0.185140 0.008269 0.982678 5.875303
0.981137 -0.010787 -0.193013 -0.774879 0.009231 0.999917 -0.008961 -0.108522 0.193094 0.007010 0.981155 6.339610
0.979668 -0.012096 -0.200258 -0.882810 0.010656 0.999909 -0.008266 -0.116204 0.200340 0.005964 0.979708 6.800739
0.977902 -0.014860 -0.208532 -0.997290 0.013151 0.999868 -0.009579 -0.122549 0.208647 0.006625 0.977969 7.279163
0.976218 -0.017691 -0.216068 -1.115174 0.015190 0.999797 -0.013229 -0.130072 0.216258 0.009632 0.976289 7.775689
0.974464 -0.020868 -0.223572 -1.237102 0.016983 0.999670 -0.019287 -0.140500 0.223901 0.014997 0.974496 8.285122
0.972433 -0.023339 -0.232010 -1.374430 0.019332 0.999622 -0.019526 -0.156139 0.232378 0.014503 0.972517 8.799132
0.970209 -0.025664 -0.240904 -1.528924 0.022656 0.999627 -0.015249 -0.171470 0.241205 0.009337 0.970429 9.332089
0.967885 -0.027670 -0.249866 -1.689226 0.025565 0.999605 -0.011668 -0.183313 0.250090 0.004906 0.968210 9.873493
0.965690 -0.030139 -0.257942 -1.851729 0.027543 0.999527 -0.013671 -0.195269 0.258232 0.006097 0.966064 10.436044
0.963344 -0.032906 -0.266242 -2.022951 0.029551 0.999425 -0.016598 -0.210864 0.266635 0.008122 0.963763 11.013979
0.960978 -0.034776 -0.274428 -2.208815 0.031590 0.999372 -0.016021 -0.228945 0.274813 0.006727 0.961474 11.608648
0.958393 -0.037418 -0.282988 -2.408962 0.034726 0.999291 -0.014524 -0.248552 0.283331 0.004092 0.959013 12.229371
0.955832 -0.042355 -0.290845 -2.615140 0.039977 0.999101 -0.014117 -0.264406 0.291182 0.001866 0.956666 12.862127
0.953568 -0.049728 -0.297045 -2.826760 0.047942 0.998762 -0.013297 -0.276979 0.297338 -0.001561 0.954771 13.501561
0.951652 -0.056975 -0.301849 -3.042054 0.056132 0.998357 -0.011475 -0.291583 0.302007 -0.006024 0.953287 14.142189
0.949374 -0.064870 -0.307378 -3.282820 0.065089 0.997834 -0.009551 -0.308677 0.307332 -0.010939 0.951540 14.842657
0.947127 -0.072298 -0.312608 -3.516050 0.073929 0.997241 -0.006647 -0.319610 0.312227 -0.016815 0.949859 15.505240
0.944896 -0.078144 -0.317906 -3.762165 0.080862 0.996715 -0.004661 -0.331739 0.317226 -0.021302 0.948111 16.198260
0.942569 -0.082937 -0.323550 -4.005119 0.087265 0.996185 -0.001134 -0.341838 0.322410 -0.027165 0.946210 16.861556
0.940297 -0.087438 -0.328932 -4.253960 0.092923 0.995673 0.000961 -0.351619 0.327424 -0.031469 0.944353 17.534019
0.938062 -0.090921 -0.334325 -4.511555 0.097900 0.995188 0.004048 -0.357914 0.332348 -0.036528 0.942449 18.211282
0.935927 -0.092324 -0.339877 -4.772560 0.100815 0.994878 0.007368 -0.361765 0.337456 -0.041160 0.940441 18.886033
0.933840 -0.093032 -0.345381 -5.037700 0.102244 0.994723 0.008506 -0.361811 0.342768 -0.043257 0.938424 19.567265
0.931618 -0.092302 -0.351523 -5.304446 0.101432 0.994814 0.007601 -0.360948 0.348999 -0.042737 0.936148 20.245224
0.929361 -0.091145 -0.357744 -5.576714 0.099969 0.994971 0.006206 -0.361143 0.355380 -0.041531 0.933799 20.927561
0.926894 -0.089962 -0.364383 -5.856398 0.098428 0.995133 0.004687 -0.363593 0.362188 -0.040210 0.931238 21.611158
0.923938 -0.087275 -0.372455 -6.146267 0.095600 0.995412 0.003903 -0.365865 0.370405 -0.039212 0.928042 22.297069
0.921031 -0.082201 -0.380716 -6.450241 0.090154 0.995923 0.003069 -0.370044 0.378912 -0.037149 0.924687 23.000183
0.918095 -0.077356 -0.388738 -6.770119 0.085420 0.996339 0.003475 -0.374658 0.387046 -0.036397 0.921342 23.719677
0.914868 -0.073107 -0.397080 -7.102615 0.081861 0.996631 0.005116 -0.377351 0.395368 -0.037185 0.917770 24.445519
0.911095 -0.072184 -0.405827 -7.430800 0.080982 0.996706 0.004525 -0.378269 0.404163 -0.036987 0.913939 25.146076
0.906987 -0.072525 -0.414867 -7.780009 0.081246 0.996689 0.003385 -0.378172 0.413248 -0.036777 0.909876 25.873685
0.903060 -0.072282 -0.423388 -8.138750 0.080728 0.996734 0.002023 -0.381191 0.421859 -0.036006 0.905946 26.606370
0.899070 -0.070959 -0.432015 -8.507325 0.079454 0.996838 0.001621 -0.386213 0.430534 -0.035782 0.901865 27.340105
0.895215 -0.070634 -0.440001 -8.883565 0.077997 0.996953 -0.001352 -0.388510 0.438756 -0.033108 0.897996 28.079995
0.891322 -0.067998 -0.448244 -9.279500 0.074475 0.997218 -0.003184 -0.392881 0.447213 -0.030545 0.893906 28.839125
0.887709 -0.063180 -0.456050 -9.692569 0.068832 0.997620 -0.004226 -0.402054 0.455232 -0.027639 0.889944 29.615603
0.884142 -0.060973 -0.463224 -10.121318 0.065268 0.997845 -0.006769 -0.413667 0.462638 -0.024248 0.886216 30.410669
0.880545 -0.060516 -0.470083 -10.557782 0.063662 0.997929 -0.009220 -0.428530 0.469668 -0.021808 0.882574 31.205014
0.877295 -0.060491 -0.476125 -11.004695 0.062942 0.997959 -0.010813 -0.442939 0.475807 -0.020482 0.879312 32.005178
0.874103 -0.059499 -0.482083 -11.466620 0.061460 0.998041 -0.011741 -0.458951 0.481837 -0.019366 0.876047 32.818201
0.871216 -0.059818 -0.487243 -11.930892 0.060745 0.998057 -0.013915 -0.478313 0.487128 -0.017475 0.873156 33.628263
0.868592 -0.060825 -0.491780 -12.410524 0.061076 0.998012 -0.015563 -0.500223 0.491749 -0.016519 0.870580 34.455845
0.866368 -0.061860 -0.495560 -12.891091 0.061561 0.997960 -0.016949 -0.523143 0.495597 -0.015823 0.868409 35.279305
0.864820 -0.062218 -0.498213 -13.386762 0.061909 0.997935 -0.017159 -0.547236 0.498251 -0.016004 0.866885 36.126321
0.864230 -0.061717 -0.499297 -13.889492 0.060990 0.997980 -0.017791 -0.572358 0.499386 -0.015077 0.866249 36.987651
0.863989 -0.060659 -0.499843 -14.399577 0.059270 0.998068 -0.018673 -0.601433 0.500010 -0.013493 0.865915 37.862829
0.863626 -0.061013 -0.500428 -14.912383 0.058645 0.998069 -0.020477 -0.632372 0.500711 -0.011663 0.865536 38.743021
0.862874 -0.062950 -0.501484 -15.429377 0.059543 0.997965 -0.022819 -0.664411 0.501900 -0.010170 0.864866 39.628139
0.861666 -0.064481 -0.503363 -15.951527 0.060043 0.997882 -0.025046 -0.696975 0.503911 -0.008642 0.863712 40.515241
0.860357 -0.064016 -0.505657 -16.481194 0.058240 0.997931 -0.027245 -0.730833 0.506355 -0.006009 0.862305 41.408688
0.858510 -0.061345 -0.509115 -17.015580 0.054302 0.998112 -0.028698 -0.771357 0.509914 -0.003008 0.860220 42.297754
0.855876 -0.059288 -0.513771 -17.560170 0.050230 0.998240 -0.031518 -0.816059 0.514736 0.001168 0.857348 43.192197
0.851750 -0.058452 -0.520678 -18.114547 0.048302 0.998286 -0.033054 -0.864713 0.521718 0.003004 0.853113 44.075538
0.846338 -0.062141 -0.529008 -18.668983 0.050623 0.998060 -0.036251 -0.918423 0.530235 0.003900 0.847842 44.937658
0.840185 -0.066491 -0.538209 -19.238921 0.054265 0.997782 -0.038556 -0.969029 0.539579 0.003189 0.841929 45.797870
0.834045 -0.066633 -0.547658 -19.820708 0.053736 0.997771 -0.039561 -1.016883 0.549073 0.003567 0.835767 46.651347
0.828509 -0.061980 -0.556535 -20.424066 0.048361 0.998062 -0.039158 -1.069078 0.557884 0.005528 0.829901 47.519194
0.823537 -0.057276 -0.564364 -21.034419 0.044017 0.998342 -0.037089 -1.120347 0.565553 0.005703 0.824693 48.381202
0.819324 -0.058128 -0.570377 -21.641745 0.045395 0.998301 -0.036530 -1.172615 0.571532 0.004038 0.820570 49.231843
0.815658 -0.062265 -0.575174 -22.234129 0.049695 0.998058 -0.037571 -1.227838 0.576396 0.002062 0.817168 50.055081
0.811968 -0.067033 -0.579841 -22.842589 0.057132 0.997741 -0.035341 -1.276736 0.580900 -0.004432 0.813963 50.884286
0.808341 -0.068600 -0.584705 -23.452786 0.058968 0.997628 -0.035524 -1.322556 0.585755 -0.005763 0.810468 51.709951
0.805093 -0.066419 -0.589418 -24.072968 0.055141 0.997789 -0.037118 -1.370902 0.590580 -0.002618 0.806975 52.544395
0.802074 -0.062874 -0.593906 -24.709006 0.050169 0.998021 -0.037903 -1.420416 0.595114 0.000606 0.803642 53.389236
0.799148 -0.060609 -0.598072 -25.351637 0.047233 0.998160 -0.038041 -1.472965 0.599276 0.002151 0.800540 54.232121
0.795680 -0.060840 -0.602654 -26.007163 0.047819 0.998147 -0.037631 -1.527931 0.603827 0.001123 0.797115 55.080316
0.791889 -0.062504 -0.607458 -26.650696 0.049508 0.998045 -0.038154 -1.582766 0.608655 0.000140 0.793435 55.902616
0.787752 -0.065959 -0.612451 -27.304527 0.052397 0.997822 -0.040068 -1.636573 0.613760 -0.000527 0.789493 56.727004
0.783388 -0.067372 -0.617871 -27.966541 0.053032 0.997728 -0.041553 -1.692588 0.619266 -0.000215 0.785182 57.549222
0.778889 -0.067630 -0.623505 -28.643626 0.052175 0.997710 -0.043043 -1.750873 0.624988 0.000994 0.780634 58.377808
0.773870 -0.067239 -0.629765 -29.326717 0.051263 0.997736 -0.043534 -1.812670 0.631266 0.001406 0.775565 59.197714
0.768418 -0.068689 -0.636252 -30.011842 0.052370 0.997638 -0.044456 -1.873694 0.637803 0.000840 0.770200 60.005002
0.762850 -0.070408 -0.642731 -30.706382 0.053416 0.997518 -0.045874 -1.934651 0.644366 0.000662 0.764718 60.811191
0.756876 -0.071945 -0.649587 -31.415566 0.054141 0.997409 -0.047385 -1.997621 0.651313 0.000696 0.758810 61.618179
0.750978 -0.073927 -0.656176 -32.122106 0.055088 0.997264 -0.049307 -2.061991 0.658026 0.000881 0.752996 62.409116
0.744695 -0.076065 -0.663056 -32.842992 0.056121 0.997103 -0.051355 -2.128634 0.665042 0.001032 0.746806 63.199917
0.738430 -0.077463 -0.669867 -33.573406 0.056239 0.996994 -0.053296 -2.195511 0.671981 0.001683 0.740567 63.985577
0.732347 -0.077018 -0.676562 -34.322575 0.054308 0.997024 -0.054713 -2.266580 0.678763 0.003326 0.734351 64.776599
0.726006 -0.077383 -0.683321 -35.085718 0.053353 0.996992 -0.056219 -2.340043 0.685616 0.004358 0.727951 65.568396
0.719597 -0.079461 -0.689831 -35.857067 0.053881 0.996826 -0.058617 -2.416105 0.692299 0.005012 0.721594 66.355586
0.713099 -0.081403 -0.696321 -36.640896 0.055302 0.996673 -0.059881 -2.492872 0.698879 0.004193 0.715228 67.137660
0.707159 -0.080756 -0.702429 -37.432257 0.054813 0.996728 -0.059409 -2.568951 0.704928 0.003510 0.709271 67.913586
0.701857 -0.080258 -0.707783 -38.237432 0.053610 0.996766 -0.059865 -2.649538 0.710299 0.004072 0.703889 68.694068
0.696909 -0.079954 -0.712689 -39.049849 0.053029 0.996791 -0.059971 -2.732878 0.715197 0.004001 0.698912 69.470868
0.692041 -0.081318 -0.717264 -39.867642 0.053665 0.996681 -0.061218 -2.817026 0.719862 0.003874 0.694107 70.244332
0.686795 -0.082869 -0.722112 -40.690712 0.055964 0.996560 -0.061138 -2.902901 0.724694 0.001577 0.689069 71.009534
0.681376 -0.084860 -0.726998 -41.521506 0.058352 0.996393 -0.061615 -2.986749 0.729605 -0.000439 0.683870 71.771525
0.676237 -0.085386 -0.731720 -42.365424 0.058566 0.996348 -0.062140 -3.069098 0.734353 -0.000832 0.678768 72.535017
0.671277 -0.085257 -0.736287 -43.219522 0.056786 0.996359 -0.063599 -3.154341 0.739028 0.000881 0.673674 73.299463
0.666323 -0.085560 -0.740738 -44.082852 0.055503 0.996331 -0.065155 -3.243387 0.743595 0.002302 0.668627 74.062369
0.661446 -0.086835 -0.744949 -44.954323 0.055642 0.996219 -0.066719 -3.332636 0.747926 0.002681 0.663777 74.823110
0.656775 -0.088089 -0.748925 -45.838417 0.055653 0.996108 -0.068358 -3.425224 0.752031 0.003216 0.659121 75.585848
0.652448 -0.088532 -0.752645 -46.719332 0.055165 0.996067 -0.069343 -3.519988 0.755823 0.003723 0.654766 76.336650
0.648651 -0.089355 -0.755823 -47.587499 0.054921 0.995991 -0.070615 -3.613798 0.759102 0.004294 0.650958 77.070316
0.644812 -0.092853 -0.758680 -48.473795 0.055956 0.995665 -0.074300 -3.715597 0.762290 0.005457 0.647213 77.816341
0.640389 -0.097743 -0.761806 -49.358365 0.059013 0.995199 -0.078081 -3.817473 0.765781 0.005046 0.643083 78.553011
0.635442 -0.102661 -0.765294 -50.249857 0.060340 0.994694 -0.083332 -3.922371 0.769788 0.006775 0.638265 79.288071
0.628623 -0.107965 -0.770180 -51.167019 0.060223 0.994102 -0.090200 -4.037563 0.775375 0.010320 0.631417 80.030885
0.620444 -0.112738 -0.776105 -52.085196 0.060410 0.993544 -0.096029 -4.158903 0.781921 0.012696 0.623249 80.755041
0.611818 -0.114680 -0.782641 -53.020787 0.058238 0.993280 -0.100018 -4.285543 0.788852 0.015613 0.614386 81.471590
0.603311 -0.113686 -0.789361 -53.969468 0.054674 0.993355 -0.101278 -4.416037 0.795630 0.017944 0.605518 82.177286
0.594190 -0.113571 -0.796266 -54.922945 0.053434 0.993368 -0.101809 -4.550805 0.802548 0.017946 0.596318 82.867967
0.584628 -0.114785 -0.803140 -55.883061 0.053870 0.993249 -0.102742 -4.686761 0.809511 0.016800 0.586865 83.547475
0.574566 -0.116694 -0.810097 -56.850458 0.054443 0.993041 -0.104433 -4.826180 0.816646 0.015900 0.576920 84.213596
0.564311 -0.119167 -0.816916 -57.851770 0.054248 0.992741 -0.107341 -4.971791 0.823778 0.016257 0.566680 84.886293
0.554562 -0.121183 -0.823271 -58.860984 0.051681 0.992446 -0.111272 -5.121938 0.830536 0.019160 0.556635 85.548442
0.544768 -0.121922 -0.829677 -59.873703 0.049189 0.992317 -0.113524 -5.274379 0.837143 0.021033 0.546580 86.193746
0.534852 -0.122923 -0.835957 -60.887950 0.047836 0.992180 -0.115289 -5.430363 0.843591 0.021674 0.536549 86.823399
0.524622 -0.123430 -0.842340 -61.915035 0.047439 0.992135 -0.115834 -5.586489 0.850013 0.020810 0.526351 87.442781
0.514722 -0.123530 -0.848411 -62.955918 0.046727 0.992137 -0.116109 -5.745360 0.856083 0.020120 0.516447 88.054228
0.504629 -0.124118 -0.854368 -64.004842 0.046694 0.992087 -0.116545 -5.904024 0.862073 0.018919 0.506431 88.654751
0.494682 -0.123924 -0.860194 -65.060443 0.045478 0.992117 -0.116776 -6.058183 0.867884 0.018647 0.496418 89.244075
0.486087 -0.122896 -0.865226 -66.133228 0.042120 0.992207 -0.117269 -6.215551 0.872895 0.020560 0.487476 89.831788
0.478073 -0.122778 -0.869697 -67.226070 0.038677 0.992164 -0.118806 -6.377787 0.877469 0.023161 0.479075 90.418223
0.470510 -0.123465 -0.873714 -68.310809 0.037873 0.992076 -0.119796 -6.541207 0.881582 0.023275 0.471458 90.988019
0.462940 -0.126139 -0.877369 -69.413697 0.039229 0.991769 -0.121887 -6.708445 0.885521 0.022008 0.464078 91.556604
0.455758 -0.130556 -0.880477 -70.511313 0.040733 0.991208 -0.125891 -6.881330 0.889171 0.021512 0.457069 92.114976
0.449053 -0.133247 -0.883514 -71.598089 0.041950 0.990872 -0.128116 -7.059264 0.892520 0.020468 0.450543 92.656572
0.443483 -0.136415 -0.885841 -72.676045 0.043507 0.990461 -0.130745 -7.240938 0.895227 0.019442 0.445187 93.188012
0.438672 -0.138389 -0.887928 -73.758037 0.042104 0.990152 -0.133520 -7.422097 0.897660 0.021186 0.440179 93.713775
0.434821 -0.138512 -0.889801 -74.837862 0.037514 0.990029 -0.135782 -7.604829 0.899735 0.025661 0.435682 94.231520
0.431645 -0.139699 -0.891160 -75.946058 0.033147 0.989724 -0.139095 -7.797889 0.901434 0.030500 0.431841 94.759215
0.428265 -0.141257 -0.892544 -77.053117 0.030728 0.989412 -0.141844 -7.993921 0.903131 0.033320 0.428071 95.279531
0.425640 -0.142260 -0.893640 -78.153747 0.029509 0.989222 -0.143421 -8.187622 0.904412 0.034676 0.425250 95.792241
0.423419 -0.143057 -0.894568 -79.262017 0.027339 0.989022 -0.145221 -8.384990 0.905522 0.037033 0.422682 96.305746
0.421584 -0.144334 -0.895229 -80.374487 0.025985 0.988769 -0.147178 -8.582342 0.906417 0.038785 0.420599 96.820163
0.419460 -0.146448 -0.895883 -81.453287 0.026186 0.988443 -0.149317 -8.777864 0.907397 0.039173 0.418447 97.316650
0.417612 -0.148157 -0.896465 -82.527929 0.025772 0.988152 -0.151304 -8.972591 0.908260 0.040083 0.416482 97.809126
0.415952 -0.150607 -0.896829 -83.615825 0.023491 0.987641 -0.154963 -9.174545 0.909084 0.043390 0.414349 98.306230
0.413952 -0.151336 -0.897631 -84.684966 0.021457 0.987432 -0.156581 -9.382754 0.910046 0.045556 0.411997 98.789792
0.412232 -0.154019 -0.897966 -85.737250 0.021656 0.986986 -0.159346 -9.590718 0.910822 0.046241 0.410203 99.264643
0.410685 -0.155721 -0.898381 -86.826104 0.022156 0.986722 -0.160905 -9.809762 0.911508 0.046177 0.408682 99.751522
0.410063 -0.156505 -0.898529 -87.853648 0.023432 0.986650 -0.161160 -10.015410 0.911756 0.045031 0.408256 100.208932
0.410273 -0.156122 -0.898500 -88.868370 0.024912 0.986789 -0.160088 -10.217545 0.911622 0.043296 0.408743 100.661042
0.412269 -0.154047 -0.897944 -89.879816 0.026081 0.987193 -0.157384 -10.416575 0.910689 0.041465 0.411007 101.114164
0.415908 -0.152549 -0.896521 -90.876616 0.028183 0.987519 -0.154958 -10.611589 0.908970 0.039181 0.415016 101.569829
0.420406 -0.151302 -0.894632 -91.862131 0.030168 0.987785 -0.152879 -10.799702 0.906835 0.037282 0.419835 102.027827
0.425895 -0.150920 -0.892097 -92.851880 0.031968 0.987885 -0.151863 -10.983775 0.904208 0.036159 0.425560 102.498483
0.432794 -0.149218 -0.889058 -93.841498 0.032814 0.988160 -0.149877 -11.166396 0.900896 0.035693 0.432566 102.979530
0.440801 -0.147470 -0.885408 -94.823741 0.034092 0.988451 -0.147659 -11.346863 0.896957 0.034903 0.440738 103.469296
0.449767 -0.146082 -0.881118 -95.797479 0.035612 0.988682 -0.145737 -11.524232 0.892436 0.034170 0.449879 103.969374
0.459078 -0.144983 -0.876486 -96.766988 0.037557 0.988879 -0.143903 -11.699254 0.887602 0.033145 0.459418 104.481023
0.468690 -0.144026 -0.871542 -97.723637 0.040661 0.989091 -0.141585 -11.873241 0.882427 0.030922 0.469433 104.999125
0.478489 -0.143115 -0.866352 -98.661333 0.045342 0.989340 -0.138389 -12.042807 0.876922 0.026935 0.479877 105.520826
0.489514 -0.141212 -0.860486 -99.589609 0.049092 0.989699 -0.134489 -12.208879 0.870613 0.023591 0.491403 106.054543
0.502140 -0.138358 -0.853647 -100.507764 0.050686 0.990130 -0.130664 -12.367050 0.863300 0.022343 0.504197 106.602653
0.514915 -0.135519 -0.846462 -101.418566 0.050962 0.990518 -0.127581 -12.520872 0.855726 0.022556 0.516939 107.165667
0.527273 -0.133431 -0.839154 -102.319637 0.050669 0.990774 -0.125702 -12.675619 0.848184 0.023761 0.529169 107.742237
0.538746 -0.133132 -0.831883 -103.212862 0.052114 0.990811 -0.124816 -12.827424 0.840855 0.023892 0.540733 108.332158
0.549564 -0.133501 -0.824716 -104.114568 0.054318 0.990771 -0.124186 -12.981537 0.833684 0.023451 0.551744 108.945571
0.560579 -0.134058 -0.817178 -104.977355 0.057529 0.990730 -0.123064 -13.132490 0.826100 0.021976 0.563095 109.549028
0.571550 -0.135470 -0.809308 -105.813576 0.059917 0.990535 -0.123491 -13.281231 0.818377 0.022090 0.574257 110.153857
0.582238 -0.135184 -0.801701 -106.643102 0.061406 0.990575 -0.122436 -13.429014 0.810697 0.022057 0.585051 110.769768
0.593129 -0.132908 -0.794061 -107.450416 0.061525 0.990879 -0.119894 -13.570176 0.802753 0.022258 0.595896 111.383959
0.603416 -0.131173 -0.786564 -108.267824 0.059826 0.991045 -0.119378 -13.711066 0.795180 0.024978 0.605860 112.023534
0.613593 -0.129048 -0.779006 -109.068345 0.060875 0.991350 -0.116276 -13.849069 0.787273 0.023925 0.616141 112.663789
0.623315 -0.128240 -0.771383 -109.831619 0.063927 0.991516 -0.113180 -13.980388 0.779353 0.021234 0.626225 113.290577
0.632623 -0.127902 -0.763825 -110.602470 0.066822 0.991605 -0.110699 -14.107738 0.771572 0.018991 0.635859 113.939405
0.641881 -0.127690 -0.756098 -111.354828 0.068320 0.991640 -0.109469 -14.233162 0.763755 0.018609 0.645239 114.589559
0.651009 -0.125757 -0.748581 -112.100532 0.067728 0.991871 -0.107728 -14.360820 0.756043 0.019431 0.654234 115.248396
0.659704 -0.123660 -0.741282 -112.839431 0.066570 0.992108 -0.106259 -14.489919 0.748572 0.020753 0.662730 115.917504
0.668070 -0.122893 -0.733880 -113.564024 0.067039 0.992197 -0.105122 -14.614872 0.741073 0.021031 0.671096 116.588803
0.675632 -0.122042 -0.727067 -114.269660 0.068552 0.992330 -0.102866 -14.733804 0.734045 0.019658 0.678817 117.252119
0.682826 -0.120722 -0.720538 -114.961890 0.069149 0.992505 -0.100758 -14.847847 0.727302 0.018976 0.686056 117.914884
0.690428 -0.118108 -0.713694 -115.635449 0.067404 0.992793 -0.099088 -14.959796 0.720254 0.020308 0.693413 118.574506
0.698176 -0.115364 -0.706571 -116.293839 0.066056 0.993102 -0.096875 -15.068295 0.712873 0.020962 0.700980 119.233694
0.705527 -0.114139 -0.699432 -116.934520 0.066550 0.993255 -0.094958 -15.171961 0.705552 0.020449 0.708363 119.888699
0.712862 -0.113344 -0.692084 -117.557451 0.067627 0.993364 -0.093029 -15.271390 0.698036 0.019513 0.715797 120.539348
0.720992 -0.110723 -0.684040 -118.172358 0.067787 0.993687 -0.089396 -15.367260 0.689620 0.018085 0.723946 121.195642
0.730358 -0.107760 -0.674511 -118.777272 0.066319 0.993999 -0.086992 -15.462747 0.679838 0.018803 0.733122 121.862372
0.740166 -0.103618 -0.664392 -119.369745 0.064356 0.994437 -0.083396 -15.554924 0.669338 0.018969 0.742717 122.533910
0.750050 -0.101785 -0.653502 -119.935842 0.065095 0.994651 -0.080208 -15.642965 0.658171 0.017620 0.752663 123.198385
0.759705 -0.101180 -0.642348 -120.482596 0.067377 0.994752 -0.077003 -15.727014 0.646768 0.015220 0.762535 123.861467
0.769331 -0.102491 -0.630576 -121.020134 0.070686 0.994643 -0.075424 -15.805834 0.634928 0.013453 0.772454 124.536022
0.779494 -0.101520 -0.618129 -121.540058 0.071528 0.994751 -0.073175 -15.881650 0.622313 0.012826 0.782664 125.209947
0.790205 -0.099670 -0.604683 -122.055266 0.071168 0.994935 -0.070992 -15.956662 0.608697 0.013064 0.793296 125.903946
0.800689 -0.096684 -0.591228 -122.547907 0.069387 0.995216 -0.068778 -16.029003 0.595050 0.014046 0.803567 126.592253
0.810514 -0.094959 -0.577971 -123.015990 0.068435 0.995365 -0.067567 -16.098849 0.581708 0.015211 0.813256 127.270673
0.819908 -0.092819 -0.564922 -123.474710 0.066842 0.995541 -0.066559 -16.167694 0.568581 0.016812 0.822456 127.958608
0.828213 -0.091454 -0.552901 -123.931663 0.065887 0.995643 -0.065992 -16.235245 0.556527 0.018226 0.830630 128.663530
0.835582 -0.091159 -0.541750 -124.377328 0.065450 0.995632 -0.066584 -16.302749 0.545453 0.020179 0.837899 129.372432
0.842407 -0.091119 -0.531081 -124.821317 0.066166 0.995632 -0.065871 -16.371116 0.534764 0.020351 0.844757 130.094754
0.849055 -0.090586 -0.520480 -125.252166 0.067046 0.995701 -0.063922 -16.436649 0.524033 0.019377 0.851478 130.813235
0.855901 -0.088833 -0.509453 -125.673654 0.066882 0.995877 -0.061287 -16.501368 0.512798 0.018382 0.858313 131.536788
0.862424 -0.087956 -0.498488 -126.084868 0.067242 0.995967 -0.059400 -16.564658 0.501702 0.017709 0.864860 132.265130
0.868369 -0.088196 -0.488014 -126.484941 0.068065 0.995943 -0.058877 -16.626975 0.491227 0.017910 0.870848 132.996037
0.873330 -0.089755 -0.478790 -126.880375 0.070007 0.995802 -0.058980 -16.686978 0.482074 0.017990 0.875947 133.734039
0.877688 -0.090538 -0.470602 -127.274806 0.071317 0.995734 -0.058559 -16.745083 0.473896 0.017834 0.880401 134.481536
0.881431 -0.089872 -0.463685 -127.665972 0.071111 0.995791 -0.057828 -16.802057 0.466931 0.017998 0.884111 135.232580
0.885177 -0.086953 -0.457056 -128.058993 0.068392 0.996027 -0.057036 -16.859104 0.460200 0.019228 0.887607 135.997800
0.888871 -0.082256 -0.450714 -128.458360 0.064743 0.996431 -0.054168 -16.916159 0.453561 0.018967 0.891024 136.785706
0.892403 -0.079263 -0.444223 -128.851697 0.062533 0.996676 -0.052215 -16.971977 0.446886 0.018818 0.894394 137.578246
0.895853 -0.076643 -0.437691 -129.246283 0.060851 0.996893 -0.050017 -17.026927 0.440165 0.018174 0.897733 138.388233
0.899185 -0.074416 -0.431196 -129.645237 0.059120 0.997058 -0.048787 -17.080293 0.433558 0.018376 0.900939 139.223918
0.902761 -0.071611 -0.424140 -130.048814 0.056632 0.997249 -0.047834 -17.135520 0.426399 0.019163 0.904333 140.089802
0.906392 -0.070315 -0.416544 -130.447010 0.055161 0.997308 -0.048324 -17.191730 0.418821 0.020824 0.907831 140.968629
0.910034 -0.069789 -0.408616 -130.836599 0.054697 0.997324 -0.048521 -17.247095 0.410909 0.021805 0.911416 141.848751
0.913701 -0.070238 -0.400271 -131.223136 0.055247 0.997276 -0.048886 -17.302722 0.402614 0.022554 0.915092 142.746297
0.917488 -0.071688 -0.391251 -131.608613 0.056306 0.997128 -0.050662 -17.363475 0.393759 0.024453 0.918889 143.672500
0.921408 -0.073562 -0.381572 -131.988985 0.058501 0.996987 -0.050941 -17.425070 0.384170 0.024615 0.922935 144.610056
0.925801 -0.075895 -0.370314 -132.355250 0.061583 0.996832 -0.050337 -17.482865 0.372962 0.023797 0.927542 145.543420
0.931080 -0.076326 -0.356743 -132.709446 0.063550 0.996852 -0.047419 -17.538053 0.359239 0.021480 0.932999 146.484978
0.937270 -0.074127 -0.340632 -133.049614 0.063318 0.997078 -0.042755 -17.589324 0.342806 0.018505 0.939225 147.441272
0.944040 -0.070662 -0.322173 -133.373807 0.061496 0.997363 -0.038554 -17.637108 0.324048 0.016584 0.945896 148.422696
0.950743 -0.068514 -0.302313 -133.675975 0.060911 0.997547 -0.034519 -17.682653 0.303937 0.014404 0.952584 149.413609
0.957223 -0.067201 -0.281440 -133.955880 0.060774 0.997654 -0.031514 -17.727086 0.282898 0.013061 0.959062 150.416611
0.963371 -0.065371 -0.260083 -134.216518 0.059876 0.997785 -0.029004 -17.767095 0.261404 0.012369 0.965151 151.441452
0.969138 -0.062830 -0.238380 -134.457121 0.057904 0.997940 -0.027618 -17.804638 0.239625 0.012963 0.970780 152.486936
0.974559 -0.059390 -0.216122 -134.679242 0.055257 0.998156 -0.025122 -17.838444 0.217215 0.012541 0.976044 153.556616
0.979463 -0.055093 -0.193951 -134.879283 0.051611 0.998404 -0.022963 -17.873174 0.194906 0.012481 0.980743 154.644198
0.983840 -0.051749 -0.171411 -135.058895 0.048913 0.998588 -0.020733 -17.908430 0.172242 0.012013 0.984982 155.759102
0.987453 -0.051471 -0.149293 -135.213225 0.049349 0.998622 -0.017889 -17.941826 0.150009 0.010297 0.988632 156.874373
0.990338 -0.053565 -0.127915 -135.342071 0.051773 0.998510 -0.017293 -17.974032 0.128651 0.010503 0.991635 157.998585
0.992789 -0.054071 -0.106989 -135.450653 0.052696 0.998489 -0.015641 -18.006172 0.107673 0.009891 0.994138 159.137673
0.994911 -0.051954 -0.086329 -135.535714 0.050767 0.998585 -0.015884 -18.038649 0.087033 0.011420 0.996141 160.285992
0.996591 -0.050005 -0.065628 -135.599401 0.049129 0.998682 -0.014909 -18.072416 0.066288 0.011634 0.997733 161.455056
0.997794 -0.048939 -0.044863 -135.640028 0.048390 0.998741 -0.013243 -18.100697 0.045454 0.011043 0.998906 162.638372
0.998560 -0.047854 -0.024250 -135.658341 0.047614 0.998812 -0.010394 -18.128852 0.024719 0.009224 0.999652 163.848008
0.998886 -0.047066 -0.003591 -135.649736 0.047033 0.998854 -0.008912 -18.153183 0.004007 0.008733 0.999954 165.058165
0.998744 -0.047288 0.016574 -135.619628 0.047384 0.998863 -0.005418 -18.172619 -0.016299 0.006197 0.999849 166.269974
0.998184 -0.047886 0.036562 -135.562919 0.048043 0.998840 -0.003427 -18.192337 -0.036355 0.005177 0.999326 167.501021
0.997213 -0.049661 0.055686 -135.481724 0.049880 0.998752 -0.002547 -18.210560 -0.055489 0.005317 0.998446 168.756846
0.995845 -0.052027 0.074746 -135.378103 0.052157 0.998639 0.000222 -18.225900 -0.074656 0.003678 0.997203 170.021143
0.994143 -0.053379 0.093972 -135.244933 0.053459 0.998569 0.001671 -18.237909 -0.093926 0.003362 0.995574 171.317868
0.992016 -0.056044 0.112976 -135.085695 0.056088 0.998423 0.002789 -18.250588 -0.112954 0.003570 0.993594 172.625481
0.989393 -0.061061 0.131810 -134.904904 0.060974 0.998129 0.004695 -18.262881 -0.131849 0.003391 0.991265 173.920453
0.986494 -0.067465 0.149258 -134.707195 0.067157 0.997718 0.007108 -18.270957 -0.149396 0.003012 0.988773 175.184917
0.983368 -0.072264 0.166632 -134.483820 0.071628 0.997384 0.009832 -18.275970 -0.166906 0.002267 0.985971 176.462229
0.980026 -0.076066 0.183746 -134.233565 0.074984 0.997103 0.012838 -18.276912 -0.184190 0.001196 0.982891 177.760654
0.976444 -0.078468 0.200997 -133.959133 0.076889 0.996917 0.015667 -18.275883 -0.201606 0.000156 0.979467 179.053996
0.972851 -0.077501 0.218071 -133.653232 0.075692 0.996993 0.016645 -18.271409 -0.218705 0.000313 0.975792 180.369450
0.969024 -0.077314 0.234553 -133.320500 0.075357 0.997007 0.017312 -18.266623 -0.235190 0.000900 0.971950 181.690331
0.964563 -0.081399 0.250985 -132.968203 0.079585 0.996677 0.017387 -18.261825 -0.251566 0.003204 0.967835 183.003736
0.959859 -0.084890 0.267328 -132.594883 0.082775 0.996384 0.019195 -18.253623 -0.267990 0.003704 0.963415 184.316064
0.955288 -0.085084 0.283170 -132.199383 0.081954 0.996374 0.022904 -18.240841 -0.284092 0.001327 0.958797 185.630570
0.950240 -0.085789 0.299475 -131.786882 0.081423 0.996313 0.027052 -18.223139 -0.300691 -0.001322 0.953721 186.920003
0.944351 -0.089123 0.316636 -131.336227 0.083242 0.996013 0.032081 -18.197611 -0.318232 -0.003938 0.948005 188.248665
0.938068 -0.092184 0.333961 -130.856251 0.086038 0.995740 0.033183 -18.170019 -0.335597 -0.002395 0.942003 189.569159
0.931754 -0.093970 0.350721 -130.345137 0.087092 0.995573 0.035370 -18.138058 -0.352492 -0.002411 0.935812 190.904426
0.924608 -0.097557 0.368217 -129.808199 0.090959 0.995230 0.035279 -18.104532 -0.369902 0.000874 0.929071 192.224985
0.916013 -0.103192 0.387649 -129.256814 0.095506 0.994661 0.039100 -18.068588 -0.389614 0.001207 0.920978 193.510849
0.906589 -0.106725 0.408296 -128.658704 0.097194 0.994289 0.044087 -18.022961 -0.410669 -0.000284 0.911785 194.822580
0.895789 -0.108393 0.431060 -128.023410 0.096392 0.994105 0.049660 -17.968752 -0.433902 -0.002934 0.900956 196.122935
0.883318 -0.111582 0.455300 -127.350689 0.096333 0.993737 0.056643 -17.908862 -0.458769 -0.006173 0.888535 197.409368
0.870080 -0.115295 0.479237 -126.639806 0.097125 0.993300 0.062632 -17.838753 -0.483247 -0.007949 0.875449 198.680164
0.856116 -0.118693 0.502969 -125.886851 0.097205 0.992881 0.068849 -17.758437 -0.507559 -0.010052 0.861559 199.943465
0.842247 -0.120355 0.525486 -125.089483 0.096553 0.992677 0.072603 -17.672276 -0.530376 -0.010412 0.847699 201.202172
0.827365 -0.121725 0.548316 -124.260609 0.095549 0.992508 0.076159 -17.582804 -0.553478 -0.010620 0.832797 202.432244
0.811618 -0.124724 0.570720 -123.406422 0.097126 0.992156 0.078702 -17.489569 -0.576059 -0.008444 0.817365 203.624754
0.795570 -0.127992 0.592188 -122.515175 0.099243 0.991759 0.081026 -17.389755 -0.597678 -0.005691 0.801716 204.802339
0.780012 -0.130024 0.612108 -121.597728 0.099353 0.991500 0.084009 -17.287045 -0.617828 -0.004713 0.786300 205.954903
0.764345 -0.131912 0.631170 -120.680319 0.099626 0.991257 0.086522 -17.183806 -0.637065 -0.003251 0.770804 207.050041
0.749241 -0.132270 0.648956 -119.693331 0.098482 0.991212 0.088328 -17.068211 -0.654935 -0.002269 0.755682 208.177557
0.734469 -0.133271 0.665428 -118.677568 0.097710 0.991079 0.090645 -16.948277 -0.671571 -0.001557 0.740939 209.289581
0.719660 -0.133960 0.681281 -117.646574 0.097619 0.990987 0.091739 -16.829697 -0.687430 0.000485 0.726251 210.367597
0.704883 -0.135549 0.696251 -116.586462 0.098654 0.990766 0.093009 -16.709169 -0.702429 0.003128 0.711747 211.431174
0.689977 -0.138103 0.710534 -115.519874 0.100797 0.990398 0.094618 -16.586447 -0.716778 0.006335 0.697273 212.458834
0.675526 -0.140137 0.723897 -114.432868 0.101026 0.990106 0.097396 -16.458893 -0.730382 0.007339 0.683000 213.467955
0.660911 -0.141158 0.737069 -113.324636 0.099478 0.989963 0.100391 -16.327680 -0.743842 0.006972 0.668320 214.456353
0.645229 -0.142830 0.750520 -112.196859 0.097172 0.989734 0.104814 -16.189345 -0.757785 0.005300 0.652483 215.422267
0.629226 -0.145054 0.763567 -111.030704 0.093533 0.989423 0.110883 -16.038992 -0.771574 0.001648 0.636138 216.382012
0.612950 -0.147091 0.776310 -109.856869 0.089789 0.989122 0.116519 -15.883848 -0.785004 -0.001716 0.619489 217.305914
0.596502 -0.150110 0.788449 -108.667553 0.086720 0.988659 0.122620 -15.723222 -0.797913 -0.004769 0.602755 218.202139
0.579789 -0.153486 0.800179 -107.499822 0.086699 0.988143 0.126720 -15.563650 -0.810141 -0.004096 0.586222 219.043514
0.562762 -0.157853 0.811407 -106.315720 0.085955 0.987452 0.132486 -15.395236 -0.822138 -0.004814 0.569269 219.863405
0.544473 -0.158996 0.823571 -105.117774 0.082100 0.987258 0.136319 -15.221108 -0.834751 -0.006607 0.550589 220.650081
0.525432 -0.159761 0.835702 -103.909396 0.076706 0.987109 0.140477 -15.038807 -0.847371 -0.009707 0.530913 221.401712
0.506074 -0.159422 0.847629 -102.687602 0.070832 0.987132 0.143370 -14.853205 -0.859577 -0.012516 0.510854 222.119588
0.486415 -0.159791 0.858992 -101.459776 0.064763 0.987025 0.146934 -14.670323 -0.871325 -0.015840 0.490452 222.802825
0.466689 -0.159927 0.869842 -100.221093 0.060184 0.986979 0.149173 -14.483257 -0.882372 -0.017266 0.470237 223.453603
0.446238 -0.160790 0.880351 -98.995958 0.055905 0.986815 0.151897 -14.298898 -0.893167 -0.018566 0.449344 224.060689
0.426696 -0.159962 0.890136 -97.744382 0.051769 0.986941 0.152543 -14.114509 -0.902912 -0.019008 0.429405 224.645543
0.406518 -0.159235 0.899660 -96.499415 0.048952 0.987078 0.152588 -13.932837 -0.912331 -0.017990 0.409060 225.191078
0.386410 -0.157179 0.908836 -95.258054 0.045897 0.987429 0.151257 -13.754243 -0.921185 -0.016735 0.388767 225.700163
0.366613 -0.156600 0.917100 -94.000654 0.040497 0.987485 0.152429 -13.571646 -0.929492 -0.018742 0.368366 226.186631
0.347455 -0.158257 0.924246 -92.746572 0.036836 0.987199 0.155188 -13.389962 -0.936973 -0.019875 0.348837 226.645851
0.327858 -0.161805 0.930768 -91.508176 0.038315 0.986691 0.158030 -13.209194 -0.943950 -0.016149 0.329694 227.073160
0.308335 -0.168010 0.936324 -90.315758 0.044487 0.985750 0.162229 -13.028615 -0.950237 -0.008366 0.311416 227.461451
0.289385 -0.174143 0.941239 -89.199664 0.048694 0.984718 0.167216 -12.850844 -0.955974 -0.002557 0.293442 227.801395
0.270952 -0.179969 0.945620 -88.002484 0.048886 0.983673 0.173204 -12.649240 -0.961351 -0.000702 0.275326 228.141944
0.252469 -0.184601 0.949833 -86.820711 0.045943 0.982813 0.178799 -12.447740 -0.966514 -0.001503 0.256611 228.452787
0.234561 -0.190181 0.953317 -85.635311 0.041901 0.981743 0.185542 -12.235911 -0.971198 -0.003576 0.238248 228.741924
0.216659 -0.193226 0.956934 -84.451365 0.038479 0.981146 0.189403 -12.021196 -0.975489 -0.004214 0.220009 229.004587
0.198829 -0.194609 0.960518 -83.278237 0.033378 0.980863 0.191822 -11.805680 -0.979466 -0.006080 0.201519 229.238702
0.180749 -0.196303 0.963740 -82.085583 0.029666 0.980522 0.194157 -11.586585 -0.983082 -0.006503 0.183052 229.454363
0.162745 -0.197660 0.966667 -80.921811 0.026929 0.980254 0.195904 -11.370308 -0.986301 -0.005852 0.164854 229.642411
0.144600 -0.203199 0.968401 -79.776372 0.026263 0.979131 0.201529 -11.151731 -0.989142 -0.003708 0.146919 229.809132
0.126585 -0.205198 0.970500 -78.640084 0.024470 0.978719 0.203744 -10.928588 -0.991654 -0.002043 0.128913 229.948969
0.111242 -0.207336 0.971924 -77.508395 0.018650 0.978258 0.206553 -10.704658 -0.993619 -0.004851 0.112691 230.071293
0.097352 -0.206385 0.973616 -76.362447 0.011746 0.978433 0.206232 -10.477754 -0.995181 -0.008641 0.097677 230.175750
0.085005 -0.207540 0.974526 -75.227991 0.005572 0.978151 0.207826 -10.251626 -0.996365 -0.012236 0.084304 230.266790
0.073715 -0.206439 0.975679 -74.103625 0.000701 0.978352 0.206951 -10.030483 -0.997280 -0.014571 0.072264 230.341713
0.063914 -0.207318 0.976184 -72.993497 -0.000615 0.978176 0.207782 -9.816413 -0.997956 -0.013881 0.062392 230.408771
0.056104 -0.208590 0.976393 -71.914849 0.000487 0.977939 0.208892 -9.606028 -0.998425 -0.011244 0.054968 230.467723
0.049938 -0.210420 0.976335 -70.853694 0.001024 0.977565 0.210632 -9.400816 -0.998752 -0.009519 0.049033 230.521307
0.043913 -0.211704 0.976347 -69.803475 0.004330 0.977321 0.211720 -9.197836 -0.999026 -0.005070 0.043834 230.569127
0.037470 -0.212106 0.976528 -68.792855 0.012185 0.977239 0.211793 -8.998532 -0.999224 0.003963 0.039202 230.611079
0.033225 -0.214816 0.976089 -67.778994 0.014023 0.976633 0.214459 -8.786701 -0.999350 0.006563 0.035462 230.651539
0.031502 -0.213719 0.976387 -66.749219 0.005868 0.976895 0.213641 -8.566070 -0.999487 -0.001001 0.032028 230.686443
0.031415 -0.212381 0.976682 -65.720085 -0.003779 0.977133 0.212600 -8.354029 -0.999500 -0.010370 0.029895 230.719161
0.031274 -0.212070 0.976754 -64.688638 -0.007483 0.977156 0.212396 -8.146905 -0.999483 -0.013952 0.028972 230.753973
0.031210 -0.213499 0.976445 -63.678636 -0.005055 0.976875 0.213754 -7.944366 -0.999500 -0.011607 0.029409 230.792109
0.031327 -0.213037 0.976542 -62.686666 -0.001427 0.977011 0.213185 -7.745187 -0.999508 -0.008072 0.030304 230.828025
0.033119 -0.215135 0.976023 -61.688155 0.001598 0.976569 0.215201 -7.543166 -0.999450 -0.005568 0.032687 230.872355
0.035509 -0.216959 0.975535 -60.704651 0.002945 0.976170 0.216993 -7.342300 -0.999365 -0.004832 0.035302 230.919104
0.038188 -0.217416 0.975332 -59.733311 0.005595 0.976076 0.217362 -7.141338 -0.999255 -0.002844 0.038491 230.966907
0.042012 -0.219681 0.974667 -58.769181 0.007565 0.975571 0.219559 -6.939674 -0.999089 -0.001850 0.042647 231.021911
0.046998 -0.220853 0.974174 -57.818182 0.010215 0.975308 0.220617 -6.736714 -0.998843 -0.000417 0.048094 231.080902
0.053202 -0.221453 0.973719 -56.854160 0.011083 0.975171 0.221177 -6.530699 -0.998523 -0.000975 0.054335 231.146786
0.059707 -0.220288 0.973606 -55.887230 0.012234 0.975435 0.219951 -6.322955 -0.998141 -0.001221 0.060936 231.217323
0.066571 -0.218070 0.973660 -54.945448 0.013912 0.975933 0.217628 -6.122486 -0.997685 -0.000943 0.068003 231.292783
0.073128 -0.216636 0.973510 -54.003385 0.017072 0.976253 0.215963 -5.922741 -0.997177 0.000826 0.075090 231.376792
0.079731 -0.216372 0.973050 -53.058147 0.019022 0.976311 0.215538 -5.723485 -0.996635 0.001324 0.081958 231.468467
0.086641 -0.216615 0.972405 -52.115881 0.019991 0.976257 0.215692 -5.524462 -0.996039 0.000751 0.088914 231.567842
0.093455 -0.215828 0.971949 -51.146492 0.019613 0.976432 0.214937 -5.322794 -0.995431 -0.001024 0.095486 231.674001
0.100387 -0.214868 0.971470 -50.200908 0.019890 0.976641 0.213956 -5.131406 -0.994750 -0.002156 0.102316 231.784870
0.107124 -0.214243 0.970889 -49.252719 0.022084 0.976780 0.213107 -4.940571 -0.994001 -0.001388 0.109368 231.903227
0.113412 -0.213020 0.970444 -48.307902 0.025726 0.977048 0.211463 -4.751564 -0.993215 0.000983 0.116289 232.027115
0.119683 -0.212271 0.969854 -47.383111 0.028685 0.977208 0.210340 -4.566871 -0.992398 0.002646 0.123045 232.155608
0.126099 -0.213646 0.968739 -46.459084 0.031901 0.976902 0.211294 -4.380643 -0.991505 0.004260 0.130002 232.293481
0.133101 -0.215142 0.967470 -45.537318 0.033787 0.976573 0.212518 -4.193163 -0.990527 0.004402 0.137252 232.438778
0.140460 -0.215301 0.966394 -44.614865 0.035007 0.976540 0.212473 -4.004163 -0.989468 0.003987 0.144702 232.590122
0.147724 -0.214960 0.965386 -43.685811 0.033970 0.976622 0.212264 -3.815861 -0.988445 0.001437 0.151573 232.748936
0.154637 -0.214083 0.964498 -42.761692 0.033669 0.976816 0.211419 -3.631421 -0.987398 -0.000220 0.158260 232.912447
0.161450 -0.213284 0.963558 -41.837325 0.034235 0.976990 0.210521 -3.448225 -0.986287 -0.001002 0.165037 233.083159
0.167946 -0.212960 0.962519 -40.934285 0.037004 0.977062 0.209720 -3.267301 -0.985102 0.000395 0.171974 233.257110
