0.999874 -0.000992 0.015874 0.012506 0.000967 0.999998 0.001598 -0.000093 -0.015876 -0.001582 0.999873 0.140926
0.999307 -0.000856 0.037212 0.032619 0.000686 0.999989 0.004589 0.002275 -0.037215 -0.004560 0.999297 0.288601
0.997896 0.000211 0.064840 0.066001 -0.000615 0.999980 0.006217 0.006514 -0.064837 -0.006244 0.997876 0.451238
0.995050 0.002625 0.099335 0.117704 -0.003198 0.999979 0.005605 0.010535 -0.099319 -0.005895 0.995038 0.630671
0.990436 0.005033 0.137878 0.185786 -0.005403 0.999983 0.002307 0.013216 -0.137864 -0.003029 0.990447 0.829926
0.983959 0.005845 0.178297 0.264581 -0.005820 0.999983 -0.000664 0.015904 -0.178298 -0.000384 0.983977 1.036152
0.974962 0.006755 0.222268 0.358152 -0.006760 0.999977 -0.000736 0.017187 -0.222268 -0.000785 0.974985 1.245941
0.962858 0.009455 0.269844 0.470699 -0.009757 0.999952 -0.000226 0.018609 -0.269833 -0.002416 0.962904 1.466812
0.948133 0.017043 0.317416 0.605069 -0.016954 0.999852 -0.003041 0.016489 -0.317421 -0.002498 0.948282 1.694184
0.930434 0.026231 0.365519 0.755784 -0.023900 0.999655 -0.010901 0.011713 -0.365678 0.001407 0.930740 1.913418
0.908680 0.031657 0.416292 0.924509 -0.027282 0.999492 -0.016456 0.004106 -0.416602 0.003596 0.909082 2.132970
0.883023 0.034739 0.468043 1.112322 -0.029787 0.999394 -0.017981 -0.003841 -0.468384 0.001936 0.883523 2.354206
0.854327 0.038376 0.518317 1.312812 -0.032798 0.999263 -0.019925 -0.011918 -0.518700 0.000023 0.854956 2.564972
0.821534 0.043559 0.568492 1.541341 -0.035403 0.999050 -0.025387 -0.024656 -0.569059 0.000730 0.822296 2.778486
0.785193 0.048284 0.617366 1.785206 -0.036314 0.998830 -0.031933 -0.036707 -0.618185 0.002654 0.786028 2.977073
0.746557 0.052007 0.663286 2.049597 -0.036266 0.998639 -0.037483 -0.052817 -0.664332 0.003929 0.747427 3.175861
0.706023 0.054963 0.706052 2.336258 -0.034520 0.998469 -0.043208 -0.070766 -0.707347 0.006133 0.706840 3.371443
0.663546 0.056792 0.745976 2.640956 -0.032526 0.998362 -0.047074 -0.090316 -0.747428 0.006972 0.664306 3.560367
0.620325 0.056492 0.782308 2.975299 -0.031653 0.998393 -0.046997 -0.114597 -0.783706 0.004391 0.621116 3.751375
0.578046 0.057061 0.814007 3.333095 -0.029949 0.998363 -0.048716 -0.139805 -0.815454 0.003781 0.578809 3.937337
0.537387 0.058293 0.841319 3.723712 -0.028512 0.998294 -0.050957 -0.167441 -0.842854 0.003396 0.538132 4.125359
0.497957 0.060281 0.865104 4.142056 -0.027845 0.998178 -0.053526 -0.196883 -0.866755 0.002564 0.498728 4.310927
0.460110 0.059962 0.885835 4.576479 -0.025489 0.998198 -0.054328 -0.229380 -0.887496 0.002418 0.460809 4.488916
0.423635 0.060709 0.903796 5.040202 -0.021693 0.998145 -0.056878 -0.264050 -0.905573 0.004490 0.424166 4.659796
0.390036 0.062622 0.918668 5.529197 -0.016514 0.998000 -0.061018 -0.299822 -0.920651 0.008629 0.390290 4.823027
0.360615 0.064748 0.930464 6.043886 -0.011004 0.997813 -0.065170 -0.337391 -0.932650 0.013263 0.360539 4.983812
0.335294 0.065585 0.939828 6.575544 -0.006315 0.997708 -0.067371 -0.375955 -0.942092 0.016654 0.334939 5.141826
0.315103 0.066941 0.946694 7.134586 -0.003374 0.997582 -0.069416 -0.417366 -0.949051 0.018679 0.314567 5.303526
0.300233 0.068957 0.951370 7.716902 -0.002129 0.997429 -0.071624 -0.462960 -0.953864 0.019479 0.299608 5.468971
0.288409 0.070872 0.954881 8.326218 -0.002180 0.997303 -0.073362 -0.512769 -0.957505 0.019077 0.287786 5.638930
0.277381 0.070457 0.958173 8.958917 -0.003352 0.997372 -0.072369 -0.564848 -0.960754 0.016862 0.276888 5.812716
0.266775 0.070460 0.961179 9.602755 -0.004390 0.997402 -0.071897 -0.617067 -0.963749 0.014961 0.266391 5.982049
0.256711 0.070711 0.963898 10.284715 -0.005433 0.997410 -0.071723 -0.672585 -0.966473 0.013175 0.256430 6.154792
0.246388 0.070636 0.966593 10.984957 -0.006555 0.997439 -0.071219 -0.730643 -0.969149 0.011211 0.246220 6.324563
0.235968 0.071919 0.969096 11.703383 -0.007312 0.997361 -0.072236 -0.791649 -0.971733 0.009959 0.235871 6.489393
0.225545 0.072627 0.971522 12.447517 -0.007778 0.997320 -0.072750 -0.855057 -0.974202 0.008852 0.225506 6.653467
0.214745 0.072531 0.973973 13.199931 -0.010178 0.997351 -0.072028 -0.920854 -0.976617 0.005554 0.214914 6.812749
0.203092 0.072447 0.976476 13.974425 -0.013236 0.997371 -0.071245 -0.987863 -0.979070 0.001544 0.203517 6.966677
0.190404 0.073345 0.978962 14.774054 -0.016133 0.997304 -0.071582 -1.060272 -0.981573 -0.002164 0.191074 7.113013
0.177280 0.073565 0.981407 15.582873 -0.017276 0.997281 -0.071634 -1.135539 -0.984009 -0.004256 0.178069 7.249669
0.163413 0.074085 0.983772 16.379269 -0.016760 0.997241 -0.072315 -1.211334 -0.986415 -0.004671 0.164204 7.370980
0.149006 0.073410 0.986107 17.189395 -0.014501 0.997295 -0.072051 -1.285688 -0.988730 -0.003563 0.149668 7.482089
0.132405 0.073610 0.988458 17.996309 -0.012030 0.997284 -0.072655 -1.361893 -0.991123 -0.002271 0.132931 7.575178
0.111918 0.072231 0.991089 18.802300 -0.008940 0.997387 -0.071681 -1.436646 -0.993677 -0.000838 0.112272 7.649392
0.086384 0.069379 0.993843 19.605571 -0.005693 0.997590 -0.069145 -1.506250 -0.996245 0.000315 0.086571 7.697425
0.056000 0.067046 0.996177 20.411730 -0.003215 0.997750 -0.066971 -1.576433 -0.998425 0.000548 0.056089 7.716373
0.022893 0.065732 0.997574 21.221466 -0.000746 0.997837 -0.065732 -1.646546 -0.999738 0.000761 0.022893 7.705165
-0.011258 0.065827 0.997767 22.035477 0.002263 0.997830 -0.065806 -1.717445 -0.999934 0.001517 -0.011383 7.663499
-0.044984 0.066156 0.996795 22.855720 0.005788 0.997805 -0.065962 -1.786898 -0.998971 0.002802 -0.045268 7.594183
-0.077806 0.065574 0.994809 23.683491 0.010406 0.997834 -0.064960 -1.854376 -0.996914 0.005298 -0.078319 7.498248
-0.110965 0.065464 0.991666 24.488986 0.016281 0.997814 -0.064048 -1.922667 -0.993691 0.009038 -0.111788 7.373791
-0.142521 0.070219 0.987298 25.335630 0.022327 0.997455 -0.067719 -1.999043 -0.989540 0.012392 -0.143726 7.211926
-0.173335 0.077297 0.981825 26.195348 0.029328 0.996878 -0.073304 -2.081928 -0.984426 0.016089 -0.175060 7.017011
-0.203171 0.083374 0.975587 27.041803 0.036299 0.996325 -0.077587 -2.165161 -0.978470 0.019649 -0.205450 6.798616
-0.231631 0.090770 0.968560 27.898475 0.043123 0.995617 -0.082993 -2.255045 -0.971847 0.022543 -0.234530 6.551631
-0.258985 0.100235 0.960666 28.755941 0.049458 0.994672 -0.090449 -2.355333 -0.964614 0.024088 -0.262563 6.275951
-0.283621 0.107959 0.952840 29.615747 0.060968 0.993662 -0.094437 -2.463615 -0.956996 0.031308 -0.288406 5.979984
-0.307139 0.115947 0.944575 30.415067 0.078315 0.992263 -0.096336 -2.567414 -0.948437 0.044386 -0.313843 5.681933
-0.329454 0.121560 0.936313 31.203315 0.098794 0.990672 -0.093856 -2.662325 -0.938989 0.061581 -0.338391 5.367765
-0.351876 0.126063 0.927519 31.968585 0.117399 0.989009 -0.089883 -2.747070 -0.928655 0.077262 -0.362808 5.040970
-0.374991 0.130379 0.917814 32.854211 0.129236 0.987745 -0.087511 -2.846896 -0.917976 0.085799 -0.387245 4.638191
-0.397793 0.133039 0.907778 33.593938 0.135606 0.987089 -0.085239 -2.921665 -0.907398 0.089193 -0.410698 4.273949
-0.420225 0.134634 0.897376 34.329008 0.136446 0.987063 -0.084194 -2.997962 -0.897103 0.087063 -0.433159 3.889799
-0.441291 0.134060 0.887294 35.074132 0.132752 0.987651 -0.083199 -3.076548 -0.887490 0.081075 -0.453638 3.482983
-0.459682 0.137953 0.877303 35.808723 0.130046 0.987669 -0.087167 -3.159466 -0.878510 0.074021 -0.471954 3.058801
-0.473417 0.139523 0.869718 36.532687 0.131217 0.987529 -0.086997 -3.245856 -0.871010 0.072935 -0.485821 2.634168
-0.483811 0.143971 0.863249 37.251281 0.135268 0.986824 -0.088769 -3.334800 -0.864655 0.073822 -0.496912 2.202187
-0.492938 0.145407 0.857828 37.948528 0.139072 0.986428 -0.087290 -3.421633 -0.858878 0.076271 -0.506470 1.779411
-0.502556 0.141706 0.852852 38.634669 0.143676 0.986447 -0.079240 -3.495400 -0.852522 0.082712 -0.516105 1.361302
-0.513509 0.140763 0.846459 39.307414 0.143996 0.986600 -0.076712 -3.565023 -0.845916 0.082494 -0.526898 0.930486
-0.522174 0.142857 0.840789 39.983134 0.145394 0.986350 -0.077292 -3.637184 -0.840354 0.081885 -0.535817 0.485706
-0.528792 0.146280 0.836051 40.657147 0.148276 0.985810 -0.078700 -3.709308 -0.835699 0.082350 -0.542978 0.034717
-0.531251 0.147801 0.834223 41.320942 0.151333 0.985384 -0.078211 -3.781585 -0.833589 0.084696 -0.545853 -0.402026
-0.530334 0.148986 0.834595 42.010209 0.154162 0.984972 -0.077870 -3.852053 -0.833655 0.087366 -0.545332 -0.847436
-0.527230 0.150213 0.836340 42.713468 0.152936 0.984952 -0.080494 -3.927768 -0.835846 0.085467 -0.542270 -1.297625
-0.521249 0.148896 0.840315 43.442125 0.151789 0.985137 -0.080402 -4.008780 -0.839798 0.085641 -0.536102 -1.747670
-0.514339 0.147029 0.844889 44.181879 0.150334 0.985396 -0.079962 -4.091694 -0.844307 0.085888 -0.528932 -2.194882
-0.507032 0.146504 0.849385 44.935387 0.149693 0.985441 -0.080614 -4.172966 -0.848829 0.086273 -0.521581 -2.642147
-0.500430 0.144101 0.853700 45.721252 0.148823 0.985692 -0.079143 -4.256721 -0.852890 0.087445 -0.514716 -3.098332
-0.496217 0.139930 0.856847 46.522934 0.147794 0.986136 -0.075453 -4.341925 -0.855526 0.089196 -0.510019 -3.559763
-0.494872 0.135648 0.858313 47.347748 0.146636 0.986612 -0.071379 -4.424075 -0.856504 0.090536 -0.508137 -4.036475
-0.495267 0.132220 0.858620 48.179460 0.145596 0.987004 -0.068009 -4.501299 -0.856453 0.091329 -0.508081 -4.520552
-0.495955 0.130961 0.858416 49.018904 0.145292 0.987141 -0.066656 -4.577275 -0.856107 0.091662 -0.508605 -5.013340
-0.496284 0.130270 0.858331 49.882382 0.144878 0.987241 -0.066067 -4.654280 -0.855986 0.091565 -0.508825 -5.520739
-0.496258 0.129766 0.858422 50.792174 0.144603 0.987309 -0.065654 -4.736163 -0.856047 0.091549 -0.508725 -6.054894
-0.496526 0.129077 0.858371 51.669988 0.143541 0.987477 -0.065460 -4.817183 -0.856071 0.090709 -0.508836 -6.571144
-0.496315 0.128598 0.858565 52.560331 0.143491 0.987517 -0.064964 -4.900023 -0.856202 0.090953 -0.508573 -7.093737
-0.496289 0.126623 0.858873 53.454149 0.142736 0.987744 -0.063144 -4.981342 -0.856343 0.091254 -0.508281 -7.615798
-0.496047 0.125998 0.859105 54.343865 0.142157 0.987850 -0.062799 -5.062219 -0.856580 0.090977 -0.507931 -8.137099
-0.495268 0.125210 0.859670 55.218618 0.142305 0.987885 -0.061900 -5.139554 -0.857006 0.091678 -0.507086 -8.646804
-0.494057 0.124444 0.860477 56.106702 0.140875 0.988083 -0.062013 -5.220862 -0.857940 0.090581 -0.505701 -9.162096
-0.492386 0.123544 0.861564 56.994809 0.138189 0.988415 -0.062758 -5.305328 -0.859337 0.088158 -0.503754 -9.675090
-0.490207 0.122860 0.862903 57.883608 0.136513 0.988620 -0.063208 -5.388763 -0.860849 0.086813 -0.501400 -10.184144
-0.487916 0.123192 0.864153 58.773727 0.136020 0.988628 -0.064138 -5.473377 -0.862228 0.086248 -0.499124 -10.691392
-0.485713 0.123692 0.865322 59.661969 0.136310 0.988545 -0.064794 -5.558814 -0.863425 0.086481 -0.497009 -11.194924
-0.484650 0.123578 0.865935 60.543793 0.137078 0.988468 -0.064345 -5.642854 -0.863901 0.087516 -0.496001 -11.694224
-0.484962 0.123255 0.865806 61.415161 0.139169 0.988279 -0.062737 -5.726793 -0.863391 0.090069 -0.496431 -12.189629
-0.487329 0.123831 0.864393 62.261928 0.142009 0.987955 -0.061470 -5.806965 -0.861594 0.092796 -0.499044 -12.678874
-0.491230 0.123591 0.862217 63.110274 0.143637 0.987824 -0.059761 -5.885274 -0.859105 0.094490 -0.503001 -13.176418
-0.496573 0.123246 0.859201 63.964167 0.141857 0.988082 -0.059747 -5.962555 -0.856325 0.092215 -0.508138 -13.688037
-0.502275 0.121601 0.856115 64.821418 0.139188 0.988522 -0.058748 -6.039433 -0.853432 0.089654 -0.513435 -14.206030
-0.507495 0.119027 0.853394 65.677728 0.138450 0.988809 -0.055581 -6.116188 -0.850459 0.089946 -0.518294 -14.727366
-0.512229 0.122148 0.850118 66.503444 0.141801 0.988278 -0.056559 -6.189125 -0.847062 0.091577 -0.523545 -15.242137
-0.516954 0.123336 0.847081 67.333457 0.143990 0.987995 -0.055979 -6.261860 -0.843816 0.093032 -0.528506 -15.763748
-0.521253 0.123812 0.844373 68.133807 0.146823 0.987677 -0.054187 -6.330291 -0.840677 0.095728 -0.533008 -16.270587
-0.524707 0.122771 0.842383 68.927529 0.148386 0.987587 -0.051506 -6.395812 -0.838251 0.097972 -0.536411 -16.776460
-0.528186 0.122189 0.840291 69.707917 0.147559 0.987744 -0.050878 -6.454907 -0.836209 0.097120 -0.539742 -17.280947
-0.531783 0.118578 0.838538 70.515621 0.139448 0.988894 -0.051405 -6.516232 -0.835321 0.089596 -0.542412 -17.806688
-0.535024 0.113632 0.837160 71.338303 0.130174 0.990168 -0.051207 -6.582912 -0.834748 0.081580 -0.544555 -18.344268
-0.536970 0.113731 0.835900 72.156976 0.127808 0.990401 -0.052650 -6.657772 -0.833863 0.078563 -0.546351 -18.880819
-0.537515 0.116342 0.835190 72.953652 0.132966 0.989740 -0.052296 -6.732532 -0.832705 0.082942 -0.547470 -19.398948
-0.537945 0.121447 0.834186 73.723022 0.139681 0.988730 -0.053870 -6.800751 -0.831327 0.087541 -0.548846 -19.904593
-0.538588 0.126832 0.832969 74.493237 0.140561 0.988277 -0.059595 -6.871967 -0.830762 0.084986 -0.550101 -20.419327
-0.538991 0.128747 0.832414 75.272239 0.140034 0.988193 -0.062168 -6.948353 -0.830589 0.083058 -0.550656 -20.935016
-0.538960 0.125403 0.832944 76.057650 0.136845 0.988754 -0.060315 -7.021221 -0.831141 0.081477 -0.550060 -21.445621
-0.539005 0.121778 0.833452 76.849624 0.131927 0.989487 -0.059257 -7.091013 -0.831906 0.078015 -0.549404 -21.960359
-0.539050 0.115756 0.834281 77.662519 0.125951 0.990452 -0.056044 -7.165545 -0.832803 0.074868 -0.548483 -22.483491
-0.538303 0.107130 0.835914 78.472831 0.124598 0.991104 -0.046782 -7.232900 -0.833489 0.078971 -0.546863 -22.994213
-0.536796 0.100659 0.837686 79.286778 0.122959 0.991591 -0.040359 -7.290485 -0.834704 0.081337 -0.544659 -23.507572
-0.535010 0.102775 0.838571 80.089870 0.122147 0.991554 -0.043594 -7.347158 -0.835969 0.079106 -0.543045 -24.024696
-0.531744 0.106886 0.840133 80.877147 0.124124 0.991128 -0.047535 -7.408449 -0.837760 0.079004 -0.540293 -24.526386
-0.526132 0.110382 0.843208 81.663176 0.126613 0.990657 -0.050681 -7.471580 -0.840924 0.080096 -0.535192 -25.015623
-0.518895 0.114630 0.847117 82.462012 0.125957 0.990405 -0.056865 -7.541310 -0.845507 0.077194 -0.528354 -25.505225
-0.511220 0.119881 0.851048 83.264174 0.125335 0.990037 -0.064171 -7.617515 -0.850262 0.073860 -0.521152 -25.987440
-0.501619 0.117832 0.857026 84.086789 0.124623 0.990190 -0.063198 -7.697747 -0.856065 0.075104 -0.511383 -26.454605
-0.491140 0.115491 0.863390 84.913145 0.122181 0.990507 -0.062992 -7.777038 -0.862469 0.074551 -0.500589 -26.908858
-0.480500 0.113709 0.869591 85.753633 0.117692 0.990950 -0.064546 -7.858559 -0.869062 0.071330 -0.489534 -27.359380
-0.469511 0.113527 0.875597 86.609455 0.116262 0.991013 -0.066150 -7.942510 -0.875239 0.070740 -0.478491 -27.805310
-0.457777 0.114036 0.881723 87.469760 0.113801 0.991098 -0.069098 -8.030768 -0.881753 0.068709 -0.466680 -28.239993
-0.446069 0.115882 0.887465 88.334273 0.113232 0.990922 -0.072477 -8.124507 -0.887807 0.068160 -0.455141 -28.664310
-0.433555 0.118190 0.893342 89.187436 0.116559 0.990389 -0.074461 -8.222588 -0.893557 0.071845 -0.443164 -29.067292
-0.421359 0.124703 0.898279 90.020061 0.124215 0.989102 -0.079046 -8.315655 -0.898347 0.078273 -0.432257 -29.449787
-0.408336 0.127086 0.903942 90.897762 0.128096 0.988440 -0.081101 -8.411194 -0.903799 0.082675 -0.419895 -29.836256
-0.396786 0.124744 0.909395 91.791360 0.123734 0.988949 -0.081669 -8.510370 -0.909533 0.080118 -0.407836 -30.215782
-0.385341 0.121755 0.914706 92.706446 0.118452 0.989583 -0.081821 -8.615753 -0.915140 0.076820 -0.395749 -30.590682
-0.375126 0.120975 0.919046 93.620076 0.118610 0.989562 -0.081844 -8.729615 -0.919354 0.078306 -0.385559 -30.955066
-0.366196 0.120251 0.922735 94.523630 0.124511 0.989030 -0.079477 -8.839124 -0.922170 0.085787 -0.377151 -31.306333
-0.359453 0.119028 0.925541 95.389170 0.131390 0.988407 -0.076085 -8.932024 -0.923867 0.094257 -0.370924 -31.639030
-0.355087 0.118288 0.927319 96.273300 0.133936 0.988166 -0.074763 -9.020088 -0.925189 0.097655 -0.366728 -31.977426
-0.350980 0.117280 0.929009 97.140244 0.133875 0.988218 -0.074176 -9.105130 -0.926764 0.098337 -0.362545 -32.304573
-0.345661 0.117984 0.930912 97.967023 0.133821 0.988122 -0.075545 -9.185746 -0.928768 0.098462 -0.357344 -32.611448
-0.340292 0.114581 0.933312 98.848500 0.129501 0.988801 -0.074176 -9.271443 -0.931359 0.095623 -0.351320 -32.928085
-0.335309 0.113257 0.935275 99.740306 0.125338 0.989286 -0.074863 -9.359411 -0.933733 0.092123 -0.345912 -33.245035
-0.329741 0.110826 0.937544 100.623003 0.122482 0.989715 -0.073915 -9.449452 -0.936092 0.090460 -0.339924 -33.548285
-0.323433 0.104213 0.940495 101.495231 0.122887 0.990126 -0.067452 -9.534512 -0.938237 0.093758 -0.333046 -33.834293
-0.316139 0.098758 0.943558 102.372799 0.124320 0.990304 -0.061997 -9.615234 -0.940532 0.097704 -0.325351 -34.114828
-0.308961 0.101157 0.945680 103.249025 0.128054 0.989698 -0.064029 -9.690407 -0.942415 0.101315 -0.318731 -34.399105
-0.301783 0.104111 0.947675 104.116356 0.130755 0.989146 -0.067028 -9.764963 -0.944367 0.103686 -0.312121 -34.673591
-0.295712 0.102765 0.949733 104.996715 0.128754 0.989413 -0.066969 -9.838666 -0.946560 0.102478 -0.305813 -34.941606
-0.289481 0.100878 0.951853 105.896574 0.123456 0.990060 -0.067382 -9.918291 -0.949189 0.098006 -0.299058 -35.207647
-0.282910 0.099082 0.954015 106.787706 0.120275 0.990464 -0.067200 -10.003755 -0.951575 0.095732 -0.292129 -35.463423
-0.275910 0.098648 0.956108 107.680712 0.123574 0.990105 -0.066495 -10.086168 -0.953207 0.099804 -0.285370 -35.714705
-0.269429 0.100078 0.957806 108.585556 0.125856 0.989715 -0.068009 -10.167302 -0.954761 0.102222 -0.279253 -35.966249
-0.262420 0.099111 0.959850 109.484546 0.126520 0.989658 -0.067598 -10.247597 -0.956624 0.103701 -0.272245 -36.206301
-0.255269 0.098870 0.961802 110.390695 0.125760 0.989703 -0.068361 -10.326615 -0.958656 0.103506 -0.265074 -36.441739
-0.247686 0.101991 0.963457 111.298536 0.124057 0.989596 -0.072865 -10.412588 -0.960865 0.101476 -0.257761 -36.673466
-0.240378 0.104572 0.965030 112.218731 0.123692 0.989375 -0.076400 -10.505590 -0.962766 0.101001 -0.250758 -36.900979
-0.233656 0.106037 0.966520 113.123126 0.123376 0.989234 -0.078703 -10.597656 -0.964460 0.100856 -0.244223 -37.117558
-0.227075 0.100306 0.968698 113.979861 0.122982 0.989673 -0.073649 -10.682162 -0.966081 0.102409 -0.237065 -37.307922
-0.221608 0.095778 0.970420 114.845989 0.121839 0.990086 -0.069896 -10.762106 -0.967494 0.102746 -0.231081 -37.497689
-0.216956 0.098506 0.971198 115.734897 0.121006 0.989936 -0.073375 -10.844762 -0.968653 0.101602 -0.226692 -37.699654
-0.212627 0.100381 0.971963 116.609164 0.120909 0.989768 -0.075769 -10.928860 -0.969624 0.101409 -0.222588 -37.893606
-0.207914 0.101584 0.972858 117.468075 0.122059 0.989513 -0.077237 -11.009929 -0.970502 0.102688 -0.218133 -38.078871
-0.202628 0.107159 0.973375 118.317133 0.119608 0.989261 -0.084009 -11.096336 -0.971924 0.099401 -0.213269 -38.263346
-0.197993 0.113689 0.973588 119.167023 0.116528 0.988938 -0.091783 -11.190356 -0.973252 0.095278 -0.209051 -38.445375
-0.193703 0.115332 0.974257 120.019709 0.114854 0.988903 -0.094230 -11.291561 -0.974314 0.093645 -0.204800 -38.618636
-0.189530 0.114373 0.975191 120.856951 0.116483 0.988798 -0.093331 -11.390015 -0.974941 0.095904 -0.200729 -38.780785
-0.186318 0.113543 0.975906 121.738267 0.118725 0.988623 -0.092356 -11.492670 -0.975290 0.098657 -0.197679 -38.949664
-0.184800 0.111500 0.976430 122.586660 0.118447 0.988828 -0.090498 -11.589133 -0.975612 0.098931 -0.195942 -39.110962
-0.184056 0.110358 0.976701 123.449673 0.117069 0.989065 -0.089694 -11.684438 -0.975919 0.097833 -0.194963 -39.276985
-0.183598 0.110483 0.976772 124.319846 0.112021 0.989542 -0.090872 -11.781063 -0.976598 0.092735 -0.194055 -39.446357
-0.182888 0.109665 0.976998 125.189306 0.107287 0.990051 -0.091046 -11.879953 -0.977262 0.088168 -0.192834 -39.614472
-0.182379 0.109578 0.977103 126.062776 0.105187 0.990242 -0.091418 -11.982793 -0.977586 0.086106 -0.192126 -39.782781
-0.181545 0.108906 0.977333 126.992147 0.109425 0.989914 -0.089982 -12.092664 -0.977276 0.090609 -0.191631 -39.958519
-0.181531 0.108302 0.977403 127.857276 0.112703 0.989659 -0.088728 -12.191262 -0.976906 0.094049 -0.191860 -40.121887
-0.181343 0.106045 0.977685 128.732328 0.112592 0.989871 -0.086483 -12.287587 -0.976954 0.094396 -0.191446 -40.284695
-0.181006 0.104572 0.977906 129.612803 0.112125 0.990042 -0.085115 -12.382419 -0.977070 0.094241 -0.190929 -40.449718
-0.180842 0.107474 0.977622 130.490976 0.111950 0.989801 -0.088104 -12.479009 -0.977120 0.093512 -0.191029 -40.619841
-0.179737 0.106202 0.977965 131.347896 0.114392 0.989667 -0.086449 -12.574315 -0.977041 0.096333 -0.190029 -40.778424
-0.178605 0.099390 0.978888 132.182115 0.116775 0.989995 -0.079211 -12.662324 -0.976967 0.100162 -0.188424 -40.925712
-0.177660 0.095590 0.979438 133.025712 0.119534 0.989998 -0.074938 -12.747112 -0.976805 0.103763 -0.187309 -41.077288
-0.177407 0.098412 0.979204 133.883758 0.122613 0.989446 -0.077227 -12.832457 -0.976470 0.106363 -0.187601 -41.238850
-0.177029 0.099838 0.979128 134.747051 0.123329 0.989251 -0.078572 -12.919289 -0.976448 0.106845 -0.187439 -41.399171
-0.175537 0.099851 0.979396 135.617037 0.124229 0.989138 -0.078579 -13.007693 -0.976603 0.107875 -0.186035 -41.556826
-0.174729 0.106966 0.978789 136.475191 0.121931 0.988781 -0.086292 -13.096076 -0.977038 0.104267 -0.185811 -41.720797
-0.173575 0.111331 0.978507 137.386098 0.117596 0.988824 -0.091645 -13.198030 -0.977775 0.099161 -0.184727 -41.891741
-0.172754 0.114789 0.978253 138.267881 0.111425 0.989088 -0.096383 -13.306231 -0.978642 0.092352 -0.183659 -42.056228
-0.169508 0.116603 0.978606 139.127640 0.110626 0.988952 -0.098674 -13.413469 -0.979300 0.091534 -0.180535 -42.208172
-0.164299 0.118589 0.979256 139.948824 0.115314 0.988249 -0.100331 -13.519565 -0.979647 0.096438 -0.176043 -42.347574
-0.157757 0.120865 0.980053 140.763844 0.117823 0.987695 -0.102841 -13.619713 -0.980424 0.099249 -0.170056 -42.479086
-0.149556 0.121853 0.981216 141.596229 0.117685 0.987517 -0.104698 -13.720764 -0.981725 0.099816 -0.162030 -42.603596
-0.140813 0.123372 0.982319 142.442632 0.112150 0.987807 -0.107984 -13.830407 -0.983664 0.094962 -0.152932 -42.722842
-0.129522 0.127225 0.983381 143.281512 0.109307 0.987523 -0.113364 -13.946282 -0.985534 0.092807 -0.141812 -42.830834
-0.116064 0.131840 0.984453 144.115548 0.110367 0.986725 -0.119132 -14.062718 -0.987091 0.094824 -0.129074 -42.925908
-0.102221 0.131854 0.985984 144.966210 0.109580 0.986637 -0.120581 -14.185180 -0.988708 0.095719 -0.115304 -43.005587
-0.088497 0.133986 0.987024 145.818104 0.107622 0.986397 -0.124251 -14.310637 -0.990245 0.095229 -0.101712 -43.077006
-0.075176 0.133328 0.988216 146.698197 0.106949 0.986383 -0.124945 -14.448461 -0.991418 0.096296 -0.088412 -43.136364
-0.060855 0.130851 0.989532 147.506797 0.111505 0.986056 -0.123534 -14.575081 -0.991899 0.102820 -0.074597 -43.174643
-0.046427 0.125338 0.991027 148.289938 0.119152 0.985709 -0.119083 -14.688922 -0.991790 0.112555 -0.060697 -43.196817
-0.031487 0.123361 0.991862 149.068906 0.125532 0.984985 -0.118521 -14.794396 -0.991590 0.120779 -0.046500 -43.211183
-0.018947 0.123514 0.992162 149.849030 0.124521 0.984906 -0.120232 -14.898646 -0.992036 0.121267 -0.034041 -43.220401
-0.007588 0.120170 0.992724 150.644515 0.118935 0.985815 -0.118424 -15.010097 -0.992873 0.117171 -0.021773 -43.216979
0.003067 0.116857 0.993144 151.435622 0.115154 0.986501 -0.116430 -15.124999 -0.993343 0.114721 -0.010431 -43.205036
0.012761 0.114263 0.993368 152.187399 0.120228 0.986067 -0.114967 -15.235929 -0.992664 0.120898 -0.001154 -43.190199
0.020252 0.111364 0.993573 152.932317 0.127272 0.985405 -0.113042 -15.333524 -0.991661 0.128743 0.005783 -43.172647
0.023583 0.108744 0.993790 153.703778 0.129666 0.985337 -0.110896 -15.427200 -0.991277 0.131476 0.009137 -43.154966
0.023653 0.106525 0.994028 154.466388 0.124606 0.986239 -0.108655 -15.522540 -0.991924 0.126432 0.010054 -43.142122
0.021549 0.105099 0.994228 155.249264 0.120958 0.986880 -0.106944 -15.621275 -0.992424 0.122564 0.008554 -43.133834
0.018381 0.105896 0.994207 156.032964 0.118068 0.987188 -0.107331 -15.720419 -0.992835 0.119357 0.005642 -43.131702
0.015230 0.108522 0.993977 156.824858 0.118700 0.986867 -0.109565 -15.822766 -0.992813 0.119654 0.002148 -43.134565
0.010967 0.109734 0.993900 157.620666 0.119226 0.986726 -0.110257 -15.924791 -0.992806 0.119708 -0.002262 -43.140443
0.006146 0.108048 0.994126 158.409312 0.118042 0.987116 -0.108016 -16.024191 -0.992989 0.118012 -0.006687 -43.146536
0.001077 0.107639 0.994189 159.189422 0.118537 0.987167 -0.107007 -16.120869 -0.992949 0.117964 -0.011696 -43.158713
-0.005100 0.105899 0.994364 159.972438 0.117246 0.987582 -0.104575 -16.213710 -0.993090 0.116052 -0.017453 -43.173847
-0.011276 0.106932 0.994202 160.756226 0.115478 0.987752 -0.104929 -16.308190 -0.993246 0.113626 -0.023486 -43.196549
-0.016974 0.106479 0.994170 161.529132 0.115802 0.987831 -0.103823 -16.403661 -0.993127 0.113364 -0.029097 -43.220904
-0.022124 0.105202 0.994205 162.300699 0.117581 0.987820 -0.101910 -16.499006 -0.992817 0.114645 -0.034224 -43.248047
-0.025980 0.104794 0.994154 163.061228 0.120239 0.987598 -0.100961 -16.593797 -0.992405 0.116913 -0.038258 -43.276849
-0.028361 0.104669 0.994102 163.814225 0.122955 0.987316 -0.100446 -16.684421 -0.992007 0.119382 -0.040870 -43.307357
-0.029817 0.107394 0.993769 164.567854 0.124953 0.986813 -0.102893 -16.769750 -0.991714 0.121107 -0.042843 -43.341704
-0.029579 0.110457 0.993440 165.305113 0.123434 0.986672 -0.106029 -16.858135 -0.991912 0.119488 -0.042819 -43.374025
-0.026272 0.112650 0.993287 166.036437 0.119794 0.986825 -0.108748 -16.951112 -0.992451 0.116132 -0.039421 -43.399041
-0.018697 0.113525 0.993359 166.748563 0.119503 0.986664 -0.110511 -17.043476 -0.992658 0.116643 -0.032014 -43.411679
-0.007738 0.116577 0.993151 167.431261 0.119898 0.986124 -0.114818 -17.133092 -0.992756 0.118188 -0.021607 -43.414592
0.006175 0.119923 0.992764 168.120066 0.119404 0.985591 -0.119800 -17.225798 -0.992826 0.119280 -0.008233 -43.404587
0.021091 0.119623 0.992595 168.796792 0.115416 0.985887 -0.121267 -17.319278 -0.993093 0.117119 0.006987 -43.378729
0.036597 0.115832 0.992594 169.473470 0.108788 0.986895 -0.119178 -17.413003 -0.993391 0.112344 0.023516 -43.337682
0.052303 0.115116 0.991974 170.149434 0.100586 0.987675 -0.119920 -17.505832 -0.993552 0.106051 0.040080 -43.288015
0.068500 0.114614 0.991045 170.819465 0.091646 0.988456 -0.120649 -17.597880 -0.993433 0.099090 0.057205 -43.224923
0.085118 0.115146 0.989695 171.493760 0.082422 0.989082 -0.122163 -17.695136 -0.992956 0.091971 0.074699 -43.149863
0.101650 0.114398 0.988220 172.146552 0.074887 0.989668 -0.122268 -17.791849 -0.991997 0.086433 0.092033 -43.064554
0.119279 0.113944 0.986300 172.797786 0.070960 0.989874 -0.122938 -17.888839 -0.990322 0.084652 0.109986 -42.967037
0.136895 0.115569 0.983821 173.449503 0.067913 0.989739 -0.125714 -17.986387 -0.988255 0.084024 0.127642 -42.859461
0.153759 0.114506 0.981451 174.094271 0.065259 0.989917 -0.125717 -18.082869 -0.985951 0.083379 0.144737 -42.738356
0.169558 0.110825 0.979269 174.736550 0.061730 0.990511 -0.122785 -18.177160 -0.983585 0.081269 0.161108 -42.605066
0.183789 0.109507 0.976847 175.377464 0.056855 0.990927 -0.121782 -18.268681 -0.981320 0.077920 0.175895 -42.466945
0.195482 0.112930 0.974183 176.012211 0.052696 0.990703 -0.125419 -18.361019 -0.979290 0.075853 0.187714 -42.331001
0.206084 0.115014 0.971751 176.644273 0.050756 0.990475 -0.127994 -18.461072 -0.977217 0.075699 0.198283 -42.188950
0.216435 0.110630 0.970008 177.256690 0.052458 0.990806 -0.124707 -18.559967 -0.974886 0.077876 0.208642 -42.037449
0.227053 0.104891 0.968217 177.853669 0.057738 0.990984 -0.120898 -18.650561 -0.972169 0.083353 0.218950 -41.883152
0.236986 0.103117 0.966025 178.412478 0.066903 0.990258 -0.122116 -18.731520 -0.969207 0.093570 0.227778 -41.738294
0.245374 0.106640 0.963545 178.974724 0.073520 0.989021 -0.128183 -18.809915 -0.966636 0.102292 0.234840 -41.593653
0.251557 0.108367 0.961756 179.556523 0.070947 0.988973 -0.129991 -18.890490 -0.965238 0.100933 0.241096 -41.438169
0.256867 0.107642 0.960433 180.128742 0.061781 0.989916 -0.127469 -18.971708 -0.964470 0.092079 0.247627 -41.276618
0.260066 0.106948 0.959649 180.728807 0.049403 0.991072 -0.123838 -19.058933 -0.964326 0.079616 0.252461 -41.107358
0.261598 0.108894 0.959014 181.338685 0.041028 0.991462 -0.123770 -19.152956 -0.964304 0.071725 0.254897 -40.940486
0.262523 0.112449 0.958351 181.938085 0.042062 0.990908 -0.127791 -19.242377 -0.964008 0.073858 0.255407 -40.783081
0.263992 0.115293 0.957609 182.527767 0.045130 0.990266 -0.131666 -19.332834 -0.963468 0.077976 0.256219 -40.626692
0.265424 0.118009 0.956882 183.109823 0.045346 0.989854 -0.134653 -19.422670 -0.963065 0.079131 0.257380 -40.469436
0.266859 0.116972 0.956610 183.707698 0.042319 0.990227 -0.132888 -19.515227 -0.962806 0.075945 0.259301 -40.300216
0.268629 0.117558 0.956043 184.312124 0.038427 0.990427 -0.132583 -19.607310 -0.962477 0.072353 0.261540 -40.129135
0.270959 0.119351 0.955163 184.916586 0.033060 0.990544 -0.133150 -19.702817 -0.962023 0.067656 0.264452 -39.955436
0.274940 0.121269 0.953782 185.528478 0.029936 0.990453 -0.134561 -19.801927 -0.960995 0.065548 0.268685 -39.775957
0.280850 0.123507 0.951771 186.134444 0.027333 0.990253 -0.136566 -19.899836 -0.959362 0.064369 0.274737 -39.592967
0.288138 0.125392 0.949343 186.753377 0.023337 0.990175 -0.137868 -20.002762 -0.957304 0.061880 0.282381 -39.397385
0.297562 0.127754 0.946116 187.375836 0.021004 0.989890 -0.140271 -20.109968 -0.954471 0.061611 0.291871 -39.191890
0.308547 0.125617 0.942878 187.973537 0.021230 0.990085 -0.138854 -20.214015 -0.950972 0.062860 0.302821 -38.980407
0.320226 0.123349 0.939276 188.563299 0.023009 0.990181 -0.137878 -20.315002 -0.947061 0.065764 0.314244 -38.763180
0.332024 0.121790 0.935375 189.153443 0.023912 0.990224 -0.137420 -20.413046 -0.942968 0.067993 0.325866 -38.538502
0.343442 0.122631 0.931133 189.743889 0.023165 0.990031 -0.138932 -20.509305 -0.938888 0.069285 0.337177 -38.307135
0.354121 0.123947 0.926949 190.348249 0.018546 0.990052 -0.139470 -20.611324 -0.935015 0.066581 0.348300 -38.062365
0.365113 0.123670 0.922712 190.949754 0.015022 0.990225 -0.138663 -20.713279 -0.930842 0.064488 0.359686 -37.808200
0.376120 0.122292 0.918465 191.563931 0.012235 0.990510 -0.136895 -20.815203 -0.926490 0.062727 0.371054 -37.538631
0.385282 0.119535 0.915024 192.180440 0.007896 0.991111 -0.132800 -20.917209 -0.922765 0.058390 0.380913 -37.260390
0.392501 0.116266 0.912373 192.797191 0.006553 0.991599 -0.129181 -21.015414 -0.919728 0.056683 0.388442 -36.980438
0.396507 0.117391 0.910495 193.445214 0.002807 0.991631 -0.129074 -21.118284 -0.918027 0.053735 0.392859 -36.691750
0.398407 0.120826 0.909215 194.102682 -0.000210 0.991297 -0.131642 -21.224592 -0.917209 0.052256 0.394965 -36.403198
0.398706 0.123635 0.908706 194.766918 0.002811 0.990701 -0.136025 -21.333705 -0.917074 0.056789 0.394652 -36.118131
0.398059 0.124721 0.908841 195.427803 0.004359 0.990446 -0.137829 -21.445092 -0.917349 0.058826 0.393713 -35.832045
0.397662 0.126615 0.908753 196.105546 0.007668 0.989939 -0.141282 -21.558950 -0.917500 0.063150 0.392691 -35.541781
0.397047 0.129628 0.908597 196.792041 0.007083 0.989513 -0.144267 -21.675506 -0.917771 0.063716 0.391966 -35.246562
0.395359 0.134176 0.908673 197.495108 0.002651 0.989102 -0.147206 -21.799182 -0.918523 0.060608 0.390695 -34.944957
0.393623 0.135748 0.909193 198.194765 0.000150 0.989027 -0.147733 -21.925723 -0.919272 0.058288 0.389284 -34.643250
0.392107 0.137267 0.909620 198.856844 -0.001738 0.988913 -0.148483 -22.048673 -0.919918 0.056640 0.387999 -34.358705
0.390980 0.136599 0.910206 199.557183 -0.001933 0.989045 -0.147600 -22.176358 -0.920397 0.055950 0.386961 -34.056496
0.389211 0.135715 0.911096 200.269028 -0.002353 0.989230 -0.146349 -22.304670 -0.921145 0.054817 0.385339 -33.751218
0.387991 0.134387 0.911812 200.980586 -0.000711 0.989356 -0.145513 -22.433678 -0.921663 0.055809 0.383957 -33.447363
0.387696 0.133108 0.912125 201.680660 0.003693 0.989286 -0.145938 -22.560105 -0.921780 0.059948 0.383052 -33.149936
0.388103 0.130245 0.912366 202.387342 0.010152 0.989299 -0.145547 -22.683872 -0.921560 0.065750 0.382627 -32.849358
0.387557 0.127544 0.912979 203.095116 0.012180 0.989587 -0.143416 -22.807482 -0.921765 0.066702 0.381968 -32.547581
0.385851 0.127730 0.913676 203.808162 0.009161 0.989789 -0.142240 -22.931444 -0.922515 0.063254 0.380741 -32.245150
0.384158 0.127570 0.914411 204.513713 0.005390 0.990081 -0.140391 -23.056085 -0.923251 0.058861 0.379660 -31.944573
0.381470 0.124379 0.915974 205.221067 0.005426 0.990588 -0.136770 -23.176613 -0.924365 0.057143 0.377205 -31.645224
0.376707 0.122248 0.918230 205.938794 0.005494 0.990941 -0.134182 -23.297016 -0.926316 0.055591 0.372623 -31.351502
0.369589 0.122932 0.921027 206.651461 0.005272 0.990916 -0.134376 -23.414094 -0.929180 0.054520 0.365584 -31.072948
0.360568 0.123694 0.924494 207.357749 0.006667 0.990800 -0.135166 -23.533243 -0.932709 0.054900 0.356427 -30.808469
0.350661 0.125211 0.928094 208.073038 0.010171 0.990454 -0.137467 -23.654427 -0.936447 0.057644 0.346040 -30.553388
0.340602 0.123324 0.932084 208.759107 0.014805 0.990534 -0.136467 -23.768335 -0.940091 0.060280 0.335553 -30.315557
0.329155 0.121699 0.936400 209.447174 0.015634 0.990821 -0.134268 -23.875708 -0.944146 0.058835 0.324232 -30.087716
0.317857 0.128548 0.939383 210.151896 0.010853 0.990208 -0.139175 -23.987271 -0.948076 0.054433 0.313350 -29.870992
0.307916 0.135023 0.941783 210.870393 0.005061 0.989632 -0.143538 -24.108131 -0.951400 0.048964 0.304040 -29.652879
0.300161 0.137096 0.943985 211.583999 0.001099 0.989567 -0.144066 -24.228002 -0.953888 0.044280 0.296879 -29.433744
0.295576 0.133437 0.945954 212.298403 -0.000463 0.990217 -0.139536 -24.346395 -0.955319 0.040806 0.292746 -29.207767
0.292610 0.134886 0.946670 213.014039 -0.001505 0.990065 -0.140603 -24.466068 -0.956231 0.039717 0.289906 -28.988693
0.290804 0.135848 0.947089 213.729740 -0.001844 0.989946 -0.141429 -24.587756 -0.956781 0.039382 0.288131 -28.768815
0.289975 0.134444 0.947543 214.442536 0.000270 0.990072 -0.140561 -24.709193 -0.957034 0.041014 0.287060 -28.546799
0.289761 0.131350 0.948043 215.147222 0.001449 0.990476 -0.137672 -24.825826 -0.957098 0.041265 0.286811 -28.323932
0.290335 0.131146 0.947895 215.865112 0.000684 0.990535 -0.137255 -24.941411 -0.956925 0.040498 0.287498 -28.099226
0.291555 0.130705 0.947582 216.577622 -0.001009 0.990662 -0.136337 -25.058629 -0.956553 0.038793 0.288964 -27.873696
0.292349 0.132869 0.947036 217.305692 -0.002455 0.990402 -0.138196 -25.180559 -0.956308 0.038076 0.289869 -27.645970
0.293834 0.136069 0.946122 218.034438 -0.002573 0.989925 -0.141570 -25.304526 -0.955853 0.039164 0.291224 -27.417971
0.296517 0.136950 0.945157 218.748785 -0.004203 0.989842 -0.142106 -25.426415 -0.955018 0.038164 0.294081 -27.187457
0.300212 0.135102 0.944256 219.472939 -0.006845 0.990198 -0.139499 -25.546360 -0.953848 0.035416 0.298195 -26.945257
0.304603 0.135324 0.942817 220.190201 -0.012377 0.990334 -0.138146 -25.666316 -0.952399 0.030411 0.303334 -26.702251
0.308829 0.135554 0.941408 220.941075 -0.017612 0.990437 -0.136836 -25.795295 -0.950954 0.025679 0.308264 -26.443240
0.312712 0.134257 0.940311 221.713406 -0.018753 0.990640 -0.135207 -25.927038 -0.949663 0.024647 0.312303 -26.172104
0.317405 0.128874 0.939492 222.484341 -0.016686 0.991328 -0.130348 -26.056402 -0.948143 0.025696 0.316803 -25.891933
0.322273 0.123262 0.938587 223.249835 -0.013278 0.991977 -0.125714 -26.177985 -0.946553 0.028051 0.321325 -25.610357
0.327013 0.118893 0.937510 224.020941 -0.012336 0.992506 -0.121565 -26.294939 -0.944939 0.028188 0.326030 -25.324734
0.331127 0.117144 0.936286 224.795513 -0.014023 0.992765 -0.119251 -26.413044 -0.943482 0.026358 0.330374 -25.037294
0.335086 0.114639 0.935187 225.563806 -0.012880 0.993035 -0.117115 -26.528838 -0.942099 0.027198 0.334229 -24.748775
0.339139 0.113739 0.933835 226.321094 -0.010865 0.993071 -0.117008 -26.642604 -0.940673 0.029536 0.338025 -24.462517
0.343150 0.114265 0.932304 227.087320 -0.011492 0.993009 -0.117475 -26.757126 -0.939210 0.029598 0.342064 -24.169879
0.347075 0.114663 0.930801 227.861409 -0.013498 0.993005 -0.117293 -26.873419 -0.937740 0.028145 0.346196 -23.871430
0.351387 0.117485 0.928829 228.626122 -0.012901 0.992608 -0.120671 -26.988870 -0.936141 0.030420 0.350305 -23.576712
0.355512 0.119870 0.926953 229.380076 -0.012037 0.992247 -0.123697 -27.106526 -0.934594 0.032818 0.354199 -23.281374
0.359558 0.118006 0.925630 230.119760 -0.010960 0.992437 -0.122266 -27.220652 -0.933058 0.033816 0.358133 -22.981498
0.363415 0.115312 0.924463 230.857212 -0.013970 0.992873 -0.118353 -27.334306 -0.931522 0.030097 0.362437 -22.676473
0.367868 0.113577 0.922915 231.558977 -0.016162 0.993143 -0.115778 -27.442673 -0.929737 0.027675 0.367181 -22.383276
0.372328 0.114109 0.921059 232.275222 -0.012799 0.992950 -0.117841 -27.556580 -0.928013 0.032087 0.371164 -22.085851
0.377723 0.111400 0.919193 232.971503 -0.005708 0.992997 -0.117999 -27.661374 -0.925901 0.039324 0.375714 -21.790457
0.381882 0.103759 0.918368 233.670124 -0.001621 0.993751 -0.111601 -27.755550 -0.924209 0.041130 0.379665 -21.482982
0.385171 0.100576 0.917348 234.376370 -0.005851 0.994289 -0.106555 -27.845429 -0.922826 0.035674 0.383560 -21.171292
0.386386 0.106661 0.916149 235.136603 -0.016960 0.993944 -0.108565 -27.944005 -0.922181 0.026410 0.385856 -20.847829
0.387502 0.114337 0.914750 235.894441 -0.028736 0.993294 -0.111982 -28.045912 -0.921420 0.017107 0.388190 -20.523276
0.387934 0.116692 0.914270 236.661929 -0.037768 0.993132 -0.110733 -28.157344 -0.920913 0.008427 0.389677 -20.186411
0.390021 0.116263 0.913436 237.434734 -0.040543 0.993203 -0.109105 -28.272477 -0.919913 0.005520 0.392084 -19.843126
0.393892 0.114472 0.912000 238.180098 -0.035928 0.993374 -0.109168 -28.382834 -0.918454 0.010234 0.395395 -19.509861
0.399012 0.112746 0.909987 238.904255 -0.029620 0.993478 -0.110103 -28.486528 -0.916467 0.016978 0.399750 -19.182124
0.403936 0.110892 0.908041 239.623899 -0.025171 0.993597 -0.110143 -28.587337 -0.914441 0.021634 0.404141 -18.850771
0.408492 0.111175 0.905966 240.323141 -0.022346 0.993475 -0.111838 -28.687965 -0.912488 0.025440 0.408311 -18.526199
0.413028 0.110492 0.903990 241.011968 -0.020047 0.993475 -0.112270 -28.785775 -0.910497 0.028249 0.412548 -18.201727
0.417030 0.111855 0.901983 241.726195 -0.021435 0.993333 -0.113272 -28.885427 -0.908640 0.027904 0.416647 -17.862435
0.420092 0.116202 0.900010 242.448889 -0.026724 0.992922 -0.115724 -28.989070 -0.907087 0.024563 0.420225 -17.517432
0.422279 0.120171 0.898464 243.178930 -0.032340 0.992540 -0.117554 -29.096415 -0.905888 0.020584 0.423016 -17.167076
0.424128 0.123703 0.897113 243.904333 -0.037892 0.992183 -0.118898 -29.204672 -0.904809 0.016435 0.425501 -16.816520
0.425831 0.127256 0.895809 244.640089 -0.042830 0.991785 -0.120530 -29.315472 -0.903788 0.012957 0.427784 -16.458954
0.426644 0.131124 0.894863 245.404787 -0.049628 0.991338 -0.121599 -29.433650 -0.903056 0.007470 0.429456 -16.085119
0.428191 0.130775 0.894175 246.156658 -0.050455 0.991390 -0.120832 -29.555836 -0.902278 0.006623 0.431103 -15.713694
0.431379 0.118544 0.894348 246.860465 -0.041649 0.992889 -0.111516 -29.665850 -0.901208 0.010857 0.433249 -15.352478
0.434146 0.110967 0.893981 247.570560 -0.027439 0.993552 -0.110002 -29.769370 -0.900424 0.023227 0.434392 -14.996485
0.436064 0.107264 0.893500 248.282686 -0.018998 0.993747 -0.110027 -29.862855 -0.899714 0.031005 0.435376 -14.641168
0.435826 0.108561 0.893459 249.008501 -0.021510 0.993671 -0.110245 -29.962327 -0.899773 0.028830 0.435403 -14.281446
0.435589 0.110918 0.893285 249.740577 -0.027570 0.993557 -0.109924 -30.066622 -0.899723 0.023254 0.435841 -13.916071
0.436521 0.112121 0.892680 250.463176 -0.028445 0.993428 -0.110866 -30.174088 -0.899244 0.023003 0.436842 -13.554832
